        0,        0.011, 0.273,  0.000,   0,   0, 0
        1,        0.060, 0.279,  0.000,   0,   0, 0
        2,        0.068, 0.288,  0.000,   0,   0, 0
        3,        0.076, 0.288,  0.000,   0,   0, 0
        4,        0.086, 0.288,  0.000,   0,   0, 0
        5,        0.094, 0.295,  0.000,   0,   0, 0
        6,        0.101, 0.287,  0.000,   0,   0, 0
        7,        0.109, 0.288,  0.000,   0,   0, 0
        8,        0.117, 0.286,  0.000,   0,   0, 0
        9,        0.125, 0.288,  0.000,   0,   0, 0
       10,        0.132, 0.285,  0.000,   0,   0, 0
       11,        0.166, 0.288,  0.000,   0,   0, 0
       12,        0.173, 0.289,  0.000,   0,   0, 0
       13,        0.180, 0.265,  0.000,   0,   0, 0
       14,        0.188, 0.277,  0.000,   0,   0, 0
       15,        0.196, 0.279,  0.000,   0,   0, 0
       16,        0.204, 0.266,  0.000,   0,   0, 0
       17,        0.211, 0.279,  0.000,   0,   0, 0
       18,        0.220, 0.266,  0.000,   0,   0, 0
       19,        0.227, 0.280,  0.000,   0,   0, 0
       20,        0.234, 0.239,  0.000,   0,   0, 0
       21,        0.265, 0.288,  0.000,   0,   0, 0
       22,        0.275, 0.273,  0.000,   0,   0, 0
       23,        0.283, 0.288,  0.000,   0,   0, 0
       24,        0.292, 0.279,  0.000,   0,   0, 0
       25,        0.302, 0.288,  0.000,   0,   0, 0
       26,        0.310, 0.287,  0.000,   0,   0, 0
       27,        0.317, 0.273,  0.000,   0,   0, 0
       28,        0.325, 0.277,  0.000,   0,   0, 0
       29,        0.331, 0.263,  0.000,   0,   0, 0
       30,        0.340, 0.272,  0.000,   0,   0, 0
       31,        0.370, 0.297,  0.000,   0,   0, 0
       32,        0.379, 0.253,  0.000,   0,   0, 0
       33,        0.388, 0.281,  0.000,   0,   0, 0
       34,        0.397, 0.268,  0.000,   0,   0, 0
       35,        0.405, 0.268,  0.000,   0,   0, 0
       36,        0.414, 0.267,  0.000,   0,   0, 0
       37,        0.422, 0.282,  0.000,   0,   0, 0
       38,        0.427, 0.266,  0.000,   0,   0, 0
       39,        0.434, 0.309,  0.000,   0,   0, 0
       40,        0.440, 0.285,  0.000,   0,   0, 0
       41,        0.470, 0.301,  0.000,   0,   0, 0
       42,        0.476, 0.299,  0.000,   0,   0, 0
       43,        0.481, 0.297,  0.000,   0,   0, 0
       44,        0.489, 0.281,  0.000,   0,   0, 0
       45,        0.494, 0.272,  0.000,   0,   0, 0
       46,        0.500, 0.330,  0.000,   0,   0, 0
       47,        0.506, 0.293,  0.000,   0,   0, 0
       48,        0.512, 0.298,  0.000,   0,   0, 0
       49,        0.521, 0.309,  0.000,   0,   0, 0
       50,        0.530, 0.321,  0.000,   0,   0, 0
       51,        0.561, 0.313,  0.000,   0,   0, 0
       52,        0.569, 0.319,  0.000,   0,   0, 0
       53,        0.576, 0.330,  0.000,   0,   0, 0
       54,        0.583, 0.312,  0.000,   0,   0, 0
       55,        0.592, 0.298,  0.000,   0,   0, 0
       56,        0.601, 0.320,  0.000,   0,   0, 0
       57,        0.609, 0.300,  0.000,   0,   0, 0
       58,        0.617, 0.293,  0.000,   0,   0, 0
       59,        0.626, 0.297,  0.000,   0,   0, 0
       60,        0.633, 0.293,  0.000,   0,   0, 0
       61,        0.667, 0.314,  0.000,   0,   0, 0
       62,        0.677, 0.329,  0.000,   0,   0, 0
       63,        0.685, 0.307,  0.000,   0,   0, 0
       64,        0.695, 0.294,  0.000,   0,   0, 0
       65,        0.704, 0.284,  0.000,   0,   0, 0
       66,        0.710, 0.305,  0.000,   0,   0, 0
       67,        0.716, 0.306,  0.000,   0,   0, 0
       68,        0.723, 0.284,  0.000,   0,   0, 0
       69,        0.729, 0.292,  0.000,   0,   0, 0
       70,        0.735, 0.309,  0.000,   0,   0, 0
       71,        0.763, 0.334,  0.000,   0,   0, 0
       72,        0.770, 0.313,  0.000,   0,   0, 0
       73,        0.778, 0.335,  0.000,   0,   0, 0
       74,        0.787, 0.326,  0.000,   0,   0, 0
       75,        0.795, 0.312,  0.000,   0,   0, 0
       76,        0.801, 0.324,  0.000,   0,   0, 0
       77,        0.807, 0.325,  0.000,   0,   0, 0
       78,        0.814, 0.334,  0.000,   0,   0, 0
       79,        0.821, 0.287,  0.000,   0,   0, 0
       80,        0.827, 0.277,  0.000,   0,   0, 0
       81,        0.855, 0.291,  0.000,   0,   0, 0
       82,        0.861, 0.276,  0.000,   0,   0, 0
       83,        0.867, 0.311,  0.000,   0,   0, 0
       84,        0.873, 0.277,  0.000,   0,   0, 0
       85,        0.879, 0.251,  0.000,   0,   0, 0
       86,        0.884, 0.278,  0.000,   0,   0, 0
       87,        0.890, 0.313,  0.000,   0,   0, 0
       88,        0.898, 0.279,  0.000,   0,   0, 0
       89,        0.909, 0.286,  0.000,   0,   0, 0
       90,        0.917, 0.264,  0.000,   0,   0, 0
       91,        0.948, 0.256,  0.000,   0,   0, 0
       92,        0.956, 0.278,  0.000,   0,   0, 0
       93,        0.963, 0.278,  0.000,   0,   0, 0
       94,        0.974, 0.283,  0.000,   0,   0, 0
       95,        0.981, 0.285,  0.000,   0,   0, 0
       96,        0.988, 0.271,  0.000,   0,   0, 0
       97,        0.993, 0.299,  0.000,   0,   0, 0
       98,        0.999, 0.312,  0.000,   0,   0, 0
       99,        1.007, 0.311,  0.000,   0,   0, 0
      100,        1.017, 0.319,  0.000,   0,   0, 0
      101,        1.057, 0.299,  0.000,   0,   0, 0
      102,        1.066, 0.297,  0.000,   0,   0, 0
      103,        1.074, 0.286,  0.000,   0,   0, 0
      104,        1.082, 0.310,  0.000,   0,   0, 0
      105,        1.093, 0.325,  0.000,   0,   0, 0
      106,        1.100, 0.333,  0.000,   0,   0, 0
      107,        1.107, 0.307,  0.000,   0,   0, 0
      108,        1.112, 0.319,  0.000,   0,   0, 0
      109,        1.120, 0.284,  0.000,   0,   0, 0
      110,        1.126, 0.285,  0.000,   0,   0, 0
      111,        1.156, 0.300,  0.000,   0,   0, 0
      112,        1.164, 0.284,  0.000,   0,   0, 0
      113,        1.173, 0.286,  0.000,   0,   0, 0
      114,        1.179, 0.294,  0.000,   0,   0, 0
      115,        1.185, 0.302,  0.000,   0,   0, 0
      116,        1.191, 0.298,  0.000,   0,   0, 0
      117,        1.198, 0.285,  0.000,   0,   0, 0
      118,        1.205, 0.326,  0.000,   0,   0, 0
      119,        1.212, 0.326,  0.000,   0,   0, 0
      120,        1.220, 0.319,  1.315,   0,   0, 0
      121,        1.249, 0.298,  0.204,   0,   0, 0
      122,        1.255, 0.326,  1.598,   0,   0, 0
      123,        1.261, 0.326,  1.566,   0,   0, 0
      124,        1.266, 0.271, -1.148,   0,   0, 0
      125,        1.273, 0.272, -1.069,   0,   0, 0
      126,        1.281, 0.281, -0.635,   0,   0, 0
      127,        1.288, 0.285, -0.406,   0,   0, 0
      128,        1.294, 0.287, -0.350,   0,   0, 0
      129,        1.301, 0.299,  0.245,   0,   0, 0
      130,        1.306, 0.259, -1.695,   0,   0, 0
      131,        1.335, 0.267, -1.267,   0,   0, 0
      132,        1.340, 0.259, -1.648,   0,   0, 0
      133,        1.346, 0.282, -0.549,   0,   0, 0
      134,        1.353, 0.272, -1.011,   0,   0, 0
      135,        1.360, 0.259, -1.614,   0,   0, 0
      136,        1.366, 0.259, -1.604,   0,   0, 0
      137,        1.372, 0.272, -0.984,   0,   0, 0
      138,        1.378, 0.279, -0.663,   0,   0, 0
      139,        1.385, 0.277, -0.739,   0,   0, 0
      140,        1.391, 0.259, -1.600,   0,   0, 0
      141,        1.420, 0.272, -1.012,   0,   0, 0
      142,        1.427, 0.307,  0.651,   0,   0, 0
      143,        1.434, 0.334,  1.940,   0,   0, 0
      144,        1.442, 0.327,  1.535,   0,   0, 0
      145,        1.448, 0.298,  0.159,   0,   0, 0
      146,        1.455, 0.312,  0.840,   0,   0, 0
      147,        1.460, 0.285, -0.435,   0,   0, 0
      148,        1.467, 0.286, -0.414,   0,   0, 0
      149,        1.473, 0.296,  0.075,   0,   0, 0
      150,        1.479, 0.310,  0.707,   0,   0, 0
      151,        1.508, 0.336,  1.922,   0,   0, 0
      152,        1.513, 0.324,  1.307,   0,   0, 0
      153,        1.520, 0.324,  1.315,   0,   0, 0
      154,        1.525, 0.326,  1.350,   0,   0, 0
      155,        1.531, 0.324,  1.247,   0,   0, 0
      156,        1.537, 0.325,  1.280,   0,   0, 0
      157,        1.544, 0.336,  1.767,   0,   0, 0
      158,        1.555, 0.286, -0.592,   0,   0, 0
      159,        1.561, 0.325,  1.228,   0,   0, 0
      160,        1.567, 0.335,  1.699,   0,   0, 0
      161,        1.595, 0.334,  1.607,   0,   0, 0
      162,        1.602, 0.335,  1.633,   0,   0, 0
      163,        1.608, 0.325,  1.133,   0,   0, 0
      164,        1.613, 0.335,  1.582,   0,   0, 0
      165,        1.619, 0.312,  0.506,   0,   0, 0
      166,        1.625, 0.298, -0.148,   0,   0, 0
      167,        1.631, 0.312,  0.504,   0,   0, 0
      168,        1.638, 0.272, -1.314,   0,   0, 0
      169,        1.643, 0.284, -0.741,   0,   0, 0
      170,        1.649, 0.321,  0.909,   0,   0, 0
      171,        1.678, 0.299, -0.065,   0,   0, 0
      172,        1.684, 0.277, -1.029,   0,   0, 0
      173,        1.690, 0.311,  0.482,   0,   0, 0
      174,        1.696, 0.272, -1.239,   0,   0, 0
      175,        1.702, 0.300,  0.041,   0,   0, 0
      176,        1.709, 0.326,  1.193,   0,   0, 0
      177,        1.714, 0.312,  0.553,   0,   0, 0
      178,        1.720, 0.322,  1.001,   0,   0, 0
      179,        1.726, 0.322,  0.987,   0,   0, 0
      180,        1.732, 0.312,  0.521,   0,   0, 0
      181,        1.761, 0.312,  0.514,   0,   0, 0
      182,        1.768, 0.313,  0.566,   0,   0, 0
      183,        1.773, 0.321,  0.935,   0,   0, 0
      184,        1.779, 0.322,  0.988,   0,   0, 0
      185,        1.785, 0.327,  1.166,   0,   0, 0
      186,        1.791, 0.312,  0.490,   0,   0, 0
      187,        1.797, 0.334,  1.482,   0,   0, 0
      188,        1.803, 0.312,  0.473,   0,   0, 0
      189,        1.811, 0.323,  0.958,   0,   0, 0
      190,        1.819, 0.326,  1.052,   0,   0, 0
      191,        1.846, 0.312,  0.443,   0,   0, 0
      192,        1.853, 0.321,  0.843,   0,   0, 0
      193,        1.859, 0.312,  0.450,   0,   0, 0
      194,        1.865, 0.322,  0.901,   0,   0, 0
      195,        1.872, 0.327,  1.123,   0,   0, 0
      196,        1.878, 0.338,  1.588,   0,   0, 0
      197,        1.883, 0.331,  1.270,   0,   0, 0
      198,        1.890, 0.327,  1.116,   0,   0, 0
      199,        1.895, 0.326,  1.053,   0,   0, 0
      200,        1.902, 0.321,  0.822,   0,   0, 0
      201,        1.930, 0.285, -0.740,   0,   0, 0
      202,        1.938, 0.284, -0.784,   0,   0, 0
      203,        1.946, 0.286, -0.711,   0,   0, 0
      204,        1.953, 0.308,  0.251,   0,   0, 0
      205,        1.960, 0.280, -0.963,   0,   0, 0
      206,        1.966, 0.335,  1.464,   0,   0, 0
      207,        1.973, 0.316,  0.570,   0,   0, 0
      208,        1.978, 0.288, -0.647,   0,   0, 0
      209,        1.985, 0.299, -0.181,   0,   0, 0
      210,        1.991, 0.270, -1.492,   0,   0, 0
      211,        2.019, 0.293, -0.439,   0,   0, 0
      212,        2.025, 0.271, -1.493,   0,   0, 0
      213,        2.031, 0.285, -0.826,   0,   0, 0
      214,        2.038, 0.271, -1.492,   0,   0, 0
      215,        2.044, 0.299, -0.182,   0,   0, 0
      216,        2.050, 0.297, -0.274,   0,   0, 0
      217,        2.058, 0.286, -0.807,   0,   0, 0
      218,        2.065, 0.273, -1.400,   0,   0, 0
      219,        2.071, 0.287, -0.753,   0,   0, 0
      220,        2.078, 0.279, -1.102,   0,   0, 0
      221,        2.106, 0.279, -1.084,   0,   0, 0
      222,        2.113, 0.279, -1.071,   0,   0, 0
      223,        2.119, 0.307,  0.227,   0,   0, 0
      224,        2.125, 0.301, -0.092,   0,   0, 0
      225,        2.131, 0.300, -0.111,   0,   0, 0
      226,        2.137, 0.288, -0.666,   0,   0, 0
      227,        2.143, 0.288, -0.653,   0,   0, 0
      228,        2.149, 0.288, -0.644,   0,   0, 0
      229,        2.155, 0.309,  0.347,   0,   0, 0
      230,        2.161, 0.296, -0.259,   0,   0, 0
      231,        2.189, 0.278, -1.075,   0,   0, 0
      232,        2.196, 0.285, -0.766,   0,   0, 0
      233,        2.204, 0.267, -1.553,   0,   0, 0
      234,        2.211, 0.304,  0.124,   0,   0, 0
      235,        2.217, 0.282, -0.862,   0,   0, 0
      236,        2.223, 0.280, -0.975,   0,   0, 0
      237,        2.229, 0.299, -0.085,   0,   0, 0
      238,        2.235, 0.309,  0.341,   0,   0, 0
      239,        2.241, 0.275, -1.183,   0,   0, 0
      240,        2.247, 0.292, -0.400,   0,   0, 0
      241,        2.275, 0.306,  0.267,   0,   0, 0
      242,        2.281, 0.293, -0.328,   0,   0, 0
      243,        2.287, 0.293, -0.318,   0,   0, 0
      244,        2.293, 0.279, -0.972,   0,   0, 0
      245,        2.299, 0.293, -0.311,   0,   0, 0
      246,        2.305, 0.293, -0.321,   0,   0, 0
      247,        2.311, 0.306,  0.279,   0,   0, 0
      248,        2.319, 0.306,  0.271,   0,   0, 0
      249,        2.325, 0.298, -0.144,   0,   0, 0
      250,        2.331, 0.289, -0.561,   0,   0, 0
      251,        2.359, 0.317,  0.750,   0,   0, 0
      252,        2.365, 0.289, -0.593,   0,   0, 0
      253,        2.371, 0.334,  1.560,   0,   0, 0
      254,        2.377, 0.321,  0.893,   0,   0, 0
      255,        2.383, 0.334,  1.500,   0,   0, 0
      256,        2.389, 0.326,  1.107,   0,   0, 0
      257,        2.395, 0.318,  0.690,   0,   0, 0
      258,        2.401, 0.350,  2.270,   0,   0, 0
      259,        2.408, 0.339,  1.677,   0,   0, 0
      260,        2.413, 0.353,  2.323,   0,   0, 0
      261,        2.443, 0.324,  0.900,   0,   0, 0
      262,        2.452, 0.324,  0.886,   0,   0, 0
      263,        2.459, 0.324,  0.876,   0,   0, 0
      264,        2.464, 0.324,  0.884,   0,   0, 0
      265,        2.471, 0.325,  0.896,   0,   0, 0
      266,        2.477, 0.325,  0.883,   0,   0, 0
      267,        2.483, 0.326,  0.931,   0,   0, 0
      268,        2.489, 0.339,  1.560,   0,   0, 0
      269,        2.494, 0.336,  1.364,   0,   0, 0
      270,        2.501, 0.335,  1.329,   0,   0, 0
      271,        2.528, 0.324,  0.786,   0,   0, 0
      272,        2.535, 0.324,  0.795,   0,   0, 0
      273,        2.541, 0.311,  0.160,   0,   0, 0
      274,        2.547, 0.324,  0.802,   0,   0, 0
      275,        2.554, 0.326,  0.858,   0,   0, 0
      276,        2.561, 0.326,  0.856,   0,   0, 0
      277,        2.569, 0.324,  0.801,   0,   0, 0
      278,        2.577, 0.340,  1.581,   0,   0, 0
      279,        2.584, 0.324,  0.783,   0,   0, 0
      280,        2.590, 0.333,  1.220,   0,   0, 0
      281,        2.619, 0.332,  1.150,   0,   0, 0
      282,        2.625, 0.333,  1.184,   0,   0, 0
      283,        2.631, 0.328,  0.950,   0,   0, 0
      284,        2.637, 0.334,  1.261,   0,   0, 0
      285,        2.643, 0.335,  1.317,   0,   0, 0
      286,        2.649, 0.324,  0.764,   0,   0, 0
      287,        2.655, 0.349,  1.962,   0,   0, 0
      288,        2.661, 0.345,  1.715,   0,   0, 0
      289,        2.667, 0.349,  1.890,   0,   0, 0
      290,        2.673, 0.322,  0.556,   0,   0, 0
      291,        2.701, 0.344,  1.580,   0,   0, 0
      292,        2.709, 0.335,  1.158,   0,   0, 0
      293,        2.716, 0.344,  1.547,   0,   0, 0
      294,        2.722, 0.345,  1.575,   0,   0, 0
      295,        2.728, 0.306, -0.278,   0,   0, 0
      296,        2.734, 0.344,  1.480,   0,   0, 0
      297,        2.740, 0.328,  0.746,   0,   0, 0
      298,        2.746, 0.307, -0.242,   0,   0, 0
      299,        2.752, 0.314,  0.079,   0,   0, 0
      300,        2.758, 0.292, -0.921,   0,   0, 0
      301,        2.786, 0.328,  0.746,   0,   0, 0
      302,        2.792, 0.328,  0.738,   0,   0, 0
      303,        2.799, 0.293, -0.871,   0,   0, 0
      304,        2.806, 0.295, -0.787,   0,   0, 0
      305,        2.811, 0.331,  0.877,   0,   0, 0
      306,        2.817, 0.295, -0.781,   0,   0, 0
      307,        2.823, 0.285, -1.207,   0,   0, 0
      308,        2.830, 0.286, -1.124,   0,   0, 0
      309,        2.837, 0.303, -0.365,   0,   0, 0
      310,        2.844, 0.316,  0.246,   0,   0, 0
      311,        2.872, 0.293, -0.792,   0,   0, 0
      312,        2.878, 0.306, -0.189,   0,   0, 0
      313,        2.884, 0.293, -0.772,   0,   0, 0
      314,        2.890, 0.285, -1.125,   0,   0, 0
      315,        2.895, 0.295, -0.685,   0,   0, 0
      316,        2.902, 0.285, -1.096,   0,   0, 0
      317,        2.908, 0.272, -1.673,   0,   0, 0
      318,        2.914, 0.292, -0.754,   0,   0, 0
      319,        2.920, 0.279, -1.297,   0,   0, 0
      320,        2.926, 0.258, -2.237,   1,   1, 0
      321,        2.962, 0.259, -2.116,   1,   2, 0
      322,        2.974, 0.279, -1.225,   1,   0, 0
      323,        2.980, 0.280, -1.165,   1,   0, 0
      324,        2.987, 0.272, -1.497,   1,   0, 0
      325,        2.992, 0.273, -1.423,   1,   0, 0
      326,        2.998, 0.278, -1.221,   1,   0, 0
      327,        3.005, 0.278, -1.201,   1,   0, 0
      328,        3.011, 0.278, -1.181,   1,   0, 0
      329,        3.017, 0.278, -1.174,   1,   0, 0
      330,        3.023, 0.262, -1.821,   1,   0, 0
      331,        3.051, 0.281, -1.039,   1,   0, 0
      332,        3.057, 0.278, -1.144,   1,   0, 0
      333,        3.064, 0.258, -1.997,   1,   0, 0
      334,        3.070, 0.269, -1.481,   1,   0, 0
      335,        3.079, 0.293, -0.521,   1,   0, 0
      336,        3.086, 0.278, -1.113,   1,   0, 0
      337,        3.093, 0.307,  0.068,   1,   0, 0
      338,        3.100, 0.299, -0.264,   1,   0, 0
      339,        3.107, 0.308,  0.088,   1,   0, 0
      340,        3.113, 0.320,  0.566,   1,   0, 0
      341,        3.143, 0.332,  1.082,   1,   0, 0
      342,        3.149, 0.320,  0.558,   1,   0, 0
      343,        3.155, 0.290, -0.693,   1,   0, 0
      344,        3.161, 0.294, -0.535,   1,   0, 0
      345,        3.167, 0.293, -0.590,   1,   0, 0
      346,        3.173, 0.307, -0.001,   1,   0, 0
      347,        3.179, 0.298, -0.351,   1,   0, 0
      348,        3.185, 0.307, -0.002,   1,   0, 0
      349,        3.191, 0.329,  0.914,   1,   0, 0
      350,        3.198, 0.330,  0.952,   1,   0, 0
      351,        3.227, 0.334,  1.106,   1,   0, 0
      352,        3.232, 0.305, -0.114,   1,   0, 0
      353,        3.239, 0.315,  0.289,   1,   0, 0
      354,        3.244, 0.319,  0.457,   1,   0, 0
      355,        3.250, 0.315,  0.283,   1,   0, 0
      356,        3.256, 0.306, -0.109,   1,   0, 0
      357,        3.261, 0.279, -1.296,   1,   0, 0
      358,        3.267, 0.307, -0.102,   1,   0, 0
      359,        3.274, 0.312,  0.105,   1,   0, 0
      360,        3.279, 0.321,  0.486,   1,   0, 0
      361,        3.307, 0.331,  0.901,   1,   0, 0
      362,        3.314, 0.333,  1.011,   1,   0, 0
      363,        3.320, 0.334,  1.027,   1,   0, 0
      364,        3.326, 0.335,  1.060,   1,   0, 0
      365,        3.332, 0.330,  0.820,   1,   0, 0
      366,        3.340, 0.333,  0.947,   1,   0, 0
      367,        3.347, 0.321,  0.421,   1,   0, 0
      368,        3.354, 0.293, -0.806,   1,   0, 0
      369,        3.360, 0.293, -0.809,   1,   0, 0
      370,        3.366, 0.310, -0.066,   1,   0, 0
      371,        3.393, 0.320,  0.366,   1,   0, 0
      372,        3.399, 0.293, -0.818,   1,   0, 0
      373,        3.406, 0.312, -0.012,   1,   0, 0
      374,        3.411, 0.334,  0.968,   1,   0, 0
      375,        3.417, 0.279, -1.401,   1,   0, 0
      376,        3.423, 0.289, -0.966,   1,   0, 0
      377,        3.429, 0.301, -0.435,   1,   0, 0
      378,        3.435, 0.229, -3.481,   2,   1, 0
      379,        3.450, 0.179, -5.354,   2,   2, 0
      380,        3.465, 0.171, -5.064,   2,   3, 0
      381,        3.499, 0.186, -4.092,   2,   4, 0
      382,        3.510, 0.224, -2.611,   2,   5, 0
      383,        3.521, 0.236, -2.141,   2,   6, 0
      384,        3.532, 0.279, -0.771,   2,   0, 0
      385,        3.538, 0.279, -0.759,   2,   0, 0
      386,        3.544, 0.278, -0.789,   2,   0, 0
      387,        3.550, 0.278, -0.776,   2,   0, 0
      388,        3.556, 0.279, -0.722,   2,   0, 0
      389,        3.562, 0.278, -0.751,   2,   0, 0
      390,        3.572, 0.278, -0.731,   2,   0, 0
      391,        3.602, 0.293, -0.258,   2,   0, 0
      392,        3.608, 0.320,  0.594,   2,   0, 0
      393,        3.613, 0.313,  0.383,   2,   0, 0
      394,        3.619, 0.304,  0.106,   2,   0, 0
      395,        3.626, 0.294, -0.209,   2,   0, 0
      396,        3.631, 0.279, -0.672,   2,   0, 0
      397,        3.638, 0.294, -0.190,   2,   0, 0
      398,        3.643, 0.303,  0.086,   2,   0, 0
      399,        3.649, 0.320,  0.623,   2,   0, 0
      400,        3.655, 0.293, -0.202,   2,   0, 0
      401,        3.683, 0.292, -0.228,   2,   0, 0
      402,        3.690, 0.306,  0.232,   2,   0, 0
      403,        3.697, 0.291, -0.230,   2,   0, 0
      404,        3.704, 0.294, -0.145,   2,   0, 0
      405,        3.710, 0.273, -0.804,   2,   0, 0
      406,        3.715, 0.280, -0.555,   2,   0, 0
      407,        3.721, 0.295, -0.063,   2,   0, 0
      408,        3.727, 0.302,  0.180,   2,   0, 0
      409,        3.733, 0.314,  0.592,   2,   0, 0
      410,        3.739, 0.313,  0.571,   2,   0, 0
      411,        3.767, 0.306,  0.350,   2,   0, 0
      412,        3.773, 0.294, -0.055,   2,   0, 0
      413,        3.779, 0.286, -0.316,   2,   0, 0
      414,        3.785, 0.299,  0.138,   2,   0, 0
      415,        3.792, 0.272, -0.787,   2,   0, 0
      416,        3.798, 0.270, -0.829,   2,   0, 0
      417,        3.807, 0.287, -0.228,   2,   0, 0
      418,        3.815, 0.311,  0.637,   2,   0, 0
      419,        3.823, 0.278, -0.518,   2,   0, 0
      420,        3.829, 0.285, -0.273,   2,   0, 0
      421,        3.857, 0.321,  0.988,   2,   0, 0
      422,        3.863, 0.272, -0.719,   2,   0, 0
      423,        3.870, 0.280, -0.446,   2,   0, 0
      424,        3.876, 0.308,  0.554,   2,   0, 0
      425,        3.881, 0.293,  0.034,   2,   0, 0
      426,        3.888, 0.308,  0.570,   2,   0, 0
      427,        3.893, 0.274, -0.634,   2,   0, 0
      428,        3.899, 0.271, -0.744,   2,   0, 0
      429,        3.905, 0.298,  0.229,   2,   0, 0
      430,        3.911, 0.271, -0.737,   2,   0, 0
      431,        3.940, 0.293,  0.047,   2,   0, 0
      432,        3.946, 0.291, -0.031,   2,   0, 0
      433,        3.953, 0.285, -0.240,   2,   0, 0
      434,        3.959, 0.285, -0.211,   2,   0, 0
      435,        3.965, 0.312,  0.720,   2,   0, 0
      436,        3.972, 0.312,  0.738,   2,   0, 0
      437,        3.977, 0.312,  0.729,   2,   0, 0
      438,        3.983, 0.306,  0.492,   2,   0, 0
      439,        3.989, 0.308,  0.549,   2,   0, 0
      440,        3.995, 0.294,  0.050,   2,   0, 0
      441,        4.023, 0.281, -0.413,   2,   0, 0
      442,        4.029, 0.298,  0.176,   2,   0, 0
      443,        4.035, 0.285, -0.298,   2,   0, 0
      444,        4.041, 0.299,  0.219,   2,   0, 0
      445,        4.047, 0.287, -0.237,   2,   0, 0
      446,        4.053, 0.266, -0.962,   2,   0, 0
      447,        4.059, 0.312,  0.654,   2,   0, 0
      448,        4.065, 0.312,  0.664,   2,   0, 0
      449,        4.073, 0.311,  0.626,   2,   0, 0
      450,        4.079, 0.311,  0.616,   2,   0, 0
      451,        4.107, 0.311,  0.604,   2,   0, 0
      452,        4.113, 0.311,  0.594,   2,   0, 0
      453,        4.121, 0.311,  0.584,   2,   0, 0
      454,        4.127, 0.312,  0.599,   2,   0, 0
      455,        4.132, 0.311,  0.560,   2,   0, 0
      456,        4.138, 0.312,  0.582,   2,   0, 0
      457,        4.144, 0.321,  0.882,   2,   0, 0
      458,        4.150, 0.324,  1.011,   2,   0, 0
      459,        4.156, 0.293, -0.135,   2,   0, 0
      460,        4.162, 0.298,  0.046,   2,   0, 0
      461,        4.191, 0.286, -0.373,   2,   0, 0
      462,        4.198, 0.336,  1.468,   2,   0, 0
      463,        4.204, 0.285, -0.411,   2,   0, 0
      464,        4.211, 0.295, -0.042,   2,   0, 0
      465,        4.221, 0.322,  0.930,   2,   0, 0
      466,        4.227, 0.323,  0.946,   2,   0, 0
      467,        4.234, 0.293, -0.108,   2,   0, 0
      468,        4.241, 0.326,  1.072,   2,   0, 0
      469,        4.248, 0.285, -0.396,   2,   0, 0
      470,        4.254, 0.292, -0.148,   2,   0, 0
      471,        4.282, 0.284, -0.426,   2,   0, 0
      472,        4.288, 0.244, -1.855,   2,   0, 0
      473,        4.295, 0.160, -4.823,   3,   1, 0
      474,        4.308, 0.163, -4.279,   3,   2, 0
      475,        4.321, 0.159, -4.086,   3,   3, 0
      476,        4.333, 0.215, -2.197,   3,   4, 0
      477,        4.347, 0.225, -1.829,   3,   0, 0
      478,        4.355, 0.252, -1.056,   3,   0, 0
      479,        4.361, 0.264, -0.691,   3,   0, 0
      480,        4.367, 0.279, -0.276,   3,   0, 0
      481,        4.395, 0.287, -0.045,   3,   0, 0
      482,        4.400, 0.279, -0.256,   3,   0, 0
      483,        4.407, 0.267, -0.597,   3,   0, 0
      484,        4.412, 0.271, -0.463,   3,   0, 0
      485,        4.418, 0.267, -0.573,   3,   0, 0
      486,        4.424, 0.253, -0.950,   3,   0, 0
      487,        4.431, 0.294,  0.240,   3,   0, 0
      488,        4.438, 0.294,  0.248,   3,   0, 0
      489,        4.445, 0.295,  0.287,   3,   0, 0
      490,        4.453, 0.302,  0.491,   3,   0, 0
      491,        4.481, 0.271, -0.416,   3,   0, 0
      492,        4.487, 0.279, -0.175,   3,   0, 0
      493,        4.494, 0.279, -0.166,   3,   0, 0
      494,        4.500, 0.301,  0.486,   3,   0, 0
      495,        4.506, 0.302,  0.522,   3,   0, 0
      496,        4.512, 0.286,  0.062,   3,   0, 0
      497,        4.518, 0.279, -0.162,   3,   0, 0
      498,        4.524, 0.279, -0.151,   3,   0, 0
      499,        4.530, 0.289,  0.141,   3,   0, 0
      500,        4.536, 0.271, -0.448,   3,   0, 0
      501,        4.565, 0.279, -0.239,   3,   0, 0
      502,        4.573, 0.280, -0.252,   3,   0, 0
      503,        4.580, 0.279, -0.281,   3,   0, 0
      504,        4.586, 0.288,  0.000,   3,   0, 0
      505,        4.592, 0.278, -0.342,   3,   0, 0
      506,        4.598, 0.278, -0.342,   3,   0, 0
      507,        4.604, 0.286, -0.057,   3,   0, 0
      508,        4.609, 0.272, -0.558,   3,   0, 0
      509,        4.615, 0.272, -0.554,   3,   0, 0
      510,        4.621, 0.274, -0.505,   3,   0, 0
      511,        4.651, 0.273, -0.510,   3,   0, 0
      512,        4.657, 0.272, -0.553,   3,   0, 0
      513,        4.662, 0.277, -0.350,   3,   0, 0
      514,        4.669, 0.272, -0.530,   3,   0, 0
      515,        4.675, 0.273, -0.493,   3,   0, 0
      516,        4.680, 0.271, -0.562,   3,   0, 0
      517,        4.687, 0.271, -0.560,   3,   0, 0
      518,        4.693, 0.272, -0.503,   3,   0, 0
      519,        4.699, 0.254, -1.147,   3,   0, 0
      520,        4.707, 0.272, -0.475,   3,   0, 0
      521,        4.736, 0.245, -1.430,   3,   0, 0
      522,        4.742, 0.247, -1.359,   3,   0, 0
      523,        4.748, 0.254, -1.076,   3,   0, 0
      524,        4.755, 0.219, -2.284,   4,   1, 0
      525,        4.766, 0.260, -0.807,   4,   0, 0
      526,        4.772, 0.221, -2.153,   5,   1, 0
      527,        4.783, 0.240, -1.431,   5,   0, 0
      528,        4.789, 0.252, -1.001,   5,   0, 0
      529,        4.795, 0.221, -2.019,   6,   1, 0
      530,        4.806, 0.235, -1.516,   6,   0, 0
      531,        4.836, 0.223, -1.884,   6,   0, 0
      532,        4.842, 0.271, -0.272,   6,   0, 0
      533,        4.849, 0.257, -0.726,   6,   0, 0
      534,        4.856, 0.266, -0.447,   6,   0, 0
      535,        4.862, 0.272, -0.247,   6,   0, 0
      536,        4.869, 0.257, -0.708,   6,   0, 0
      537,        4.874, 0.266, -0.434,   6,   0, 0
      538,        4.880, 0.251, -0.910,   6,   0, 0
      539,        4.886, 0.222, -1.817,   6,   0, 0
      540,        4.891, 0.243, -1.100,   6,   0, 0
      541,        4.919, 0.250, -0.887,   6,   0, 0
      542,        4.925, 0.273, -0.118,   6,   0, 0
      543,        4.931, 0.260, -0.542,   6,   0, 0
      544,        4.937, 0.259, -0.578,   6,   0, 0
      545,        4.943, 0.273, -0.100,   6,   0, 0
      546,        4.951, 0.247, -0.941,   6,   0, 0
      547,        4.957, 0.259, -0.548,   6,   0, 0
      548,        4.964, 0.265, -0.339,   6,   0, 0
      549,        4.973, 0.260, -0.498,   6,   0, 0
      550,        4.978, 0.265, -0.327,   6,   0, 0
      551,        5.008, 0.267, -0.251,   6,   0, 0
      552,        5.014, 0.274, -0.043,   6,   0, 0
      553,        5.020, 0.252, -0.727,   6,   0, 0
      554,        5.026, 0.266, -0.275,   6,   0, 0
      555,        5.033, 0.281,  0.205,   6,   0, 0
      556,        5.039, 0.279,  0.171,   6,   0, 0
      557,        5.045, 0.247, -0.860,   6,   0, 0
      558,        5.051, 0.258, -0.502,   6,   0, 0
      559,        5.057, 0.269, -0.129,   6,   0, 0
      560,        5.063, 0.259, -0.432,   6,   0, 0
      561,        5.092, 0.272, -0.002,   6,   0, 0
      562,        5.100, 0.273,  0.040,   6,   0, 0
      563,        5.107, 0.259, -0.416,   6,   0, 0
      564,        5.114, 0.267, -0.150,   6,   0, 0
      565,        5.120, 0.288,  0.535,   6,   0, 0
      566,        5.127, 0.261, -0.362,   6,   0, 0
      567,        5.132, 0.274,  0.070,   6,   0, 0
      568,        5.138, 0.268, -0.123,   6,   0, 0
      569,        5.144, 0.272,  0.042,   6,   0, 0
      570,        5.150, 0.258, -0.430,   6,   0, 0
      571,        5.179, 0.245, -0.866,   6,   0, 0
      572,        5.185, 0.259, -0.346,   6,   0, 0
      573,        5.191, 0.259, -0.339,   6,   0, 0
      574,        5.196, 0.264, -0.155,   6,   0, 0
      575,        5.202, 0.266, -0.088,   6,   0, 0
      576,        5.208, 0.274,  0.215,   6,   0, 0
      577,        5.214, 0.259, -0.309,   6,   0, 0
      578,        5.222, 0.274,  0.240,   6,   0, 0
      579,        5.228, 0.271,  0.162,   6,   0, 0
      580,        5.234, 0.272,  0.220,   6,   0, 0
      581,        5.263, 0.271,  0.171,   6,   0, 0
      582,        5.269, 0.271,  0.183,   6,   0, 0
      583,        5.275, 0.272,  0.260,   6,   0, 0
      584,        5.280, 0.271,  0.214,   6,   0, 0
      585,        5.287, 0.272,  0.274,   6,   0, 0
      586,        5.293, 0.259, -0.225,   6,   0, 0
      587,        5.299, 0.272,  0.326,   6,   0, 0
      588,        5.306, 0.272,  0.333,   6,   0, 0
      589,        5.312, 0.274,  0.418,   6,   0, 0
      590,        5.319, 0.272,  0.366,   6,   0, 0
      591,        5.351, 0.279,  0.679,   6,   0, 0
      592,        5.361, 0.279,  0.681,   6,   0, 0
      593,        5.370, 0.272,  0.365,   6,   0, 0
      594,        5.376, 0.261, -0.177,   6,   0, 0
      595,        5.383, 0.272,  0.355,   6,   0, 0
      596,        5.389, 0.274,  0.432,   6,   0, 0
      597,        5.395, 0.274,  0.419,   6,   0, 0
      598,        5.402, 0.273,  0.394,   6,   0, 0
      599,        5.408, 0.278,  0.678,   6,   0, 0
      600,        5.414, 0.278,  0.669,   6,   0, 0
      601,        5.446, 0.264, -0.202,   6,   0, 0
      602,        5.452, 0.258, -0.613,   6,   0, 0
      603,        5.459, 0.278,  0.698,   6,   0, 0
      604,        5.468, 0.279,  0.779,   6,   0, 0
      605,        5.474, 0.272,  0.307,   6,   0, 0
      606,        5.481, 0.280,  0.782,   6,   0, 0
      607,        5.488, 0.259, -0.541,   6,   0, 0
      608,        5.494, 0.272,  0.311,   6,   0, 0
      609,        5.500, 0.272,  0.327,   6,   0, 0
      610,        5.506, 0.259, -0.532,   6,   0, 0
      611,        5.534, 0.266, -0.070,   6,   0, 0
      612,        5.540, 0.271,  0.287,   6,   0, 0
      613,        5.546, 0.272,  0.380,   6,   0, 0
      614,        5.552, 0.281,  0.980,   6,   0, 0
      615,        5.558, 0.274,  0.512,   6,   0, 0
      616,        5.564, 0.259, -0.489,   6,   0, 0
      617,        5.571, 0.242, -1.738,   6,   0, 0
      618,        5.577, 0.244, -1.537,   6,   0, 0
      619,        5.583, 0.287,  1.532,   6,   0, 0
      620,        5.591, 0.230, -2.524,   7,   1, 0
      621,        5.625, 0.277,  0.872,   7,   0, 0
      622,        5.632, 0.272,  0.525,   7,   0, 0
      623,        5.638, 0.258, -0.485,   7,   0, 0
      624,        5.644, 0.285,  1.419,   7,   0, 0
      625,        5.650, 0.302,  2.591,   7,   0, 0
      626,        5.656, 0.258, -0.476,   7,   0, 0
      627,        5.662, 0.244, -1.438,   7,   0, 0
      628,        5.668, 0.242, -1.509,   7,   0, 0
      629,        5.674, 0.285,  1.425,   7,   0, 0
      630,        5.680, 0.279,  1.036,   7,   0, 0
      631,        5.708, 0.286,  1.498,   7,   0, 0
      632,        5.714, 0.280,  1.065,   7,   0, 0
      633,        5.721, 0.286,  1.455,   7,   0, 0
      634,        5.727, 0.286,  1.442,   7,   0, 0
      635,        5.738, 0.308,  2.856,   7,   0, 0
      636,        5.744, 0.271,  0.382,   7,   0, 0
      637,        5.750, 0.271,  0.393,   7,   0, 0
      638,        5.756, 0.271,  0.393,   7,   0, 0
      639,        5.762, 0.271,  0.394,   7,   0, 0
      640,        5.767, 0.313,  3.083,   7,   0, 0
      641,        5.795, 0.313,  2.946,   7,   0, 0
      642,        5.802, 0.314,  2.852,   7,   0, 0
      643,        5.808, 0.286,  1.158,   7,   0, 0
      644,        5.814, 0.286,  1.143,   7,   0, 0
      645,        5.820, 0.288,  1.211,   7,   0, 0
      646,        5.826, 0.286,  1.118,   7,   0, 0
      647,        5.832, 0.287,  1.149,   7,   0, 0
      648,        5.838, 0.288,  1.176,   7,   0, 0
      649,        5.846, 0.279,  0.660,   7,   0, 0
      650,        5.854, 0.294,  1.606,   7,   0, 0
      651,        5.883, 0.312,  2.720,   7,   0, 0
      652,        5.889, 0.272,  0.109,   7,   0, 0
      653,        5.895, 0.334,  4.130,   7,   0, 0
      654,        5.901, 0.326,  3.305,   7,   0, 0
      655,        5.907, 0.334,  3.649,   7,   0, 0
      656,        5.913, 0.334,  3.435,   7,   0, 0
      657,        5.919, 0.334,  3.213,   7,   0, 0
      658,        5.925, 0.334,  3.057,   7,   0, 0
      659,        5.931, 0.335,  3.022,   7,   0, 0
      660,        5.937, 0.325,  2.431,   7,   0, 0
      661,        5.966, 0.326,  2.395,   7,   0, 0
      662,        5.974, 0.326,  2.326,   7,   0, 0
      663,        5.980, 0.326,  2.256,   7,   0, 0
      664,        5.987, 0.327,  2.242,   7,   0, 0
      665,        5.993, 0.336,  2.613,   7,   0, 0
      666,        5.998, 0.326,  2.048,   7,   0, 0
      667,        6.005, 0.326,  2.001,   7,   0, 0
      668,        6.011, 0.324,  1.905,   7,   0, 0
      669,        6.017, 0.326,  1.905,   7,   0, 0
      670,        6.022, 0.352,  2.968,   7,   0, 0
      671,        6.050, 0.338,  2.278,   7,   0, 0
      672,        6.056, 0.338,  2.205,   7,   0, 0
      673,        6.062, 0.353,  2.715,   7,   0, 0
      674,        6.068, 0.337,  2.023,   7,   0, 0
      675,        6.074, 0.351,  2.500,   7,   0, 0
      676,        6.080, 0.324,  1.444,   7,   0, 0
      677,        6.088, 0.327,  1.498,   7,   0, 0
      678,        6.095, 0.324,  1.393,   7,   0, 0
      679,        6.104, 0.324,  1.368,   7,   0, 0
      680,        6.110, 0.326,  1.383,   7,   0, 0
      681,        6.137, 0.324,  1.318,   7,   0, 0
      682,        6.143, 0.334,  1.641,   7,   0, 0
      683,        6.149, 0.324,  1.265,   7,   0, 0
      684,        6.155, 0.307,  0.647,   7,   0, 0
      685,        6.161, 0.326,  1.270,   7,   0, 0
      686,        6.167, 0.326,  1.251,   7,   0, 0
      687,        6.173, 0.325,  1.207,   7,   0, 0
      688,        6.179, 0.312,  0.747,   7,   0, 0
      689,        6.186, 0.326,  1.198,   7,   0, 0
      690,        6.191, 0.334,  1.475,   7,   0, 0
      691,        6.220, 0.343,  1.738,   7,   0, 0
      692,        6.228, 0.343,  1.707,   7,   0, 0
      693,        6.236, 0.343,  1.673,   7,   0, 0
      694,        6.242, 0.306,  0.420,   7,   0, 0
      695,        6.248, 0.301,  0.213,   7,   0, 0
      696,        6.254, 0.338,  1.469,   7,   0, 0
      697,        6.261, 0.311,  0.546,   7,   0, 0
      698,        6.266, 0.318,  0.764,   7,   0, 0
      699,        6.272, 0.314,  0.625,   7,   0, 0
      700,        6.278, 0.347,  1.704,   7,   0, 0
      701,        6.306, 0.316,  0.625,   7,   0, 0
      702,        6.312, 0.301,  0.113,   7,   0, 0
      703,        6.318, 0.321,  0.780,   7,   0, 0
      704,        6.324, 0.329,  1.045,   7,   0, 0
      705,        6.330, 0.315,  0.547,   7,   0, 0
      706,        6.337, 0.331,  1.097,   7,   0, 0
      707,        6.345, 0.315,  0.518,   7,   0, 0
      708,        6.354, 0.343,  1.458,   7,   0, 0
      709,        6.360, 0.324,  0.814,   7,   0, 0
      710,        6.365, 0.324,  0.800,   7,   0, 0
      711,        6.394, 0.324,  0.787,   7,   0, 0
      712,        6.400, 0.324,  0.774,   7,   0, 0
      713,        6.406, 0.334,  1.093,   7,   0, 0
      714,        6.412, 0.324,  0.743,   7,   0, 0
      715,        6.417, 0.329,  0.889,   7,   0, 0
      716,        6.423, 0.330,  0.915,   7,   0, 0
      717,        6.430, 0.313,  0.299,   7,   0, 0
      718,        6.436, 0.335,  1.057,   7,   0, 0
      719,        6.442, 0.272, -1.098,   7,   0, 0
      720,        6.448, 0.302, -0.099,   7,   0, 0
      721,        6.477, 0.316,  0.375,   7,   0, 0
      722,        6.483, 0.343,  1.291,   7,   0, 0
      723,        6.489, 0.320,  0.472,   7,   0, 0
      724,        6.497, 0.326,  0.666,   7,   0, 0
      725,        6.503, 0.335,  0.989,   7,   0, 0
      726,        6.510, 0.321,  0.475,   7,   0, 0
      727,        6.515, 0.308,  0.026,   7,   0, 0
      728,        6.521, 0.287, -0.720,   7,   0, 0
      729,        6.527, 0.286, -0.776,   7,   0, 0
      730,        6.534, 0.301, -0.265,   7,   0, 0
      731,        6.561, 0.286, -0.806,   7,   0, 0
      732,        6.567, 0.286, -0.818,   7,   0, 0
      733,        6.573, 0.330,  0.777,   7,   0, 0
      734,        6.579, 0.283, -0.944,   7,   0, 0
      735,        6.587, 0.329,  0.727,   7,   0, 0
      736,        6.593, 0.329,  0.707,   7,   0, 0
      737,        6.599, 0.327,  0.622,   7,   0, 0
      738,        6.605, 0.329,  0.686,   7,   0, 0
      739,        6.613, 0.329,  0.657,   7,   0, 0
      740,        6.619, 0.306, -0.231,   7,   0, 0
      741,        6.651, 0.306, -0.269,   7,   0, 0
      742,        6.657, 0.322,  0.362,   7,   0, 0
      743,        6.662, 0.299, -0.587,   7,   0, 0
      744,        6.669, 0.310, -0.183,   7,   0, 0
      745,        6.674, 0.333,  0.845,   7,   0, 0
      746,        6.681, 0.335,  0.907,   7,   0, 0
      747,        6.687, 0.327,  0.522,   7,   0, 0
      748,        6.693, 0.327,  0.513,   7,   0, 0
      749,        6.699, 0.324,  0.397,   7,   0, 0
      750,        6.705, 0.284, -1.574,   7,   0, 0
      751,        6.733, 0.278, -1.892,   7,   0, 0
      752,        6.742, 0.264, -2.555,   8,   1, 0
      753,        6.753, 0.286, -1.461,   8,   0, 0
      754,        6.760, 0.285, -1.527,   8,   0, 0
      755,        6.766, 0.279, -1.813,   8,   0, 0
      756,        6.773, 0.271, -2.158,   9,   1, 0
      757,        6.785, 0.271, -2.124,   9,   2, 0
      758,        6.798, 0.282, -1.604,   9,   0, 0
      759,        6.804, 0.309, -0.346,   9,   0, 0
      760,        6.810, 0.308, -0.427,   9,   0, 0
      761,        6.838, 0.280, -1.802,   9,   0, 0
      762,        6.844, 0.286, -1.451,   9,   0, 0
      763,        6.853, 0.308, -0.387,   9,   0, 0
      764,        6.859, 0.272, -2.121,  10,   1, 0
      765,        6.871, 0.286, -1.447,  10,   0, 0
      766,        6.877, 0.286, -1.445,  10,   0, 0
      767,        6.883, 0.272, -2.091,  11,   1, 0
      768,        6.894, 0.286, -1.424,  11,   0, 0
      769,        6.901, 0.201, -5.428,  12,   1, 0
      770,        6.914, 0.169, -6.215,  12,   2, 0
      771,        6.950, 0.171, -5.317,  12,   3, 0
      772,        6.964, 0.189, -4.151,  12,   4, 0
      773,        6.976, 0.224, -2.795,  12,   5, 0
      774,        6.988, 0.294, -0.526,  12,   0, 0
      775,        6.994, 0.300, -0.328,  12,   0, 0
      776,        7.000, 0.335,  0.749,  12,   0, 0
      777,        7.006, 0.343,  0.979,  12,   0, 0
      778,        7.012, 0.280, -0.960,  12,   0, 0
      779,        7.018, 0.307, -0.098,  12,   0, 0
      780,        7.024, 0.301, -0.274,  12,   0, 0
      781,        7.052, 0.287, -0.704,  12,   0, 0
      782,        7.058, 0.317,  0.234,  12,   0, 0
      783,        7.064, 0.270, -1.215,  12,   0, 0
      784,        7.071, 0.287, -0.684,  12,   0, 0
      785,        7.077, 0.302, -0.226,  12,   0, 0
      786,        7.085, 0.290, -0.571,  12,   0, 0
      787,        7.090, 0.271, -1.146,  12,   0, 0
      788,        7.096, 0.278, -0.903,  12,   0, 0
      789,        7.102, 0.287, -0.627,  12,   0, 0
      790,        7.108, 0.288, -0.571,  12,   0, 0
      791,        7.136, 0.286, -0.628,  12,   0, 0
      792,        7.143, 0.288, -0.568,  12,   0, 0
      793,        7.148, 0.289, -0.512,  12,   0, 0
      794,        7.154, 0.276, -0.921,  12,   0, 0
      795,        7.160, 0.282, -0.706,  12,   0, 0
      796,        7.166, 0.280, -0.769,  12,   0, 0
      797,        7.172, 0.295, -0.265,  12,   0, 0
      798,        7.179, 0.295, -0.256,  12,   0, 0
      799,        7.186, 0.285, -0.581,  12,   0, 0
      800,        7.192, 0.301, -0.071,  12,   0, 0
      801,        7.223, 0.287, -0.499,  12,   0, 0
      802,        7.228, 0.244, -1.844,  12,   0, 0
      803,        7.235, 0.287, -0.461,  12,   0, 0
      804,        7.241, 0.265, -1.137,  12,   0, 0
      805,        7.246, 0.269, -0.982,  12,   0, 0
      806,        7.253, 0.266, -1.059,  12,   0, 0
      807,        7.259, 0.290, -0.318,  12,   0, 0
      808,        7.264, 0.290, -0.310,  12,   0, 0
      809,        7.272, 0.282, -0.554,  12,   0, 0
      810,        7.277, 0.288, -0.338,  12,   0, 0
      811,        7.305, 0.274, -0.758,  12,   0, 0
      812,        7.311, 0.251, -1.479,  12,   0, 0
      813,        7.317, 0.267, -0.967,  12,   0, 0
      814,        7.323, 0.231, -2.050,  13,   1, 0
      815,        7.338, 0.280, -0.489,  13,   0, 0
      816,        7.345, 0.260, -1.109,  13,   0, 0
      817,        7.351, 0.268, -0.843,  13,   0, 0
      818,        7.356, 0.245, -1.550,  13,   0, 0
      819,        7.363, 0.236, -1.797,  13,   0, 0
      820,        7.369, 0.228, -1.978,  13,   0, 0
      821,        7.396, 0.256, -1.094,  13,   0, 0
      822,        7.403, 0.274, -0.539,  13,   0, 0
      823,        7.408, 0.275, -0.522,  13,   0, 0
      824,        7.414, 0.287, -0.146,  13,   0, 0
      825,        7.420, 0.267, -0.745,  13,   0, 0
      826,        7.426, 0.289, -0.063,  13,   0, 0
      827,        7.432, 0.287, -0.100,  13,   0, 0
      828,        7.438, 0.267, -0.727,  13,   0, 0
      829,        7.445, 0.276, -0.428,  13,   0, 0
      830,        7.452, 0.265, -0.751,  13,   0, 0
      831,        7.481, 0.282, -0.199,  13,   0, 0
      832,        7.487, 0.281, -0.230,  13,   0, 0
      833,        7.492, 0.285, -0.083,  13,   0, 0
      834,        7.498, 0.299,  0.357,  13,   0, 0
      835,        7.504, 0.290,  0.071,  13,   0, 0
      836,        7.510, 0.269, -0.572,  13,   0, 0
      837,        7.516, 0.278, -0.272,  13,   0, 0
      838,        7.522, 0.301,  0.468,  13,   0, 0
      839,        7.527, 0.302,  0.524,  13,   0, 0
      840,        7.533, 0.285, -0.053,  13,   0, 0
      841,        7.561, 0.272, -0.475,  13,   0, 0
      842,        7.567, 0.273, -0.420,  13,   0, 0
      843,        7.573, 0.286,  0.015,  13,   0, 0
      844,        7.579, 0.281, -0.127,  13,   0, 0
      845,        7.586, 0.286,  0.044,  13,   0, 0
      846,        7.596, 0.286,  0.052,  13,   0, 0
      847,        7.603, 0.286,  0.061,  13,   0, 0
      848,        7.609, 0.300,  0.562,  13,   0, 0
      849,        7.615, 0.286,  0.072,  13,   0, 0
      850,        7.622, 0.286,  0.064,  13,   0, 0
      851,        7.651, 0.242, -1.413,  13,   0, 0
      852,        7.657, 0.265, -0.618,  13,   0, 0
      853,        7.662, 0.275, -0.293,  13,   0, 0
      854,        7.668, 0.275, -0.281,  13,   0, 0
      855,        7.674, 0.289,  0.206,  13,   0, 0
      856,        7.680, 0.304,  0.766,  13,   0, 0
      857,        7.686, 0.306,  0.843,  13,   0, 0
      858,        7.692, 0.330,  1.697,  13,   0, 0
      859,        7.698, 0.296,  0.479,  13,   0, 0
      860,        7.704, 0.308,  0.922,  13,   0, 0
      861,        7.733, 0.294,  0.454,  13,   0, 0
      862,        7.739, 0.308,  0.927,  13,   0, 0
      863,        7.747, 0.326,  1.580,  13,   0, 0
      864,        7.753, 0.333,  1.828,  13,   0, 0
      865,        7.759, 0.329,  1.656,  13,   0, 0
      866,        7.764, 0.330,  1.713,  13,   0, 0
      867,        7.770, 0.343,  2.156,  13,   0, 0
      868,        7.776, 0.308,  0.906,  13,   0, 0
      869,        7.782, 0.321,  1.382,  13,   0, 0
      870,        7.789, 0.294,  0.440,  13,   0, 0
      871,        7.817, 0.302,  0.718,  13,   0, 0
      872,        7.822, 0.294,  0.429,  13,   0, 0
      873,        7.828, 0.315,  1.158,  13,   0, 0
      874,        7.836, 0.300,  0.614,  13,   0, 0
      875,        7.842, 0.286,  0.123,  13,   0, 0
      876,        7.849, 0.304,  0.737,  13,   0, 0
      877,        7.856, 0.302,  0.673,  13,   0, 0
      878,        7.865, 0.322,  1.360,  13,   0, 0
      879,        7.871, 0.306,  0.786,  13,   0, 0
      880,        7.877, 0.306,  0.771,  13,   0, 0
      881,        7.906, 0.293,  0.323,  13,   0, 0
      882,        7.912, 0.300,  0.553,  13,   0, 0
      883,        7.918, 0.300,  0.548,  13,   0, 0
      884,        7.923, 0.300,  0.551,  13,   0, 0
      885,        7.929, 0.292,  0.265,  13,   0, 0
      886,        7.935, 0.316,  1.123,  13,   0, 0
      887,        7.941, 0.277, -0.233,  13,   0, 0
      888,        7.947, 0.299,  0.520,  13,   0, 0
      889,        7.953, 0.308,  0.812,  13,   0, 0
      890,        7.959, 0.308,  0.808,  13,   0, 0
      891,        7.988, 0.277, -0.343,  13,   0, 0
      892,        7.995, 0.287, -0.018,  13,   0, 0
      893,        8.001, 0.285, -0.153,  13,   0, 0
      894,        8.007, 0.279, -0.463,  13,   0, 0
      895,        8.013, 0.279, -0.457,  13,   0, 0
      896,        8.019, 0.277, -0.509,  13,   0, 0
      897,        8.025, 0.279, -0.434,  13,   0, 0
      898,        8.031, 0.272, -0.734,  13,   0, 0
      899,        8.037, 0.286, -0.076,  13,   0, 0
      900,        8.043, 0.287,  0.001,  13,   0, 0
      901,        8.072, 0.271, -0.788,  13,   0, 0
      902,        8.077, 0.253, -1.674,  13,   0, 0
      903,        8.083, 0.289,  0.116,  13,   0, 0
      904,        8.089, 0.280, -0.301,  13,   0, 0
      905,        8.094, 0.280, -0.299,  13,   0, 0
      906,        8.100, 0.279, -0.369,  13,   0, 0
      907,        8.106, 0.279, -0.354,  13,   0, 0
      908,        8.113, 0.322,  1.762,  13,   0, 0
      909,        8.119, 0.308,  1.044,  13,   0, 0
      910,        8.127, 0.334,  2.323,  13,   0, 0
      911,        8.155, 0.334,  2.255,  13,   0, 0
      912,        8.161, 0.322,  1.606,  13,   0, 0
      913,        8.167, 0.343,  2.549,  13,   0, 0
      914,        8.172, 0.327,  1.734,  13,   0, 0
      915,        8.178, 0.334,  2.037,  13,   0, 0
      916,        8.186, 0.335,  2.035,  13,   0, 0
      917,        8.192, 0.344,  2.351,  13,   0, 0
      918,        8.198, 0.344,  2.282,  13,   0, 0
      919,        8.204, 0.343,  2.171,  13,   0, 0
      920,        8.210, 0.344,  2.157,  13,   0, 0
      921,        8.239, 0.334,  1.718,  13,   0, 0
      922,        8.248, 0.343,  2.018,  13,   0, 0
      923,        8.254, 0.343,  1.982,  13,   0, 0
      924,        8.260, 0.343,  1.943,  13,   0, 0
      925,        8.266, 0.344,  1.932,  13,   0, 0
      926,        8.272, 0.344,  1.886,  13,   0, 0
      927,        8.278, 0.326,  1.154,  13,   0, 0
      928,        8.284, 0.336,  1.534,  13,   0, 0
      929,        8.290, 0.298,  0.090,  13,   0, 0
      930,        8.296, 0.285, -0.401,  13,   0, 0
      931,        8.325, 0.305,  0.362,  13,   0, 0
      932,        8.330, 0.320,  0.885,  13,   0, 0
      933,        8.337, 0.291, -0.211,  13,   0, 0
      934,        8.342, 0.292, -0.191,  13,   0, 0
      935,        8.348, 0.291, -0.244,  13,   0, 0
      936,        8.355, 0.294, -0.107,  13,   0, 0
      937,        8.361, 0.308,  0.393,  13,   0, 0
      938,        8.369, 0.292, -0.219,  13,   0, 0
      939,        8.376, 0.286, -0.480,  13,   0, 0
      940,        8.382, 0.322,  0.958,  13,   0, 0
      941,        8.410, 0.280, -0.826,  13,   0, 0
      942,        8.416, 0.280, -0.843,  13,   0, 0
      943,        8.422, 0.293, -0.294,  13,   0, 0
      944,        8.428, 0.307,  0.318,  13,   0, 0
      945,        8.434, 0.324,  1.049,  13,   0, 0
      946,        8.440, 0.301,  0.018,  13,   0, 0
      947,        8.446, 0.315,  0.603,  13,   0, 0
      948,        8.452, 0.326,  1.103,  13,   0, 0
      949,        8.458, 0.322,  0.906,  13,   0, 0
      950,        8.464, 0.321,  0.839,  13,   0, 0
      951,        8.493, 0.321,  0.825,  13,   0, 0
      952,        8.499, 0.322,  0.864,  13,   0, 0
      953,        8.507, 0.311,  0.373,  13,   0, 0
      954,        8.512, 0.279, -1.035,  13,   0, 0
      955,        8.519, 0.281, -0.935,  13,   0, 0
      956,        8.525, 0.278, -1.064,  13,   0, 0
      957,        8.530, 0.273, -1.297,  13,   0, 0
      958,        8.537, 0.287, -0.695,  13,   0, 0
      959,        8.542, 0.303,  0.012,  13,   0, 0
      960,        8.549, 0.288, -0.653,  13,   0, 0
      961,        8.577, 0.287, -0.694,  13,   0, 0
      962,        8.583, 0.281, -0.962,  13,   0, 0
      963,        8.589, 0.295, -0.369,  13,   0, 0
      964,        8.595, 0.279, -1.064,  13,   0, 0
      965,        8.601, 0.301, -0.101,  13,   0, 0
      966,        8.608, 0.263, -1.779,  13,   0, 0
      967,        8.614, 0.272, -1.353,  13,   0, 0
      968,        8.622, 0.279, -1.047,  13,   0, 0
      969,        8.628, 0.277, -1.090,  13,   0, 0
      970,        8.634, 0.259, -1.880,  13,   0, 0
      971,        8.663, 0.287, -0.659,  13,   0, 0
      972,        8.669, 0.287, -0.692,  13,   0, 0
      973,        8.675, 0.288, -0.673,  13,   0, 0
      974,        8.681, 0.288, -0.686,  13,   0, 0
      975,        8.687, 0.254, -2.173,  14,   1, 0
      976,        8.698, 0.244, -2.576,  14,   2, 0
      977,        8.709, 0.226, -3.258,  14,   3, 0
      978,        8.720, 0.240, -2.525,  14,   4, 0
      979,        8.732, 0.275, -1.022,  14,   0, 0
      980,        8.740, 0.279, -0.851,  14,   0, 0
      981,        8.768, 0.278, -0.893,  14,   0, 0
      982,        8.774, 0.252, -1.917,  14,   0, 0
      983,        8.779, 0.272, -1.088,  14,   0, 0
      984,        8.786, 0.272, -1.070,  14,   0, 0
      985,        8.791, 0.267, -1.240,  14,   0, 0
      986,        8.797, 0.273, -0.979,  14,   0, 0
      987,        8.804, 0.281, -0.649,  14,   0, 0
      988,        8.810, 0.279, -0.716,  14,   0, 0
      989,        8.817, 0.302,  0.187,  14,   0, 0
      990,        8.823, 0.296, -0.042,  14,   0, 0
      991,        8.852, 0.295, -0.069,  14,   0, 0
      992,        8.860, 0.281, -0.637,  14,   0, 0
      993,        8.868, 0.267, -1.185,  14,   0, 0
      994,        8.874, 0.237, -2.358,  15,   1, 0
      995,        8.885, 0.230, -2.573,  15,   2, 0
      996,        8.896, 0.210, -3.235,  15,   3, 0
      997,        8.908, 0.212, -3.015,  15,   4, 0
      998,        8.920, 0.208, -3.021,  15,   5, 0
      999,        8.932, 0.208, -2.892,  15,   6, 0
     1000,        8.944, 0.230, -2.051,  15,   7, 0
     1001,        8.980, 0.230, -1.995,  15,   0, 0
     1002,        8.987, 0.259, -1.021,  15,   0, 0
     1003,        8.993, 0.259, -1.006,  15,   0, 0
     1004,        9.000, 0.273, -0.554,  15,   0, 0
     1005,        9.007, 0.251, -1.222,  15,   0, 0
     1006,        9.013, 0.266, -0.742,  15,   0, 0
     1007,        9.019, 0.250, -1.237,  15,   0, 0
     1008,        9.025, 0.244, -1.397,  15,   0, 0
     1009,        9.030, 0.238, -1.556,  15,   0, 0
     1010,        9.036, 0.266, -0.690,  15,   0, 0
     1011,        9.065, 0.261, -0.830,  15,   0, 0
     1012,        9.071, 0.266, -0.668,  15,   0, 0
     1013,        9.077, 0.280, -0.221,  15,   0, 0
     1014,        9.083, 0.280, -0.220,  15,   0, 0
     1015,        9.090, 0.288,  0.004,  15,   0, 0
     1016,        9.096, 0.286, -0.040,  15,   0, 0
     1017,        9.103, 0.288, -0.000,  15,   0, 0
     1018,        9.109, 0.280, -0.227,  15,   0, 0
     1019,        9.116, 0.272, -0.472,  15,   0, 0
     1020,        9.122, 0.244, -1.344,  15,   0, 0
     1021,        9.150, 0.242, -1.375,  15,   0, 0
     1022,        9.156, 0.279, -0.242,  15,   0, 0
     1023,        9.162, 0.272, -0.446,  15,   0, 0
     1024,        9.168, 0.267, -0.604,  15,   0, 0
     1025,        9.174, 0.274, -0.394,  15,   0, 0
     1026,        9.180, 0.273, -0.426,  15,   0, 0
     1027,        9.186, 0.292,  0.151,  15,   0, 0
     1028,        9.192, 0.286, -0.017,  15,   0, 0
     1029,        9.201, 0.301,  0.420,  15,   0, 0
     1030,        9.209, 0.293,  0.207,  15,   0, 0
     1031,        9.238, 0.280, -0.180,  15,   0, 0
     1032,        9.244, 0.259, -0.821,  15,   0, 0
     1033,        9.249, 0.267, -0.561,  15,   0, 0
     1034,        9.255, 0.282, -0.089,  15,   0, 0
     1035,        9.261, 0.280, -0.145,  15,   0, 0
     1036,        9.267, 0.280, -0.132,  15,   0, 0
     1037,        9.273, 0.286,  0.095,  15,   0, 0
     1038,        9.279, 0.286,  0.112,  15,   0, 0
     1039,        9.285, 0.267, -0.503,  15,   0, 0
     1040,        9.291, 0.285,  0.107,  15,   0, 0
     1041,        9.320, 0.274, -0.260,  15,   0, 0
     1042,        9.329, 0.278, -0.086,  15,   0, 0
     1043,        9.336, 0.278, -0.077,  15,   0, 0
     1044,        9.342, 0.278, -0.051,  15,   0, 0
     1045,        9.348, 0.265, -0.545,  15,   0, 0
     1046,        9.354, 0.263, -0.598,  15,   0, 0
     1047,        9.360, 0.256, -0.838,  15,   0, 0
     1048,        9.366, 0.288,  0.418,  15,   0, 0
     1049,        9.372, 0.294,  0.707,  15,   0, 0
     1050,        9.377, 0.292,  0.619,  15,   0, 0
     1051,        9.405, 0.292,  0.616,  15,   0, 0
     1052,        9.412, 0.284,  0.301,  15,   0, 0
     1053,        9.418, 0.284,  0.317,  15,   0, 0
     1054,        9.424, 0.307,  1.285,  15,   0, 0
     1055,        9.430, 0.298,  0.902,  15,   0, 0
     1056,        9.436, 0.312,  1.457,  15,   0, 0
     1057,        9.443, 0.300,  0.930,  15,   0, 0
     1058,        9.452, 0.325,  1.986,  15,   0, 0
     1059,        9.458, 0.299,  0.884,  15,   0, 0
     1060,        9.464, 0.309,  1.275,  15,   0, 0
     1061,        9.493, 0.259, -0.718,  15,   0, 0
     1062,        9.499, 0.273, -0.163,  15,   0, 0
     1063,        9.505, 0.271, -0.239,  15,   0, 0
     1064,        9.511, 0.273, -0.150,  15,   0, 0
     1065,        9.517, 0.299,  0.925,  15,   0, 0
     1066,        9.524, 0.307,  1.287,  15,   0, 0
     1067,        9.530, 0.280,  0.177,  15,   0, 0
     1068,        9.536, 0.293,  0.735,  15,   0, 0
     1069,        9.542, 0.293,  0.744,  15,   0, 0
     1070,        9.548, 0.317,  1.798,  15,   0, 0
     1071,        9.579, 0.308,  1.391,  15,   0, 0
     1072,        9.586, 0.292,  0.728,  15,   0, 0
     1073,        9.592, 0.295,  0.872,  15,   0, 0
     1074,        9.598, 0.280,  0.218,  15,   0, 0
     1075,        9.605, 0.280,  0.218,  15,   0, 0
     1076,        9.612, 0.272, -0.106,  15,   0, 0
     1077,        9.618, 0.312,  1.634,  15,   0, 0
     1078,        9.623, 0.284,  0.401,  15,   0, 0
     1079,        9.630, 0.298,  1.008,  15,   0, 0
     1080,        9.636, 0.271, -0.174,  15,   0, 0
     1081,        9.664, 0.271, -0.168,  15,   0, 0
     1082,        9.670, 0.299,  1.077,  15,   0, 0
     1083,        9.676, 0.298,  1.034,  15,   0, 0
     1084,        9.681, 0.313,  1.658,  15,   0, 0
     1085,        9.688, 0.313,  1.627,  15,   0, 0
     1086,        9.695, 0.325,  2.131,  15,   0, 0
     1087,        9.702, 0.313,  1.564,  15,   0, 0
     1088,        9.711, 0.326,  2.077,  15,   0, 0
     1089,        9.717, 0.336,  2.472,  15,   0, 0
     1090,        9.723, 0.300,  0.942,  15,   0, 0
     1091,        9.751, 0.341,  2.548,  15,   0, 0
     1092,        9.756, 0.315,  1.452,  15,   0, 0
     1093,        9.762, 0.322,  1.720,  15,   0, 0
     1094,        9.768, 0.326,  1.825,  15,   0, 0
     1095,        9.774, 0.313,  1.290,  15,   0, 0
     1096,        9.779, 0.336,  2.133,  15,   0, 0
     1097,        9.786, 0.314,  1.274,  15,   0, 0
     1098,        9.792, 0.323,  1.582,  15,   0, 0
     1099,        9.797, 0.323,  1.556,  15,   0, 0
     1100,        9.804, 0.337,  2.051,  15,   0, 0
     1101,        9.832, 0.321,  1.428,  15,   0, 0
     1102,        9.839, 0.322,  1.428,  15,   0, 0
     1103,        9.845, 0.324,  1.476,  15,   0, 0
     1104,        9.851, 0.305,  0.780,  15,   0, 0
     1105,        9.857, 0.265, -0.683,  15,   0, 0
     1106,        9.864, 0.281, -0.113,  15,   0, 0
     1107,        9.870, 0.257, -0.947,  15,   0, 0
     1108,        9.875, 0.244, -1.421,  15,   0, 0
     1109,        9.882, 0.250, -1.193,  15,   0, 0
     1110,        9.888, 0.265, -0.633,  15,   0, 0
     1111,        9.915, 0.238, -1.594,  15,   0, 0
     1112,        9.922, 0.265, -0.608,  15,   0, 0
     1113,        9.928, 0.244, -1.331,  15,   0, 0
     1114,        9.934, 0.265, -0.592,  15,   0, 0
     1115,        9.939, 0.273, -0.306,  15,   0, 0
     1116,        9.946, 0.257, -0.887,  15,   0, 0
     1117,        9.952, 0.251, -1.163,  15,   0, 0
     1118,        9.960, 0.257, -0.957,  15,   0, 0
     1119,        9.966, 0.251, -1.255,  15,   0, 0
     1120,        9.973, 0.257, -1.047,  15,   0, 0
     1121,       10.001, 0.263, -0.834,  15,   0, 0
     1122,       10.007, 0.244, -1.657,  15,   0, 0
     1123,       10.013, 0.236, -1.976,  15,   0, 0
     1124,       10.018, 0.287,  0.110,  15,   0, 0
     1125,       10.026, 0.250, -1.371,  15,   0, 0
     1126,       10.032, 0.267, -0.701,  15,   0, 0
     1127,       10.038, 0.274, -0.409,  15,   0, 0
     1128,       10.043, 0.267, -0.724,  15,   0, 0
     1129,       10.050, 0.265, -0.809,  15,   0, 0
     1130,       10.056, 0.264, -0.856,  15,   0, 0
     1131,       10.085, 0.264, -0.881,  15,   0, 0
     1132,       10.093, 0.268, -0.700,  15,   0, 0
     1133,       10.101, 0.280, -0.198,  15,   0, 0
     1134,       10.107, 0.267, -0.755,  15,   0, 0
     1135,       10.113, 0.258, -1.109,  15,   0, 0
     1136,       10.119, 0.287,  0.096,  15,   0, 0
     1137,       10.124, 0.272, -0.508,  15,   0, 0
     1138,       10.131, 0.258, -1.087,  15,   0, 0
     1139,       10.137, 0.271, -0.548,  15,   0, 0
     1140,       10.143, 0.257, -1.091,  15,   0, 0
     1141,       10.172, 0.272, -0.499,  15,   0, 0
     1142,       10.178, 0.287,  0.096,  15,   0, 0
     1143,       10.184, 0.264, -0.879,  15,   0, 0
     1144,       10.191, 0.271, -0.571,  15,   0, 0
     1145,       10.197, 0.271, -0.573,  15,   0, 0
     1146,       10.204, 0.257, -1.125,  15,   0, 0
     1147,       10.211, 0.272, -0.507,  15,   0, 0
     1148,       10.218, 0.257, -1.107,  15,   0, 0
     1149,       10.225, 0.256, -1.149,  15,   0, 0
     1150,       10.231, 0.279, -0.201,  15,   0, 0
     1151,       10.258, 0.266, -0.722,  15,   0, 0
     1152,       10.264, 0.279, -0.191,  15,   0, 0
     1153,       10.270, 0.286,  0.104,  15,   0, 0
     1154,       10.276, 0.292,  0.327,  15,   0, 0
     1155,       10.282, 0.300,  0.656,  15,   0, 0
     1156,       10.288, 0.285,  0.022,  15,   0, 0
     1157,       10.294, 0.291,  0.270,  15,   0, 0
     1158,       10.301, 0.291,  0.300,  15,   0, 0
     1159,       10.306, 0.277, -0.273,  15,   0, 0
     1160,       10.313, 0.293,  0.348,  15,   0, 0
     1161,       10.342, 0.278, -0.249,  15,   0, 0
     1162,       10.350, 0.265, -0.801,  15,   0, 0
     1163,       10.356, 0.302,  0.713,  15,   0, 0
     1164,       10.362, 0.302,  0.704,  15,   0, 0
     1165,       10.368, 0.302,  0.695,  15,   0, 0
     1166,       10.374, 0.278, -0.266,  15,   0, 0
     1167,       10.380, 0.273, -0.500,  15,   0, 0
     1168,       10.386, 0.289,  0.168,  15,   0, 0
     1169,       10.392, 0.288,  0.099,  15,   0, 0
     1170,       10.398, 0.289,  0.161,  15,   0, 0
     1171,       10.426, 0.303,  0.735,  15,   0, 0
     1172,       10.431, 0.282, -0.145,  15,   0, 0
     1173,       10.437, 0.288,  0.134,  15,   0, 0
     1174,       10.443, 0.293,  0.336,  15,   0, 0
     1175,       10.448, 0.293,  0.342,  15,   0, 0
     1176,       10.455, 0.274, -0.443,  15,   0, 0
     1177,       10.461, 0.274, -0.459,  15,   0, 0
     1178,       10.468, 0.300,  0.664,  15,   0, 0
     1179,       10.476, 0.308,  0.981,  15,   0, 0
     1180,       10.482, 0.293,  0.354,  15,   0, 0
     1181,       10.510, 0.312,  1.174,  15,   0, 0
     1182,       10.516, 0.309,  1.026,  15,   0, 0
     1183,       10.522, 0.285, -0.015,  15,   0, 0
     1184,       10.527, 0.307,  0.922,  15,   0, 0
     1185,       10.533, 0.316,  1.274,  15,   0, 0
     1186,       10.539, 0.307,  0.897,  15,   0, 0
     1187,       10.546, 0.321,  1.464,  15,   0, 0
     1188,       10.553, 0.331,  1.860,  15,   0, 0
     1189,       10.558, 0.320,  1.399,  15,   0, 0
     1190,       10.564, 0.322,  1.425,  15,   0, 0
     1191,       10.593, 0.344,  2.325,  15,   0, 0
     1192,       10.599, 0.331,  1.768,  15,   0, 0
     1193,       10.608, 0.320,  1.307,  15,   0, 0
     1194,       10.614, 0.317,  1.136,  15,   0, 0
     1195,       10.620, 0.330,  1.655,  15,   0, 0
     1196,       10.626, 0.313,  0.942,  15,   0, 0
     1197,       10.632, 0.322,  1.297,  15,   0, 0
     1198,       10.639, 0.326,  1.412,  15,   0, 0
     1199,       10.644, 0.345,  2.127,  15,   0, 0
     1200,       10.650, 0.336,  1.747,  15,   0, 0
     1201,       10.678, 0.345,  2.033,  15,   0, 0
     1202,       10.685, 0.336,  1.661,  15,   0, 0
     1203,       10.691, 0.348,  2.051,  15,   0, 0
     1204,       10.697, 0.335,  1.552,  15,   0, 0
     1205,       10.703, 0.336,  1.572,  15,   0, 0
     1206,       10.709, 0.364,  2.519,  15,   0, 0
     1207,       10.717, 0.337,  1.517,  15,   0, 0
     1208,       10.725, 0.327,  1.163,  15,   0, 0
     1209,       10.730, 0.308,  0.526,  15,   0, 0
     1210,       10.737, 0.307,  0.513,  15,   0, 0
     1211,       10.765, 0.307,  0.510,  15,   0, 0
     1212,       10.772, 0.326,  1.166,  15,   0, 0
     1213,       10.778, 0.320,  0.987,  15,   0, 0
     1214,       10.784, 0.285, -0.216,  15,   0, 0
     1215,       10.790, 0.271, -0.701,  15,   0, 0
     1216,       10.796, 0.271, -0.689,  15,   0, 0
     1217,       10.802, 0.272, -0.648,  15,   0, 0
     1218,       10.808, 0.270, -0.706,  15,   0, 0
     1219,       10.814, 0.309,  0.672,  15,   0, 0
     1220,       10.820, 0.294,  0.170,  15,   0, 0
     1221,       10.853, 0.279, -0.359,  15,   0, 0
     1222,       10.859, 0.312,  0.829,  15,   0, 0
     1223,       10.865, 0.279, -0.346,  15,   0, 0
     1224,       10.871, 0.285, -0.099,  15,   0, 0
     1225,       10.876, 0.267, -0.768,  15,   0, 0
     1226,       10.882, 0.292,  0.148,  15,   0, 0
     1227,       10.888, 0.309,  0.738,  15,   0, 0
     1228,       10.894, 0.265, -0.848,  15,   0, 0
     1229,       10.901, 0.250, -1.413,  15,   0, 0
     1230,       10.907, 0.236, -1.921,  15,   0, 0
     1231,       10.936, 0.236, -1.895,  15,   0, 0
     1232,       10.942, 0.265, -0.838,  15,   0, 0
     1233,       10.948, 0.267, -0.783,  15,   0, 0
     1234,       10.958, 0.268, -0.756,  15,   0, 0
     1235,       10.968, 0.254, -1.273,  15,   0, 0
     1236,       10.975, 0.250, -1.373,  15,   0, 0
     1237,       10.981, 0.295,  0.245,  15,   0, 0
     1238,       10.987, 0.310,  0.764,  15,   0, 0
     1239,       10.993, 0.272, -0.618,  15,   0, 0
     1240,       11.000, 0.280, -0.334,  15,   0, 0
     1241,       11.028, 0.286, -0.123,  15,   0, 0
     1242,       11.034, 0.266, -0.883,  15,   0, 0
     1243,       11.040, 0.279, -0.415,  15,   0, 0
     1244,       11.046, 0.310,  0.740,  15,   0, 0
     1245,       11.052, 0.295,  0.178,  15,   0, 0
     1246,       11.058, 0.310,  0.724,  15,   0, 0
     1247,       11.064, 0.309,  0.669,  15,   0, 0
     1248,       11.075, 0.280, -0.451,  15,   0, 0
     1249,       11.082, 0.280, -0.462,  15,   0, 0
     1250,       11.088, 0.310,  0.696,  15,   0, 0
     1251,       11.117, 0.309,  0.633,  15,   0, 0
     1252,       11.123, 0.322,  1.127,  15,   0, 0
     1253,       11.130, 0.311,  0.701,  15,   0, 0
     1254,       11.136, 0.312,  0.719,  15,   0, 0
     1255,       11.142, 0.335,  1.592,  15,   0, 0
     1256,       11.148, 0.293, -0.059,  15,   0, 0
     1257,       11.154, 0.278, -0.619,  15,   0, 0
     1258,       11.160, 0.306,  0.443,  15,   0, 0
     1259,       11.166, 0.306,  0.446,  15,   0, 0
     1260,       11.175, 0.284, -0.439,  15,   0, 0
     1261,       11.204, 0.292, -0.139,  15,   0, 0
     1262,       11.213, 0.293, -0.098,  15,   0, 0
     1263,       11.219, 0.324,  1.136,  15,   0, 0
     1264,       11.225, 0.324,  1.118,  15,   0, 0
     1265,       11.231, 0.310,  0.532,  15,   0, 0
     1266,       11.237, 0.280, -0.667,  15,   0, 0
     1267,       11.243, 0.280, -0.680,  15,   0, 0
     1268,       11.249, 0.281, -0.629,  15,   0, 0
     1269,       11.256, 0.280, -0.698,  15,   0, 0
     1270,       11.262, 0.306,  0.333,  15,   0, 0
     1271,       11.290, 0.279, -0.780,  15,   0, 0
     1272,       11.296, 0.307,  0.378,  15,   0, 0
     1273,       11.302, 0.294, -0.172,  15,   0, 0
     1274,       11.308, 0.281, -0.689,  15,   0, 0
     1275,       11.315, 0.308,  0.389,  15,   0, 0
     1276,       11.323, 0.307,  0.366,  15,   0, 0
     1277,       11.330, 0.308,  0.379,  15,   0, 0
     1278,       11.337, 0.308,  0.382,  15,   0, 0
     1279,       11.343, 0.323,  0.984,  15,   0, 0
     1280,       11.349, 0.308,  0.351,  15,   0, 0
     1281,       11.376, 0.294, -0.214,  15,   0, 0
     1282,       11.382, 0.278, -0.865,  15,   0, 0
     1283,       11.388, 0.286, -0.542,  15,   0, 0
     1284,       11.395, 0.280, -0.784,  15,   0, 0
     1285,       11.401, 0.286, -0.527,  15,   0, 0
     1286,       11.407, 0.286, -0.522,  15,   0, 0
     1287,       11.412, 0.280, -0.773,  15,   0, 0
     1288,       11.418, 0.280, -0.804,  15,   0, 0
     1289,       11.424, 0.278, -0.856,  15,   0, 0
     1290,       11.432, 0.286, -0.521,  15,   0, 0
     1291,       11.461, 0.279, -0.831,  15,   0, 0
     1292,       11.468, 0.279, -0.820,  15,   0, 0
     1293,       11.474, 0.280, -0.780,  15,   0, 0
     1294,       11.480, 0.277, -0.868,  15,   0, 0
     1295,       11.486, 0.280, -0.768,  15,   0, 0
     1296,       11.492, 0.280, -0.762,  15,   0, 0
     1297,       11.499, 0.265, -1.364,  15,   0, 0
     1298,       11.504, 0.281, -0.708,  15,   0, 0
     1299,       11.510, 0.268, -1.244,  15,   0, 0
     1300,       11.516, 0.289, -0.355,  15,   0, 0
     1301,       11.544, 0.283, -0.615,  15,   0, 0
     1302,       11.550, 0.310,  0.500,  15,   0, 0
     1303,       11.557, 0.295, -0.100,  15,   0, 0
     1304,       11.563, 0.270, -1.114,  15,   0, 0
     1305,       11.569, 0.278, -0.796,  15,   0, 0
     1306,       11.575, 0.280, -0.673,  15,   0, 0
     1307,       11.584, 0.280, -0.663,  15,   0, 0
     1308,       11.593, 0.294, -0.093,  15,   0, 0
     1309,       11.598, 0.291, -0.202,  15,   0, 0
     1310,       11.605, 0.287, -0.373,  15,   0, 0
     1311,       11.634, 0.344,  1.976,  15,   0, 0
     1312,       11.640, 0.330,  1.400,  15,   0, 0
     1313,       11.645, 0.361,  2.658,  15,   0, 0
     1314,       11.651, 0.375,  3.134,  15,   0, 0
     1315,       11.657, 0.381,  3.254,  15,   0, 0
     1316,       11.663, 0.365,  2.512,  15,   0, 0
     1317,       11.669, 0.365,  2.455,  15,   0, 0
     1318,       11.676, 0.352,  1.941,  15,   0, 0
     1319,       11.682, 0.324,  0.928,  15,   0, 0
     1320,       11.689, 0.324,  0.941,  15,   0, 0
     1321,       11.717, 0.324,  0.948,  15,   0, 0
     1322,       11.725, 0.324,  0.963,  15,   0, 0
     1323,       11.732, 0.324,  0.970,  15,   0, 0
     1324,       11.738, 0.352,  2.006,  15,   0, 0
     1325,       11.744, 0.378,  2.912,  15,   0, 0
     1326,       11.751, 0.324,  0.940,  15,   0, 0
     1327,       11.756, 0.348,  1.818,  15,   0, 0
     1328,       11.762, 0.337,  1.424,  15,   0, 0
     1329,       11.769, 0.350,  1.852,  15,   0, 0
     1330,       11.774, 0.352,  1.889,  15,   0, 0
     1331,       11.802, 0.365,  2.311,  15,   0, 0
     1332,       11.809, 0.362,  2.125,  15,   0, 0
     1333,       11.814, 0.347,  1.603,  15,   0, 0
     1334,       11.820, 0.335,  1.189,  15,   0, 0
     1335,       11.826, 0.349,  1.603,  15,   0, 0
     1336,       11.834, 0.326,  0.822,  15,   0, 0
     1337,       11.841, 0.321,  0.652,  15,   0, 0
     1338,       11.847, 0.320,  0.602,  15,   0, 0
     1339,       11.853, 0.319,  0.581,  15,   0, 0
     1340,       11.860, 0.291, -0.363,  15,   0, 0
     1341,       11.888, 0.306,  0.157,  15,   0, 0
     1342,       11.894, 0.305,  0.105,  15,   0, 0
     1343,       11.900, 0.305,  0.107,  15,   0, 0
     1344,       11.906, 0.319,  0.556,  15,   0, 0
     1345,       11.912, 0.292, -0.327,  15,   0, 0
     1346,       11.918, 0.306,  0.130,  15,   0, 0
     1347,       11.924, 0.329,  0.885,  15,   0, 0
     1348,       11.930, 0.314,  0.359,  15,   0, 0
     1349,       11.936, 0.312,  0.281,  15,   0, 0
     1350,       11.943, 0.335,  1.058,  15,   0, 0
     1351,       11.972, 0.334,  1.011,  15,   0, 0
     1352,       11.977, 0.321,  0.545,  15,   0, 0
     1353,       11.987, 0.334,  0.994,  15,   0, 0
     1354,       11.994, 0.334,  0.978,  15,   0, 0
     1355,       12.000, 0.334,  0.962,  15,   0, 0
     1356,       12.006, 0.320,  0.435,  15,   0, 0
     1357,       12.012, 0.319,  0.408,  15,   0, 0
     1358,       12.018, 0.287, -0.771,  15,   0, 0
     1359,       12.025, 0.295, -0.469,  15,   0, 0
     1360,       12.030, 0.291, -0.629,  15,   0, 0
     1361,       12.059, 0.314,  0.202,  15,   0, 0
     1362,       12.065, 0.308, -0.045,  15,   0, 0
     1363,       12.072, 0.307, -0.066,  15,   0, 0
     1364,       12.078, 0.294, -0.569,  15,   0, 0
     1365,       12.084, 0.306, -0.135,  15,   0, 0
     1366,       12.090, 0.297, -0.442,  15,   0, 0
     1367,       12.097, 0.285, -0.919,  15,   0, 0
     1368,       12.105, 0.309, -0.004,  15,   0, 0
     1369,       12.112, 0.293, -0.593,  15,   0, 0
     1370,       12.119, 0.308, -0.051,  15,   0, 0
     1371,       12.147, 0.279, -1.146,  15,   0, 0
     1372,       12.153, 0.322,  0.491,  15,   0, 0
     1373,       12.159, 0.280, -1.103,  15,   0, 0
     1374,       12.164, 0.309,  0.009,  15,   0, 0
     1375,       12.171, 0.294, -0.542,  15,   0, 0
     1376,       12.176, 0.308, -0.032,  15,   0, 0
     1377,       12.182, 0.309, -0.001,  15,   0, 0
     1378,       12.188, 0.329,  0.746,  15,   0, 0
     1379,       12.194, 0.298, -0.418,  15,   0, 0
     1380,       12.200, 0.285, -0.878,  15,   0, 0
     1381,       12.228, 0.271, -1.405,  15,   0, 0
     1382,       12.234, 0.298, -0.400,  15,   0, 0
     1383,       12.242, 0.285, -0.869,  15,   0, 0
     1384,       12.248, 0.271, -1.377,  15,   0, 0
     1385,       12.254, 0.256, -1.912,  15,   0, 0
     1386,       12.260, 0.280, -1.021,  15,   0, 0
     1387,       12.267, 0.280, -1.020,  15,   0, 0
     1388,       12.273, 0.292, -0.570,  15,   0, 0
     1389,       12.279, 0.280, -1.006,  15,   0, 0
     1390,       12.285, 0.256, -1.871,  15,   0, 0
     1391,       12.313, 0.271, -1.311,  15,   0, 0
     1392,       12.319, 0.271, -1.282,  15,   0, 0
     1393,       12.325, 0.270, -1.309,  15,   0, 0
     1394,       12.331, 0.279, -0.987,  15,   0, 0
     1395,       12.337, 0.271, -1.269,  15,   0, 0
     1396,       12.344, 0.266, -1.418,  15,   0, 0
     1397,       12.350, 0.271, -1.205,  15,   0, 0
     1398,       12.356, 0.271, -1.210,  15,   0, 0
     1399,       12.362, 0.269, -1.237,  15,   0, 0
     1400,       12.369, 0.292, -0.455,  15,   0, 0
     1401,       12.398, 0.280, -0.866,  15,   0, 0
     1402,       12.404, 0.292, -0.444,  15,   0, 0
     1403,       12.410, 0.293, -0.416,  15,   0, 0
     1404,       12.415, 0.291, -0.463,  15,   0, 0
     1405,       12.422, 0.293, -0.423,  15,   0, 0
     1406,       12.428, 0.280, -0.876,  15,   0, 0
     1407,       12.434, 0.267, -1.312,  15,   0, 0
     1408,       12.439, 0.280, -0.865,  15,   0, 0
     1409,       12.445, 0.292, -0.424,  15,   0, 0
     1410,       12.451, 0.293, -0.410,  15,   0, 0
     1411,       12.498, 0.293, -0.424,  15,   0, 0
     1412,       12.507, 0.278, -0.925,  15,   0, 0
     1413,       12.516, 0.264, -1.429,  15,   0, 0
     1414,       12.522, 0.264, -1.417,  15,   0, 0
     1415,       12.528, 0.281, -0.819,  15,   0, 0
     1416,       12.534, 0.280, -0.863,  15,   0, 0
     1417,       12.554, 0.285, -0.668,  15,   0, 0
     1418,       12.561, 0.280, -0.874,  15,   0, 0
     1419,       12.567, 0.265, -1.376,  15,   0, 0
     1420,       12.572, 0.280, -0.872,  15,   0, 0
     1421,       12.599, 0.281, -0.823,  15,   0, 0
     1422,       12.605, 0.295, -0.322,  15,   0, 0
     1423,       12.611, 0.323,  0.628,  15,   0, 0
     1424,       12.620, 0.292, -0.429,  15,   0, 0
     1425,       12.627, 0.294, -0.381,  15,   0, 0
     1426,       12.633, 0.280, -0.888,  15,   0, 0
     1427,       12.639, 0.294, -0.394,  15,   0, 0
     1428,       12.645, 0.291, -0.486,  15,   0, 0
     1429,       12.651, 0.278, -0.937,  15,   0, 0
     1430,       12.657, 0.280, -0.886,  15,   0, 0
     1431,       12.687, 0.293, -0.421,  15,   0, 0
     1432,       12.692, 0.281, -0.805,  15,   0, 0
     1433,       12.698, 0.272, -1.118,  15,   0, 0
     1434,       12.705, 0.267, -1.272,  15,   0, 0
     1435,       12.711, 0.294, -0.323,  15,   0, 0
     1436,       12.717, 0.292, -0.355,  15,   0, 0
     1437,       12.723, 0.294, -0.286,  15,   0, 0
     1438,       12.730, 0.292, -0.326,  15,   0, 0
     1439,       12.737, 0.279, -0.847,  15,   0, 0
     1440,       12.743, 0.279, -0.833,  15,   0, 0
     1441,       12.771, 0.264, -1.385,  15,   0, 0
     1442,       12.778, 0.277, -0.847,  15,   0, 0
     1443,       12.784, 0.278, -0.803,  15,   0, 0
     1444,       12.790, 0.266, -1.283,  15,   0, 0
     1445,       12.795, 0.292, -0.228,  15,   0, 0
     1446,       12.801, 0.279, -0.753,  15,   0, 0
     1447,       12.809, 0.264, -1.340,  15,   0, 0
     1448,       12.814, 0.264, -1.328,  15,   0, 0
     1449,       12.821, 0.279, -0.698,  15,   0, 0
     1450,       12.828, 0.266, -1.242,  15,   0, 0
     1451,       12.857, 0.279, -0.669,  15,   0, 0
     1452,       12.865, 0.277, -0.725,  15,   0, 0
     1453,       12.874, 0.280, -0.623,  15,   0, 0
     1454,       12.879, 0.280, -0.613,  15,   0, 0
     1455,       12.885, 0.265, -1.338,  15,   0, 0
     1456,       12.891, 0.280, -0.582,  15,   0, 0
     1457,       12.897, 0.279, -0.609,  15,   0, 0
     1458,       12.903, 0.271, -1.019,  15,   0, 0
     1459,       12.909, 0.277, -0.647,  15,   0, 0
     1460,       12.915, 0.280, -0.524,  15,   0, 0
     1461,       12.944, 0.293,  0.185,  15,   0, 0
     1462,       12.950, 0.289, -0.023,  15,   0, 0
     1463,       12.957, 0.271, -0.946,  15,   0, 0
     1464,       12.966, 0.278, -0.563,  15,   0, 0
     1465,       12.976, 0.266, -1.218,  15,   0, 0
     1466,       12.983, 0.259, -1.598,  15,   0, 0
     1467,       12.992, 0.258, -1.614,  15,   0, 0
     1468,       13.001, 0.260, -1.477,  15,   0, 0
     1469,       13.009, 0.263, -1.293,  15,   0, 0
     1470,       13.016, 0.277, -0.518,  15,   0, 0
     1471,       13.048, 0.266, -1.111,  15,   0, 0
     1472,       13.055, 0.271, -0.831,  15,   0, 0
     1473,       13.061, 0.245, -2.343,  16,   1, 0
     1474,       13.073, 0.265, -1.115,  16,   0, 0
     1475,       13.081, 0.259, -1.479,  16,   0, 0
     1476,       13.088, 0.264, -1.177,  16,   0, 0
     1477,       13.094, 0.256, -1.678,  16,   0, 0
     1478,       13.105, 0.283,  0.049,  16,   0, 0
     1479,       13.113, 0.264, -1.140,  16,   0, 0
     1480,       13.119, 0.271, -0.703,  16,   0, 0
     1481,       13.147, 0.259, -1.441,  16,   0, 0
     1482,       13.153, 0.271, -0.669,  16,   0, 0
     1483,       13.159, 0.264, -1.136,  16,   0, 0
     1484,       13.165, 0.269, -0.775,  16,   0, 0
     1485,       13.173, 0.280,  0.012,  16,   0, 0
     1486,       13.179, 0.292,  0.822,  16,   0, 0
     1487,       13.187, 0.270, -0.658,  16,   0, 0
     1488,       13.193, 0.284,  0.289,  16,   0, 0
     1489,       13.198, 0.269, -0.745,  16,   0, 0
     1490,       13.205, 0.272, -0.490,  16,   0, 0
     1491,       13.236, 0.263, -1.134,  16,   0, 0
     1492,       13.245, 0.271, -0.561,  16,   0, 0
     1493,       13.253, 0.300,  1.583,  16,   0, 0
     1494,       13.260, 0.284,  0.394,  16,   0, 0
     1495,       13.266, 0.301,  1.662,  16,   0, 0
     1496,       13.271, 0.294,  1.157,  16,   0, 0
     1497,       13.278, 0.292,  0.983,  16,   0, 0
     1498,       13.283, 0.299,  1.554,  16,   0, 0
     1499,       13.289, 0.296,  1.434,  16,   0, 0
     1500,       13.295, 0.272, -0.455,  16,   0, 0
     1501,       13.323, 0.272, -0.440,  16,   0, 0
     1502,       13.329, 0.265, -1.035,  16,   0, 0
     1503,       13.336, 0.256, -1.720,  16,   0, 0
     1504,       13.341, 0.272, -0.404,  16,   0, 0
     1505,       13.347, 0.249, -2.264,  17,   1, 0
     1506,       13.361, 0.272, -0.396,  17,   0, 0
     1507,       13.367, 0.272, -0.391,  17,   0, 0
     1508,       13.373, 0.264, -1.006,  17,   0, 0
     1509,       13.378, 0.264, -0.990,  17,   0, 0
     1510,       13.384, 0.257, -1.551,  17,   0, 0
     1511,       13.413, 0.263, -1.092,  17,   0, 0
     1512,       13.419, 0.266, -0.841,  17,   0, 0
     1513,       13.425, 0.264, -1.024,  17,   0, 0
     1514,       13.431, 0.293,  1.286,  17,   0, 0
     1515,       13.437, 0.306,  2.293,  17,   0, 0
     1516,       13.443, 0.324,  3.607,  17,   0, 0
     1517,       13.449, 0.338,  4.389,  17,   0, 0
     1518,       13.455, 0.338,  4.042,  17,   0, 0
     1519,       13.461, 0.351,  4.593,  17,   0, 0
     1520,       13.468, 0.363,  4.886,  17,   0, 0
     1521,       13.498, 0.351,  3.817,  17,   0, 0
     1522,       13.504, 0.366,  4.328,  17,   0, 0
     1523,       13.510, 0.353,  3.384,  17,   0, 0
     1524,       13.516, 0.338,  2.533,  17,   0, 0
     1525,       13.522, 0.339,  2.513,  17,   0, 0
     1526,       13.528, 0.354,  3.073,  17,   0, 0
     1527,       13.534, 0.366,  3.431,  17,   0, 0
     1528,       13.540, 0.368,  3.324,  17,   0, 0
     1529,       13.545, 0.366,  3.093,  17,   0, 0
     1530,       13.551, 0.353,  2.468,  17,   0, 0
     1531,       13.579, 0.355,  2.464,  17,   0, 0
     1532,       13.585, 0.327,  1.404,  17,   0, 0
     1533,       13.591, 0.298,  0.399,  17,   0, 0
     1534,       13.597, 0.298,  0.390,  17,   0, 0
     1535,       13.603, 0.300,  0.447,  17,   0, 0
     1536,       13.609, 0.285, -0.093,  17,   0, 0
     1537,       13.620, 0.312,  0.852,  17,   0, 0
     1538,       13.627, 0.307,  0.656,  17,   0, 0
     1539,       13.633, 0.272, -0.539,  17,   0, 0
     1540,       13.639, 0.320,  1.122,  17,   0, 0
     1541,       13.667, 0.308,  0.677,  17,   0, 0
     1542,       13.674, 0.313,  0.827,  17,   0, 0
     1543,       13.679, 0.308,  0.662,  17,   0, 0
     1544,       13.686, 0.299,  0.363,  17,   0, 0
     1545,       13.692, 0.314,  0.865,  17,   0, 0
     1546,       13.697, 0.334,  1.559,  17,   0, 0
     1547,       13.704, 0.327,  1.270,  17,   0, 0
     1548,       13.710, 0.324,  1.178,  17,   0, 0
     1549,       13.715, 0.345,  1.855,  17,   0, 0
     1550,       13.722, 0.320,  0.997,  17,   0, 0
     1551,       13.752, 0.321,  0.987,  17,   0, 0
     1552,       13.758, 0.329,  1.245,  17,   0, 0
     1553,       13.764, 0.358,  2.161,  17,   0, 0
     1554,       13.770, 0.347,  1.772,  17,   0, 0
     1555,       13.776, 0.347,  1.721,  17,   0, 0
     1556,       13.782, 0.347,  1.686,  17,   0, 0
     1557,       13.788, 0.347,  1.648,  17,   0, 0
     1558,       13.795, 0.333,  1.200,  17,   0, 0
     1559,       13.801, 0.339,  1.349,  17,   0, 0
     1560,       13.807, 0.339,  1.345,  17,   0, 0
     1561,       13.835, 0.335,  1.198,  17,   0, 0
     1562,       13.841, 0.326,  0.888,  17,   0, 0
     1563,       13.847, 0.336,  1.196,  17,   0, 0
     1564,       13.854, 0.324,  0.822,  17,   0, 0
     1565,       13.859, 0.338,  1.219,  17,   0, 0
     1566,       13.866, 0.335,  1.108,  17,   0, 0
     1567,       13.874, 0.326,  0.822,  17,   0, 0
     1568,       13.881, 0.327,  0.827,  17,   0, 0
     1569,       13.888, 0.339,  1.187,  17,   0, 0
     1570,       13.893, 0.340,  1.181,  17,   0, 0
     1571,       13.921, 0.339,  1.128,  17,   0, 0
     1572,       13.927, 0.339,  1.109,  17,   0, 0
     1573,       13.933, 0.314,  0.365,  17,   0, 0
     1574,       13.938, 0.339,  1.105,  17,   0, 0
     1575,       13.945, 0.346,  1.287,  17,   0, 0
     1576,       13.952, 0.312,  0.281,  17,   0, 0
     1577,       13.958, 0.338,  1.006,  17,   0, 0
     1578,       13.964, 0.350,  1.354,  17,   0, 0
     1579,       13.970, 0.321,  0.474,  17,   0, 0
     1580,       13.976, 0.357,  1.514,  17,   0, 0
     1581,       14.005, 0.348,  1.235,  17,   0, 0
     1582,       14.012, 0.319,  0.393,  17,   0, 0
     1583,       14.022, 0.334,  0.816,  17,   0, 0
     1584,       14.030, 0.333,  0.769,  17,   0, 0
     1585,       14.036, 0.348,  1.185,  17,   0, 0
     1586,       14.043, 0.338,  0.880,  17,   0, 0
     1587,       14.049, 0.347,  1.119,  17,   0, 0
     1588,       14.055, 0.347,  1.102,  17,   0, 0
     1589,       14.061, 0.338,  0.812,  17,   0, 0
     1590,       14.067, 0.333,  0.669,  17,   0, 0
     1591,       14.096, 0.346,  1.038,  17,   0, 0
     1592,       14.103, 0.357,  1.352,  17,   0, 0
     1593,       14.109, 0.322,  0.292,  17,   0, 0
     1594,       14.116, 0.323,  0.313,  17,   0, 0
     1595,       14.123, 0.335,  0.659,  17,   0, 0
     1596,       14.129, 0.323,  0.288,  17,   0, 0
     1597,       14.137, 0.351,  1.112,  17,   0, 0
     1598,       14.146, 0.351,  1.097,  17,   0, 0
     1599,       14.152, 0.351,  1.079,  17,   0, 0
     1600,       14.158, 0.335,  0.582,  17,   0, 0
     1601,       14.186, 0.335,  0.569,  17,   0, 0
     1602,       14.193, 0.322,  0.141,  17,   0, 0
     1603,       14.199, 0.350,  1.009,  17,   0, 0
     1604,       14.205, 0.313, -0.200,  17,   0, 0
     1605,       14.212, 0.351,  1.029,  17,   0, 0
     1606,       14.218, 0.338,  0.603,  17,   0, 0
     1607,       14.224, 0.336,  0.529,  17,   0, 0
     1608,       14.229, 0.330,  0.313,  17,   0, 0
     1609,       14.235, 0.344,  0.765,  17,   0, 0
     1610,       14.242, 0.329,  0.246,  17,   0, 0
     1611,       14.281, 0.330,  0.274,  17,   0, 0
     1612,       14.288, 0.358,  1.210,  17,   0, 0
     1613,       14.296, 0.358,  1.201,  17,   0, 0
     1614,       14.318, 0.358,  1.181,  17,   0, 0
     1615,       14.325, 0.357,  1.120,  17,   0, 0
     1616,       14.331, 0.344,  0.660,  17,   0, 0
     1617,       14.337, 0.357,  1.084,  17,   0, 0
     1618,       14.344, 0.329,  0.118,  17,   0, 0
     1619,       14.350, 0.321, -0.193,  17,   0, 0
     1620,       14.356, 0.358,  1.108,  17,   0, 0
     1621,       14.385, 0.332,  0.158,  17,   0, 0
     1622,       14.391, 0.329,  0.067,  17,   0, 0
     1623,       14.397, 0.335,  0.260,  17,   0, 0
     1624,       14.406, 0.317, -0.470,  17,   0, 0
     1625,       14.411, 0.315, -0.538,  17,   0, 0
     1626,       14.417, 0.329, -0.045,  17,   0, 0
     1627,       14.424, 0.328, -0.113,  17,   0, 0
     1628,       14.430, 0.329, -0.077,  17,   0, 0
     1629,       14.436, 0.315, -0.711,  17,   0, 0
     1630,       14.442, 0.306, -1.158,  17,   0, 0
     1631,       14.486, 0.325, -0.312,  17,   0, 0
     1632,       14.492, 0.336,  0.186,  17,   0, 0
     1633,       14.498, 0.335,  0.107,  17,   0, 0
     1634,       14.504, 0.335,  0.081,  17,   0, 0
     1635,       14.512, 0.286, -2.724,  18,   1, 0
     1636,       14.526, 0.230, -5.787,  18,   2, 0
     1637,       14.538, 0.174, -7.839,  18,   3, 0
     1638,       14.550, 0.232, -3.999,  18,   4, 0
     1639,       14.561, 0.232, -3.737,  18,   5, 0
     1640,       14.573, 0.286, -1.568,  18,   0, 0
     1641,       14.601, 0.287, -1.512,  18,   0, 0
     1642,       14.607, 0.290, -1.380,  18,   0, 0
     1643,       14.613, 0.302, -0.927,  18,   0, 0
     1644,       14.619, 0.342,  0.510,  18,   0, 0
     1645,       14.627, 0.335,  0.261,  18,   0, 0
     1646,       14.634, 0.281, -1.634,  18,   0, 0
     1647,       14.640, 0.307, -0.717,  18,   0, 0
     1648,       14.646, 0.280, -1.644,  18,   0, 0
     1649,       14.652, 0.325, -0.036,  18,   0, 0
     1650,       14.658, 0.335,  0.341,  18,   0, 0
     1651,       14.687, 0.343,  0.639,  18,   0, 0
     1652,       14.693, 0.321, -0.161,  18,   0, 0
     1653,       14.700, 0.321, -0.134,  18,   0, 0
     1654,       14.708, 0.309, -0.597,  18,   0, 0
     1655,       14.714, 0.330,  0.180,  18,   0, 0
     1656,       14.720, 0.324, -0.063,  18,   0, 0
     1657,       14.726, 0.336,  0.374,  18,   0, 0
     1658,       14.735, 0.329,  0.087,  18,   0, 0
     1659,       14.744, 0.351,  0.889,  18,   0, 0
     1660,       14.750, 0.321, -0.210,  18,   0, 0
     1661,       14.778, 0.323, -0.138,  18,   0, 0
     1662,       14.785, 0.328,  0.038,  18,   0, 0
     1663,       14.793, 0.305, -0.836,  18,   0, 0
     1664,       14.798, 0.320, -0.264,  18,   0, 0
     1665,       14.804, 0.325, -0.101,  18,   0, 0
     1666,       14.810, 0.319, -0.331,  18,   0, 0
     1667,       14.815, 0.319, -0.302,  18,   0, 0
     1668,       14.822, 0.320, -0.269,  18,   0, 0
     1669,       14.829, 0.319, -0.298,  18,   0, 0
     1670,       14.835, 0.308, -0.732,  18,   0, 0
     1671,       14.865, 0.321, -0.236,  18,   0, 0
     1672,       14.873, 0.330,  0.096,  18,   0, 0
     1673,       14.880, 0.330,  0.096,  18,   0, 0
     1674,       14.888, 0.321, -0.231,  18,   0, 0
     1675,       14.894, 0.316, -0.407,  18,   0, 0
     1676,       14.900, 0.299, -1.022,  18,   0, 0
     1677,       14.906, 0.327,  0.055,  18,   0, 0
     1678,       14.913, 0.329,  0.136,  18,   0, 0
     1679,       14.920, 0.329,  0.137,  18,   0, 0
     1680,       14.926, 0.329,  0.140,  18,   0, 0
     1681,       14.955, 0.329,  0.144,  18,   0, 0
     1682,       14.961, 0.329,  0.130,  18,   0, 0
     1683,       14.968, 0.318, -0.298,  18,   0, 0
     1684,       14.973, 0.293, -1.243,  18,   0, 0
     1685,       14.979, 0.292, -1.249,  18,   0, 0
     1686,       14.986, 0.293, -1.184,  18,   0, 0
     1687,       14.994, 0.293, -1.157,  18,   0, 0
     1688,       15.002, 0.295, -1.096,  18,   0, 0
     1689,       15.008, 0.279, -1.663,  18,   0, 0
     1690,       15.014, 0.301, -0.810,  18,   0, 0
     1691,       15.043, 0.288, -1.294,  18,   0, 0
     1692,       15.049, 0.288, -1.271,  18,   0, 0
     1693,       15.055, 0.272, -1.803,  18,   0, 0
     1694,       15.061, 0.301, -0.736,  18,   0, 0
     1695,       15.066, 0.282, -1.419,  18,   0, 0
     1696,       15.073, 0.287, -1.206,  18,   0, 0
     1697,       15.079, 0.286, -1.221,  18,   0, 0
     1698,       15.086, 0.274, -1.637,  18,   0, 0
     1699,       15.093, 0.280, -1.376,  18,   0, 0
     1700,       15.099, 0.280, -1.354,  18,   0, 0
     1701,       15.129, 0.287, -1.101,  18,   0, 0
     1702,       15.137, 0.302, -0.577,  18,   0, 0
     1703,       15.144, 0.272, -1.582,  18,   0, 0
     1704,       15.150, 0.287, -1.042,  18,   0, 0
     1705,       15.156, 0.271, -1.555,  18,   0, 0
     1706,       15.161, 0.287, -1.006,  18,   0, 0
     1707,       15.167, 0.286, -1.015,  18,   0, 0
     1708,       15.173, 0.279, -1.246,  18,   0, 0
     1709,       15.179, 0.286, -0.977,  18,   0, 0
     1710,       15.185, 0.285, -1.008,  18,   0, 0
     1711,       15.213, 0.286, -0.945,  18,   0, 0
     1712,       15.219, 0.288, -0.881,  18,   0, 0
     1713,       15.225, 0.294, -0.635,  18,   0, 0
     1714,       15.231, 0.306, -0.220,  18,   0, 0
     1715,       15.238, 0.334,  0.722,  18,   0, 0
     1716,       15.245, 0.376,  2.150,  18,   0, 0
     1717,       15.252, 0.350,  1.215,  18,   0, 0
     1718,       15.260, 0.338,  0.820,  18,   0, 0
     1719,       15.267, 0.323,  0.337,  18,   0, 0
     1720,       15.273, 0.338,  0.839,  18,   0, 0
     1721,       15.302, 0.338,  0.853,  18,   0, 0
     1722,       15.308, 0.348,  1.181,  18,   0, 0
     1723,       15.313, 0.338,  0.825,  18,   0, 0
     1724,       15.319, 0.338,  0.831,  18,   0, 0
     1725,       15.325, 0.339,  0.865,  18,   0, 0
     1726,       15.331, 0.335,  0.743,  18,   0, 0
     1727,       15.337, 0.324,  0.380,  18,   0, 0
     1728,       15.343, 0.335,  0.745,  18,   0, 0
     1729,       15.349, 0.334,  0.706,  18,   0, 0
     1730,       15.357, 0.324,  0.386,  18,   0, 0
     1731,       15.385, 0.323,  0.345,  18,   0, 0
     1732,       15.393, 0.340,  0.924,  18,   0, 0
     1733,       15.403, 0.327,  0.472,  18,   0, 0
     1734,       15.410, 0.335,  0.786,  18,   0, 0
     1735,       15.416, 0.344,  1.094,  18,   0, 0
     1736,       15.422, 0.307, -0.183,  18,   0, 0
     1737,       15.428, 0.293, -0.640,  18,   0, 0
     1738,       15.434, 0.281, -1.063,  18,   0, 0
     1739,       15.440, 0.293, -0.626,  18,   0, 0
     1740,       15.446, 0.279, -1.091,  18,   0, 0
     1741,       15.475, 0.280, -1.050,  18,   0, 0
     1742,       15.481, 0.306, -0.144,  18,   0, 0
     1743,       15.487, 0.292, -0.617,  18,   0, 0
     1744,       15.493, 0.286, -0.809,  18,   0, 0
     1745,       15.498, 0.335,  0.936,  18,   0, 0
     1746,       15.504, 0.347,  1.330,  18,   0, 0
     1747,       15.512, 0.352,  1.489,  18,   0, 0
     1748,       15.519, 0.324,  0.522,  18,   0, 0
     1749,       15.528, 0.324,  0.524,  18,   0, 0
     1750,       15.534, 0.334,  0.855,  18,   0, 0
     1751,       15.563, 0.334,  0.845,  18,   0, 0
     1752,       15.570, 0.335,  0.878,  18,   0, 0
     1753,       15.575, 0.336,  0.916,  18,   0, 0
     1754,       15.582, 0.335,  0.878,  18,   0, 0
     1755,       15.589, 0.334,  0.837,  18,   0, 0
     1756,       15.594, 0.350,  1.361,  18,   0, 0
     1757,       15.600, 0.350,  1.366,  18,   0, 0
     1758,       15.606, 0.308, -0.189,  18,   0, 0
     1759,       15.612, 0.362,  1.975,  18,   0, 0
     1760,       15.618, 0.345,  1.300,  18,   0, 0
     1761,       15.647, 0.287, -1.163,  18,   0, 0
     1762,       15.654, 0.286, -1.220,  18,   0, 0
     1763,       15.660, 0.312, -0.097,  18,   0, 0
     1764,       15.668, 0.307, -0.332,  18,   0, 0
     1765,       15.674, 0.307, -0.312,  18,   0, 0
     1766,       15.679, 0.322,  0.319,  18,   0, 0
     1767,       15.686, 0.334,  0.840,  18,   0, 0
     1768,       15.691, 0.305, -0.436,  18,   0, 0
     1769,       15.698, 0.345,  1.293,  18,   0, 0
     1770,       15.704, 0.334,  0.814,  18,   0, 0
     1771,       15.733, 0.320,  0.224,  18,   0, 0
     1772,       15.739, 0.322,  0.294,  18,   0, 0
     1773,       15.744, 0.307, -0.349,  18,   0, 0
     1774,       15.750, 0.313, -0.078,  18,   0, 0
     1775,       15.756, 0.284, -1.329,  18,   0, 0
     1776,       15.763, 0.279, -1.521,  18,   0, 0
     1777,       15.769, 0.272, -1.776,  18,   0, 0
     1778,       15.779, 0.280, -1.401,  18,   0, 0
     1779,       15.787, 0.312, -0.033,  18,   0, 0
     1780,       15.795, 0.334,  0.900,  18,   0, 0
     1781,       15.822, 0.321,  0.353,  18,   0, 0
     1782,       15.828, 0.281, -1.323,  18,   0, 0
     1783,       15.834, 0.279, -1.384,  18,   0, 0
     1784,       15.839, 0.278, -1.422,  18,   0, 0
     1785,       15.845, 0.307, -0.213,  18,   0, 0
     1786,       15.852, 0.321,  0.383,  18,   0, 0
     1787,       15.858, 0.308, -0.179,  18,   0, 0
     1788,       15.864, 0.300, -0.491,  18,   0, 0
     1789,       15.872, 0.307, -0.197,  18,   0, 0
     1790,       15.878, 0.329,  0.702,  18,   0, 0
     1791,       15.906, 0.307, -0.208,  18,   0, 0
     1792,       15.916, 0.307, -0.204,  18,   0, 0
     1793,       15.923, 0.336,  0.999,  18,   0, 0
     1794,       15.928, 0.335,  0.948,  18,   0, 0
     1795,       15.934, 0.334,  0.930,  18,   0, 0
     1796,       15.940, 0.334,  0.921,  18,   0, 0
     1797,       15.946, 0.344,  1.300,  18,   0, 0
     1798,       15.952, 0.335,  0.943,  18,   0, 0
     1799,       15.958, 0.335,  0.939,  18,   0, 0
     1800,       15.964, 0.334,  0.889,  18,   0, 0
     1801,       15.993, 0.334,  0.886,  18,   0, 0
     1802,       15.999, 0.322,  0.381,  18,   0, 0
     1803,       16.005, 0.335,  0.933,  18,   0, 0
     1804,       16.011, 0.335,  0.924,  18,   0, 0
     1805,       16.017, 0.335,  0.909,  18,   0, 0
     1806,       16.026, 0.335,  0.894,  18,   0, 0
     1807,       16.035, 0.335,  0.879,  18,   0, 0
     1808,       16.041, 0.335,  0.865,  18,   0, 0
     1809,       16.047, 0.307, -0.293,  18,   0, 0
     1810,       16.053, 0.306, -0.352,  18,   0, 0
     1811,       16.081, 0.333,  0.755,  18,   0, 0
     1812,       16.087, 0.307, -0.323,  18,   0, 0
     1813,       16.093, 0.334,  0.785,  18,   0, 0
     1814,       16.099, 0.335,  0.819,  18,   0, 0
     1815,       16.106, 0.308, -0.311,  18,   0, 0
     1816,       16.112, 0.308, -0.332,  18,   0, 0
     1817,       16.120, 0.308, -0.342,  18,   0, 0
     1818,       16.130, 0.295, -0.914,  18,   0, 0
     1819,       16.136, 0.307, -0.420,  18,   0, 0
     1820,       16.144, 0.307, -0.424,  18,   0, 0
     1821,       16.177, 0.293, -1.033,  18,   0, 0
     1822,       16.182, 0.281, -1.559,  18,   0, 0
     1823,       16.189, 0.293, -1.015,  18,   0, 0
     1824,       16.195, 0.308, -0.393,  18,   0, 0
     1825,       16.203, 0.272, -1.968,  18,   0, 0
     1826,       16.209, 0.295, -0.990,  18,   0, 0
     1827,       16.214, 0.272, -1.974,  18,   0, 0
     1828,       16.221, 0.273, -1.901,  18,   0, 0
     1829,       16.227, 0.299, -0.785,  18,   0, 0
     1830,       16.233, 0.288, -1.294,  18,   0, 0
     1831,       16.262, 0.285, -1.420,  18,   0, 0
     1832,       16.269, 0.285, -1.419,  18,   0, 0
     1833,       16.278, 0.285, -1.393,  18,   0, 0
     1834,       16.283, 0.277, -1.726,  18,   0, 0
     1835,       16.290, 0.277, -1.724,  18,   0, 0
     1836,       16.296, 0.278, -1.629,  18,   0, 0
     1837,       16.302, 0.279, -1.592,  18,   0, 0
     1838,       16.308, 0.301, -0.589,  18,   0, 0
     1839,       16.314, 0.343,  1.210,  18,   0, 0
     1840,       16.321, 0.277, -1.610,  18,   0, 0
     1841,       16.349, 0.329,  0.622,  18,   0, 0
     1842,       16.355, 0.315,  0.041,  18,   0, 0
     1843,       16.362, 0.314,  0.011,  18,   0, 0
     1844,       16.368, 0.280, -1.461,  18,   0, 0
     1845,       16.375, 0.285, -1.238,  18,   0, 0
     1846,       16.384, 0.279, -1.469,  18,   0, 0
     1847,       16.391, 0.285, -1.182,  18,   0, 0
     1848,       16.397, 0.278, -1.475,  18,   0, 0
     1849,       16.403, 0.286, -1.087,  18,   0, 0
     1850,       16.409, 0.272, -1.652,  18,   0, 0
     1851,       16.437, 0.287, -1.009,  18,   0, 0
     1852,       16.442, 0.285, -1.051,  18,   0, 0
     1853,       16.448, 0.288, -0.942,  18,   0, 0
     1854,       16.455, 0.286, -0.992,  18,   0, 0
     1855,       16.461, 0.288, -0.915,  18,   0, 0
     1856,       16.467, 0.288, -0.901,  18,   0, 0
     1857,       16.472, 0.277, -1.316,  18,   0, 0
     1858,       16.479, 0.279, -1.249,  18,   0, 0
     1859,       16.486, 0.299, -0.386,  18,   0, 0
     1860,       16.494, 0.292, -0.693,  18,   0, 0
     1861,       16.526, 0.271, -1.594,  18,   0, 0
     1862,       16.533, 0.269, -1.641,  18,   0, 0
     1863,       16.539, 0.264, -1.816,  18,   0, 0
     1864,       16.546, 0.264, -1.785,  18,   0, 0
     1865,       16.552, 0.250, -2.353,  19,   1, 0
     1866,       16.564, 0.264, -1.702,  19,   0, 0
     1867,       16.571, 0.279, -1.105,  19,   0, 0
     1868,       16.577, 0.260, -1.830,  19,   0, 0
     1869,       16.583, 0.271, -1.372,  19,   0, 0
     1870,       16.589, 0.266, -1.533,  19,   0, 0
     1871,       16.619, 0.264, -1.574,  19,   0, 0
     1872,       16.628, 0.250, -2.111,  20,   1, 0
     1873,       16.641, 0.246, -2.219,  20,   2, 0
     1874,       16.652, 0.279, -0.873,  20,   0, 0
     1875,       16.658, 0.281, -0.798,  20,   0, 0
     1876,       16.663, 0.281, -0.792,  20,   0, 0
     1877,       16.670, 0.308,  0.289,  20,   0, 0
     1878,       16.676, 0.247, -2.108,  21,   1, 0
     1879,       16.688, 0.322,  0.840,  21,   0, 0
     1880,       16.696, 0.312,  0.509,  21,   0, 0
     1881,       16.724, 0.272, -1.094,  21,   0, 0
     1882,       16.733, 0.334,  1.405,  21,   0, 0
     1883,       16.739, 0.281, -0.750,  21,   0, 0
     1884,       16.746, 0.273, -1.030,  21,   0, 0
     1885,       16.753, 0.271, -1.123,  21,   0, 0
     1886,       16.761, 0.271, -1.106,  21,   0, 0
     1887,       16.767, 0.282, -0.635,  21,   0, 0
     1888,       16.774, 0.281, -0.673,  21,   0, 0
     1889,       16.780, 0.274, -0.935,  21,   0, 0
     1890,       16.786, 0.279, -0.731,  21,   0, 0
     1891,       16.819, 0.321,  0.974,  21,   0, 0
     1892,       16.827, 0.311,  0.588,  21,   0, 0
     1893,       16.835, 0.292, -0.189,  21,   0, 0
     1894,       16.841, 0.279, -0.711,  21,   0, 0
     1895,       16.848, 0.280, -0.647,  21,   0, 0
     1896,       16.858, 0.282, -0.587,  21,   0, 0
     1897,       16.866, 0.279, -0.692,  21,   0, 0
     1898,       16.872, 0.267, -1.170,  21,   0, 0
     1899,       16.879, 0.279, -0.694,  21,   0, 0
     1900,       16.886, 0.276, -0.815,  21,   0, 0
     1901,       16.915, 0.301,  0.223,  21,   0, 0
     1902,       16.921, 0.260, -1.453,  21,   0, 0
     1903,       16.927, 0.300,  0.185,  21,   0, 0
     1904,       16.934, 0.273, -0.908,  21,   0, 0
     1905,       16.940, 0.285, -0.427,  21,   0, 0
     1906,       16.946, 0.299,  0.161,  21,   0, 0
     1907,       16.953, 0.260, -1.419,  21,   0, 0
     1908,       16.959, 0.259, -1.419,  21,   0, 0
     1909,       16.968, 0.265, -1.170,  21,   0, 0
     1910,       16.977, 0.265, -1.151,  21,   0, 0
     1911,       17.004, 0.251, -1.688,  21,   0, 0
     1912,       17.011, 0.239, -2.134,  22,   1, 0
     1913,       17.022, 0.295,  0.094,  22,   0, 0
     1914,       17.028, 0.285, -0.264,  22,   0, 0
     1915,       17.034, 0.288, -0.153,  22,   0, 0
     1916,       17.041, 0.317,  1.067,  22,   0, 0
     1917,       17.047, 0.298,  0.297,  22,   0, 0
     1918,       17.052, 0.280, -0.421,  22,   0, 0
     1919,       17.059, 0.280, -0.407,  22,   0, 0
     1920,       17.065, 0.292,  0.106,  22,   0, 0
     1921,       17.094, 0.304,  0.651,  22,   0, 0
     1922,       17.105, 0.288, -0.052,  22,   0, 0
     1923,       17.111, 0.271, -0.794,  22,   0, 0
     1924,       17.119, 0.279, -0.392,  22,   0, 0
     1925,       17.125, 0.279, -0.378,  22,   0, 0
     1926,       17.131, 0.293,  0.285,  22,   0, 0
     1927,       17.138, 0.336,  2.367,  22,   0, 0
     1928,       17.144, 0.312,  1.227,  22,   0, 0
     1929,       17.151, 0.334,  2.327,  22,   0, 0
     1930,       17.156, 0.326,  1.889,  22,   0, 0
     1931,       17.185, 0.286, -0.055,  22,   0, 0
     1932,       17.192, 0.335,  2.356,  22,   0, 0
     1933,       17.198, 0.300,  0.600,  22,   0, 0
     1934,       17.204, 0.308,  1.049,  22,   0, 0
     1935,       17.212, 0.325,  1.890,  22,   0, 0
     1936,       17.222, 0.335,  2.388,  22,   0, 0
     1937,       17.228, 0.362,  3.595,  22,   0, 0
     1938,       17.234, 0.334,  2.158,  22,   0, 0
     1939,       17.240, 0.334,  2.103,  22,   0, 0
     1940,       17.246, 0.348,  2.665,  22,   0, 0
     1941,       17.274, 0.334,  1.994,  22,   0, 0
     1942,       17.280, 0.334,  1.948,  22,   0, 0
     1943,       17.286, 0.338,  2.058,  22,   0, 0
     1944,       17.292, 0.325,  1.456,  22,   0, 0
     1945,       17.298, 0.334,  1.828,  22,   0, 0
     1946,       17.304, 0.308,  0.718,  22,   0, 0
     1947,       17.310, 0.308,  0.721,  22,   0, 0
     1948,       17.316, 0.293,  0.089,  22,   0, 0
     1949,       17.322, 0.288, -0.118,  22,   0, 0
     1950,       17.330, 0.337,  1.892,  22,   0, 0
     1951,       17.361, 0.322,  1.242,  22,   0, 0
     1952,       17.368, 0.336,  1.789,  22,   0, 0
     1953,       17.373, 0.306,  0.584,  22,   0, 0
     1954,       17.379, 0.322,  1.182,  22,   0, 0
     1955,       17.386, 0.312,  0.783,  22,   0, 0
     1956,       17.391, 0.306,  0.539,  22,   0, 0
     1957,       17.397, 0.314,  0.843,  22,   0, 0
     1958,       17.403, 0.306,  0.518,  22,   0, 0
     1959,       17.409, 0.302,  0.355,  22,   0, 0
     1960,       17.415, 0.288, -0.199,  22,   0, 0
     1961,       17.476, 0.286, -0.257,  22,   0, 0
     1962,       17.494, 0.286, -0.239,  22,   0, 0
     1963,       17.511, 0.300,  0.316,  22,   0, 0
     1964,       17.525, 0.289, -0.111,  22,   0, 0
     1965,       17.539, 0.289, -0.122,  22,   0, 0
     1966,       17.548, 0.301,  0.376,  22,   0, 0
     1967,       17.556, 0.279, -0.513,  22,   0, 0
     1968,       17.563, 0.289, -0.121,  22,   0, 0
     1969,       17.571, 0.288, -0.189,  22,   0, 0
     1970,       17.577, 0.278, -0.571,  22,   0, 0
     1971,       17.608, 0.286, -0.249,  22,   0, 0
     1972,       17.614, 0.301,  0.365,  22,   0, 0
     1973,       17.624, 0.278, -0.579,  22,   0, 0
     1974,       17.630, 0.286, -0.251,  22,   0, 0
     1975,       17.640, 0.277, -0.630,  22,   0, 0
     1976,       17.648, 0.288, -0.180,  22,   0, 0
     1977,       17.656, 0.286, -0.247,  22,   0, 0
     1978,       17.663, 0.278, -0.574,  22,   0, 0
     1979,       17.669, 0.303,  0.418,  22,   0, 0
     1980,       17.676, 0.288, -0.193,  22,   0, 0
     1981,       17.705, 0.288, -0.195,  22,   0, 0
     1982,       17.710, 0.286, -0.256,  22,   0, 0
     1983,       17.716, 0.300,  0.296,  22,   0, 0
     1984,       17.722, 0.289, -0.162,  22,   0, 0
     1985,       17.729, 0.317,  0.969,  22,   0, 0
     1986,       17.738, 0.301,  0.318,  22,   0, 0
     1987,       17.745, 0.288, -0.269,  22,   0, 0
     1988,       17.752, 0.288, -0.272,  22,   0, 0
     1989,       17.759, 0.286, -0.341,  22,   0, 0
     1990,       17.764, 0.300,  0.232,  22,   0, 0
     1991,       17.796, 0.300,  0.209,  22,   0, 0
     1992,       17.803, 0.299,  0.165,  22,   0, 0
     1993,       17.809, 0.322,  1.146,  22,   0, 0
     1994,       17.816, 0.312,  0.714,  22,   0, 0
     1995,       17.822, 0.330,  1.485,  22,   0, 0
     1996,       17.828, 0.316,  0.834,  22,   0, 0
     1997,       17.835, 0.295, -0.107,  22,   0, 0
     1998,       17.842, 0.288, -0.406,  22,   0, 0
     1999,       17.848, 0.280, -0.780,  22,   0, 0
     2000,       17.856, 0.280, -0.747,  22,   0, 0
     2001,       17.897, 0.281, -0.693,  22,   0, 0
     2002,       17.903, 0.307,  0.450,  22,   0, 0
     2003,       17.908, 0.322,  1.137,  22,   0, 0
     2004,       17.915, 0.321,  1.067,  22,   0, 0
     2005,       17.922, 0.308,  0.493,  22,   0, 0
     2006,       17.928, 0.286, -0.517,  22,   0, 0
     2007,       17.933, 0.281, -0.764,  22,   0, 0
     2008,       17.939, 0.292, -0.273,  22,   0, 0
     2009,       17.946, 0.286, -0.516,  22,   0, 0
     2010,       17.951, 0.293, -0.211,  22,   0, 0
     2011,       17.980, 0.331,  1.487,  22,   0, 0
     2012,       17.985, 0.300,  0.104,  22,   0, 0
     2013,       17.992, 0.295, -0.154,  22,   0, 0
     2014,       17.998, 0.272, -1.170,  22,   0, 0
     2015,       18.006, 0.295, -0.152,  22,   0, 0
     2016,       18.015, 0.271, -1.232,  22,   0, 0
     2017,       18.023, 0.302,  0.187,  22,   0, 0
     2018,       18.029, 0.272, -1.176,  22,   0, 0
     2019,       18.035, 0.286, -0.539,  22,   0, 0
     2020,       18.041, 0.215, -3.815,  23,   1, 0
     2021,       18.074, 0.186, -4.824,  23,   2, 0
     2022,       18.086, 0.158, -5.514,  23,   3, 0
     2023,       18.098, 0.157, -4.942,  23,   4, 0
     2024,       18.110, 0.188, -3.478,  23,   5, 0
     2025,       18.121, 0.185, -3.381,  23,   6, 0
     2026,       18.134, 0.266, -0.803,  23,   0, 0
     2027,       18.141, 0.286, -0.202,  23,   0, 0
     2028,       18.147, 0.258, -1.044,  23,   0, 0
     2029,       18.154, 0.280, -0.397,  23,   0, 0
     2030,       18.160, 0.239, -1.619,  23,   0, 0
     2031,       18.187, 0.252, -1.207,  23,   0, 0
     2032,       18.193, 0.286, -0.199,  23,   0, 0
     2033,       18.199, 0.266, -0.811,  23,   0, 0
     2034,       18.205, 0.280, -0.406,  23,   0, 0
     2035,       18.211, 0.281, -0.364,  23,   0, 0
     2036,       18.218, 0.281, -0.362,  23,   0, 0
     2037,       18.223, 0.272, -0.609,  23,   0, 0
     2038,       18.229, 0.267, -0.767,  23,   0, 0
     2039,       18.236, 0.259, -0.991,  23,   0, 0
     2040,       18.242, 0.274, -0.555,  23,   0, 0
     2041,       18.271, 0.271, -0.627,  23,   0, 0
     2042,       18.277, 0.242, -1.465,  23,   0, 0
     2043,       18.284, 0.260, -0.935,  23,   0, 0
     2044,       18.289, 0.266, -0.733,  23,   0, 0
     2045,       18.295, 0.243, -1.407,  23,   0, 0
     2046,       18.302, 0.242, -1.427,  23,   0, 0
     2047,       18.308, 0.223, -1.957,  23,   0, 0
     2048,       18.313, 0.196, -2.683,  24,   1, 0
     2049,       18.325, 0.189, -2.769,  24,   2, 0
     2050,       18.336, 0.175, -3.046,  24,   3, 0
     2051,       18.372, 0.208, -2.052,  24,   4, 0
     2052,       18.383, 0.258, -0.717,  24,   0, 0
     2053,       18.390, 0.275, -0.270,  24,   0, 0
     2054,       18.398, 0.276, -0.229,  24,   0, 0
     2055,       18.404, 0.260, -0.630,  24,   0, 0
     2056,       18.410, 0.275, -0.241,  24,   0, 0
     2057,       18.416, 0.274, -0.260,  24,   0, 0
     2058,       18.422, 0.288,  0.137,  24,   0, 0
     2059,       18.427, 0.287,  0.128,  24,   0, 0
     2060,       18.433, 0.289,  0.179,  24,   0, 0
     2061,       18.461, 0.242, -1.072,  24,   0, 0
     2062,       18.467, 0.274, -0.176,  24,   0, 0
     2063,       18.474, 0.290,  0.276,  24,   0, 0
     2064,       18.480, 0.270, -0.271,  24,   0, 0
     2065,       18.487, 0.282,  0.070,  24,   0, 0
     2066,       18.493, 0.285,  0.173,  24,   0, 0
     2067,       18.498, 0.327,  1.399,  24,   0, 0
     2068,       18.505, 0.300,  0.616,  24,   0, 0
     2069,       18.512, 0.308,  0.818,  24,   0, 0
     2070,       18.520, 0.302,  0.656,  24,   0, 0
     2071,       18.552, 0.300,  0.610,  24,   0, 0
     2072,       18.557, 0.311,  0.928,  24,   0, 0
     2073,       18.563, 0.309,  0.900,  24,   0, 0
     2074,       18.570, 0.271, -0.214,  24,   0, 0
     2075,       18.575, 0.303,  0.726,  24,   0, 0
     2076,       18.581, 0.286,  0.229,  24,   0, 0
     2077,       18.587, 0.303,  0.739,  24,   0, 0
     2078,       18.593, 0.271, -0.195,  24,   0, 0
     2079,       18.600, 0.285,  0.241,  24,   0, 0
     2080,       18.606, 0.286,  0.252,  24,   0, 0
     2081,       18.635, 0.272, -0.160,  24,   0, 0
     2082,       18.645, 0.280,  0.086,  24,   0, 0
     2083,       18.652, 0.272, -0.134,  24,   0, 0
     2084,       18.657, 0.250, -0.808,  24,   0, 0
     2085,       18.663, 0.272, -0.138,  24,   0, 0
     2086,       18.669, 0.257, -0.570,  24,   0, 0
     2087,       18.675, 0.232, -1.301,  24,   0, 0
     2088,       18.681, 0.132, -4.231,  25,   1, 0
     2089,       18.692, 0.188, -2.387,  25,   2, 0
     2090,       18.704, 0.174, -2.686,  25,   3, 0
     2091,       18.737, 0.176, -2.535,  25,   4, 0
     2092,       18.750, 0.127, -3.690,  25,   5, 0
     2093,       18.762, 0.171, -2.397,  25,   6, 0
     2094,       18.773, 0.197, -1.711,  25,   0, 0
     2095,       18.779, 0.223, -1.066,  25,   0, 0
     2096,       18.784, 0.250, -0.411,  25,   0, 0
     2097,       18.790, 0.246, -0.515,  25,   0, 0
     2098,       18.796, 0.244, -0.543,  25,   0, 0
     2099,       18.802, 0.272,  0.103,  25,   0, 0
     2100,       18.809, 0.258, -0.216,  25,   0, 0
     2101,       18.837, 0.247, -0.455,  25,   0, 0
     2102,       18.843, 0.240, -0.622,  25,   0, 0
     2103,       18.849, 0.257, -0.212,  25,   0, 0
     2104,       18.856, 0.246, -0.464,  25,   0, 0
     2105,       18.863, 0.272,  0.158,  25,   0, 0
     2106,       18.870, 0.273,  0.190,  25,   0, 0
     2107,       18.876, 0.307,  1.002,  25,   0, 0
     2108,       18.882, 0.306,  0.968,  25,   0, 0
     2109,       18.888, 0.292,  0.644,  25,   0, 0
     2110,       18.893, 0.271,  0.153,  25,   0, 0
     2111,       18.921, 0.307,  1.001,  25,   0, 0
     2112,       18.928, 0.311,  1.091,  25,   0, 0
     2113,       18.934, 0.335,  1.647,  25,   0, 0
     2114,       18.941, 0.306,  0.970,  25,   0, 0
     2115,       18.947, 0.289,  0.564,  25,   0, 0
     2116,       18.953, 0.308,  1.030,  25,   0, 0
     2117,       18.958, 0.290,  0.604,  25,   0, 0
     2118,       18.964, 0.291,  0.628,  25,   0, 0
     2119,       18.970, 0.304,  0.925,  25,   0, 0
     2120,       18.977, 0.308,  1.030,  25,   0, 0
     2121,       19.005, 0.345,  1.876,  25,   0, 0
     2122,       19.013, 0.308,  0.994,  25,   0, 0
     2123,       19.020, 0.307,  0.974,  25,   0, 0
     2124,       19.025, 0.312,  1.079,  25,   0, 0
     2125,       19.032, 0.290,  0.577,  25,   0, 0
     2126,       19.038, 0.313,  1.126,  25,   0, 0
     2127,       19.044, 0.311,  1.074,  25,   0, 0
     2128,       19.050, 0.311,  1.062,  25,   0, 0
     2129,       19.055, 0.300,  0.800,  25,   0, 0
     2130,       19.061, 0.306,  0.933,  25,   0, 0
     2131,       19.090, 0.304,  0.873,  25,   0, 0
     2132,       19.096, 0.308,  0.981,  25,   0, 0
     2133,       19.102, 0.304,  0.887,  25,   0, 0
     2134,       19.107, 0.305,  0.909,  25,   0, 0
     2135,       19.114, 0.308,  0.966,  25,   0, 0
     2136,       19.120, 0.316,  1.153,  25,   0, 0
     2137,       19.129, 0.308,  0.947,  25,   0, 0
     2138,       19.135, 0.287,  0.460,  25,   0, 0
     2139,       19.143, 0.326,  1.356,  25,   0, 0
     2140,       19.149, 0.326,  1.339,  25,   0, 0
     2141,       19.178, 0.303,  0.789,  25,   0, 0
     2142,       19.184, 0.294,  0.563,  25,   0, 0
     2143,       19.190, 0.312,  0.992,  25,   0, 0
     2144,       19.196, 0.288,  0.397,  25,   0, 0
     2145,       19.202, 0.288,  0.375,  25,   0, 0
     2146,       19.208, 0.336,  1.566,  25,   0, 0
     2147,       19.214, 0.334,  1.502,  25,   0, 0
     2148,       19.220, 0.359,  2.086,  25,   0, 0
     2149,       19.226, 0.368,  2.242,  25,   0, 0
     2150,       19.233, 0.312,  0.860,  25,   0, 0
     2151,       19.262, 0.349,  1.724,  25,   0, 0
     2152,       19.269, 0.340,  1.463,  25,   0, 0
     2153,       19.277, 0.359,  1.888,  25,   0, 0
     2154,       19.285, 0.325,  1.060,  25,   0, 0
     2155,       19.293, 0.344,  1.493,  25,   0, 0
     2156,       19.300, 0.343,  1.440,  25,   0, 0
     2157,       19.307, 0.339,  1.336,  25,   0, 0
     2158,       19.313, 0.344,  1.421,  25,   0, 0
     2159,       19.320, 0.298,  0.385,  25,   0, 0
     2160,       19.327, 0.316,  0.757,  25,   0, 0
     2161,       19.361, 0.307,  0.558,  25,   0, 0
     2162,       19.368, 0.312,  0.667,  25,   0, 0
     2163,       19.374, 0.323,  0.892,  25,   0, 0
     2164,       19.381, 0.288,  0.115,  25,   0, 0
     2165,       19.391, 0.320,  0.811,  25,   0, 0
     2166,       19.399, 0.278, -0.128,  25,   0, 0
     2167,       19.406, 0.293,  0.202,  25,   0, 0
     2168,       19.412, 0.317,  0.727,  25,   0, 0
     2169,       19.419, 0.272, -0.310,  25,   0, 0
     2170,       19.425, 0.305,  0.438,  25,   0, 0
     2171,       19.460, 0.310,  0.526,  25,   0, 0
     2172,       19.469, 0.306,  0.428,  25,   0, 0
     2173,       19.477, 0.293,  0.106,  25,   0, 0
     2174,       19.485, 0.306,  0.402,  25,   0, 0
     2175,       19.493, 0.305,  0.391,  25,   0, 0
     2176,       19.504, 0.292,  0.049,  25,   0, 0
     2177,       19.513, 0.292,  0.046,  25,   0, 0
     2178,       19.522, 0.307,  0.405,  25,   0, 0
     2179,       19.530, 0.343,  1.277,  25,   0, 0
     2180,       19.537, 0.337,  1.126,  25,   0, 0
     2181,       19.571, 0.334,  1.036,  25,   0, 0
     2182,       19.579, 0.334,  1.019,  25,   0, 0
     2183,       19.586, 0.346,  1.283,  25,   0, 0
     2184,       19.592, 0.347,  1.294,  25,   0, 0
     2185,       19.599, 0.335,  0.974,  25,   0, 0
     2186,       19.608, 0.359,  1.527,  25,   0, 0
     2187,       19.617, 0.348,  1.249,  25,   0, 0
     2188,       19.625, 0.348,  1.240,  25,   0, 0
     2189,       19.630, 0.349,  1.245,  25,   0, 0
     2190,       19.636, 0.333,  0.866,  25,   0, 0
     2191,       19.665, 0.348,  1.194,  25,   0, 0
     2192,       19.671, 0.347,  1.156,  25,   0, 0
     2193,       19.677, 0.347,  1.140,  25,   0, 0
     2194,       19.683, 0.335,  0.872,  25,   0, 0
     2195,       19.689, 0.333,  0.808,  25,   0, 0
     2196,       19.696, 0.348,  1.135,  25,   0, 0
     2197,       19.703, 0.320,  0.502,  25,   0, 0
     2198,       19.708, 0.306,  0.171,  25,   0, 0
     2199,       19.715, 0.315,  0.372,  25,   0, 0
     2200,       19.722, 0.328,  0.655,  25,   0, 0
     2201,       19.756, 0.334,  0.786,  25,   0, 0
     2202,       19.765, 0.345,  1.008,  25,   0, 0
     2203,       19.771, 0.320,  0.453,  25,   0, 0
     2204,       19.777, 0.344,  0.965,  25,   0, 0
     2205,       19.784, 0.345,  0.969,  25,   0, 0
     2206,       19.790, 0.345,  0.955,  25,   0, 0
     2207,       19.796, 0.345,  0.937,  25,   0, 0
     2208,       19.803, 0.307,  0.075,  25,   0, 0
     2209,       19.809, 0.305,  0.010,  25,   0, 0
     2210,       19.815, 0.299, -0.161,  25,   0, 0
     2211,       19.844, 0.293, -0.352,  25,   0, 0
     2212,       19.851, 0.307, -0.035,  25,   0, 0
     2213,       19.857, 0.304, -0.152,  25,   0, 0
     2214,       19.865, 0.333,  0.741,  25,   0, 0
     2215,       19.873, 0.321,  0.314,  25,   0, 0
     2216,       19.881, 0.306, -0.245,  25,   0, 0
     2217,       19.887, 0.288, -0.936,  25,   0, 0
     2218,       19.894, 0.288, -0.971,  25,   0, 0
     2219,       19.900, 0.279, -1.350,  25,   0, 0
     2220,       19.907, 0.296, -0.696,  25,   0, 0
     2221,       19.935, 0.279, -1.388,  25,   0, 0
     2222,       19.941, 0.279, -1.407,  25,   0, 0
     2223,       19.947, 0.252, -2.603,  26,   1, 0
     2224,       19.959, 0.288, -1.121,  26,   0, 0
     2225,       19.966, 0.279, -1.515,  26,   0, 0
     2226,       19.974, 0.266, -2.120,  27,   1, 0
     2227,       19.986, 0.293, -0.932,  27,   0, 0
     2228,       19.994, 0.267, -2.020,  28,   1, 0
     2229,       20.006, 0.265, -2.089,  28,   2, 0
     2230,       20.019, 0.264, -2.063,  28,   3, 0
     2231,       20.053, 0.281, -1.372,  28,   0, 0
     2232,       20.060, 0.266, -1.958,  28,   0, 0
     2233,       20.067, 0.266, -1.929,  28,   0, 0
     2234,       20.073, 0.266, -1.883,  28,   0, 0
     2235,       20.080, 0.279, -1.300,  28,   0, 0
     2236,       20.087, 0.264, -1.887,  28,   0, 0
     2237,       20.095, 0.279, -1.260,  28,   0, 0
     2238,       20.102, 0.279, -1.252,  28,   0, 0
     2239,       20.108, 0.286, -0.990,  28,   0, 0
     2240,       20.114, 0.319,  0.282,  28,   0, 0
     2241,       20.146, 0.281, -1.160,  28,   0, 0
     2242,       20.153, 0.279, -1.218,  28,   0, 0
     2243,       20.159, 0.294, -0.662,  28,   0, 0
     2244,       20.165, 0.309, -0.089,  28,   0, 0
     2245,       20.173, 0.280, -1.170,  28,   0, 0
     2246,       20.180, 0.253, -2.195,  29,   1, 0
     2247,       20.191, 0.307, -0.115,  29,   0, 0
     2248,       20.198, 0.305, -0.185,  29,   0, 0
     2249,       20.206, 0.286, -0.895,  29,   0, 0
     2250,       20.214, 0.272, -1.406,  29,   0, 0
     2251,       20.242, 0.312,  0.074,  29,   0, 0
     2252,       20.248, 0.286, -0.883,  29,   0, 0
     2253,       20.255, 0.280, -1.081,  29,   0, 0
     2254,       20.261, 0.281, -1.042,  29,   0, 0
     2255,       20.266, 0.321,  0.410,  29,   0, 0
     2256,       20.272, 0.342,  1.172,  29,   0, 0
     2257,       20.278, 0.326,  0.574,  29,   0, 0
     2258,       20.285, 0.313,  0.113,  29,   0, 0
     2259,       20.290, 0.299, -0.408,  29,   0, 0
     2260,       20.296, 0.300, -0.359,  29,   0, 0
     2261,       20.326, 0.299, -0.373,  29,   0, 0
     2262,       20.335, 0.327,  0.611,  29,   0, 0
     2263,       20.341, 0.327,  0.601,  29,   0, 0
     2264,       20.351, 0.335,  0.902,  29,   0, 0
     2265,       20.357, 0.327,  0.581,  29,   0, 0
     2266,       20.363, 0.298, -0.478,  29,   0, 0
     2267,       20.369, 0.278, -1.168,  29,   0, 0
     2268,       20.375, 0.278, -1.148,  29,   0, 0
     2269,       20.381, 0.293, -0.591,  29,   0, 0
     2270,       20.387, 0.293, -0.563,  29,   0, 0
     2271,       20.421, 0.280, -1.064,  29,   0, 0
     2272,       20.427, 0.307, -0.032,  29,   0, 0
     2273,       20.433, 0.278, -1.095,  29,   0, 0
     2274,       20.440, 0.293, -0.519,  29,   0, 0
     2275,       20.450, 0.293, -0.507,  29,   0, 0
     2276,       20.457, 0.272, -1.299,  29,   0, 0
     2277,       20.466, 0.285, -0.802,  29,   0, 0
     2278,       20.471, 0.307,  0.059,  29,   0, 0
     2279,       20.477, 0.299, -0.231,  29,   0, 0
     2280,       20.484, 0.299, -0.239,  29,   0, 0
     2281,       20.512, 0.293, -0.445,  29,   0, 0
     2282,       20.518, 0.285, -0.778,  29,   0, 0
     2283,       20.524, 0.278, -1.015,  29,   0, 0
     2284,       20.530, 0.286, -0.689,  29,   0, 0
     2285,       20.536, 0.280, -0.917,  29,   0, 0
     2286,       20.542, 0.260, -1.683,  29,   0, 0
     2287,       20.548, 0.272, -1.203,  29,   0, 0
     2288,       20.557, 0.258, -1.713,  29,   0, 0
     2289,       20.565, 0.272, -1.159,  29,   0, 0
     2290,       20.572, 0.235, -2.527,  30,   1, 0
     2291,       20.607, 0.264, -1.388,  30,   0, 0
     2292,       20.614, 0.285, -0.617,  30,   0, 0
     2293,       20.620, 0.286, -0.567,  30,   0, 0
     2294,       20.626, 0.272, -1.061,  30,   0, 0
     2295,       20.632, 0.271, -1.098,  30,   0, 0
     2296,       20.638, 0.271, -1.083,  30,   0, 0
     2297,       20.644, 0.271, -1.072,  30,   0, 0
     2298,       20.650, 0.288, -0.471,  30,   0, 0
     2299,       20.657, 0.288, -0.465,  30,   0, 0
     2300,       20.664, 0.264, -1.284,  30,   0, 0
     2301,       20.694, 0.273, -0.965,  30,   0, 0
     2302,       20.705, 0.264, -1.248,  30,   0, 0
     2303,       20.713, 0.272, -0.938,  30,   0, 0
     2304,       20.721, 0.264, -1.216,  30,   0, 0
     2305,       20.727, 0.272, -0.906,  30,   0, 0
     2306,       20.733, 0.271, -0.944,  30,   0, 0
     2307,       20.740, 0.266, -1.130,  30,   0, 0
     2308,       20.747, 0.244, -1.925,  30,   0, 0
     2309,       20.753, 0.253, -1.558,  30,   0, 0
     2310,       20.760, 0.301,  0.276,  30,   0, 0
     2311,       20.789, 0.325,  1.207,  30,   0, 0
     2312,       20.821, 0.326,  1.255,  30,   0, 0
     2313,       20.828, 0.326,  1.288,  30,   0, 0
     2314,       20.835, 0.325,  1.258,  30,   0, 0
     2315,       20.842, 0.334,  1.630,  30,   0, 0
     2316,       20.850, 0.307,  0.565,  30,   0, 0
     2317,       20.857, 0.307,  0.590,  30,   0, 0
     2318,       20.863, 0.279, -0.524,  30,   0, 0
     2319,       20.870, 0.293,  0.040,  30,   0, 0
     2320,       20.875, 0.279, -0.509,  30,   0, 0
     2321,       20.910, 0.278, -0.553,  30,   0, 0
     2322,       20.919, 0.279, -0.483,  30,   0, 0
     2323,       20.926, 0.307,  0.713,  30,   0, 0
     2324,       20.931, 0.307,  0.711,  30,   0, 0
     2325,       20.938, 0.312,  0.952,  30,   0, 0
     2326,       20.946, 0.299,  0.406,  30,   0, 0
     2327,       20.954, 0.315,  1.157,  30,   0, 0
     2328,       20.962, 0.293,  0.184,  30,   0, 0
     2329,       20.968, 0.305,  0.762,  30,   0, 0
     2330,       20.975, 0.334,  2.135,  30,   0, 0
     2331,       21.004, 0.319,  1.392,  30,   0, 0
     2332,       21.010, 0.320,  1.421,  30,   0, 0
     2333,       21.018, 0.326,  1.639,  30,   0, 0
     2334,       21.024, 0.327,  1.670,  30,   0, 0
     2335,       21.032, 0.349,  2.697,  30,   0, 0
     2336,       21.040, 0.334,  1.937,  30,   0, 0
     2337,       21.048, 0.326,  1.549,  30,   0, 0
     2338,       21.054, 0.334,  1.903,  30,   0, 0
     2339,       21.060, 0.319,  1.211,  30,   0, 0
     2340,       21.066, 0.339,  2.022,  30,   0, 0
     2341,       21.097, 0.334,  1.790,  30,   0, 0
     2342,       21.103, 0.347,  2.258,  30,   0, 0
     2343,       21.110, 0.348,  2.254,  30,   0, 0
     2344,       21.118, 0.337,  1.748,  30,   0, 0
     2345,       21.123, 0.337,  1.711,  30,   0, 0
     2346,       21.129, 0.332,  1.479,  30,   0, 0
     2347,       21.136, 0.337,  1.647,  30,   0, 0
     2348,       21.142, 0.323,  1.083,  30,   0, 0
     2349,       21.151, 0.346,  1.935,  30,   0, 0
     2350,       21.159, 0.333,  1.409,  30,   0, 0
     2351,       21.189, 0.320,  0.897,  30,   0, 0
     2352,       21.195, 0.333,  1.370,  30,   0, 0
     2353,       21.201, 0.319,  0.816,  30,   0, 0
     2354,       21.208, 0.334,  1.378,  30,   0, 0
     2355,       21.214, 0.333,  1.311,  30,   0, 0
     2356,       21.221, 0.347,  1.804,  30,   0, 0
     2357,       21.227, 0.324,  0.923,  30,   0, 0
     2358,       21.233, 0.347,  1.752,  30,   0, 0
     2359,       21.239, 0.338,  1.394,  30,   0, 0
     2360,       21.245, 0.323,  0.814,  30,   0, 0
     2361,       21.275, 0.338,  1.356,  30,   0, 0
     2362,       21.284, 0.325,  0.872,  30,   0, 0
     2363,       21.291, 0.349,  1.736,  30,   0, 0
     2364,       21.297, 0.334,  1.153,  30,   0, 0
     2365,       21.304, 0.340,  1.338,  30,   0, 0
     2366,       21.310, 0.338,  1.257,  30,   0, 0
     2367,       21.316, 0.339,  1.281,  30,   0, 0
     2368,       21.322, 0.339,  1.262,  30,   0, 0
     2369,       21.328, 0.323,  0.668,  30,   0, 0
     2370,       21.335, 0.348,  1.550,  30,   0, 0
     2371,       21.364, 0.348,  1.521,  30,   0, 0
     2372,       21.370, 0.348,  1.497,  30,   0, 0
     2373,       21.376, 0.347,  1.427,  30,   0, 0
     2374,       21.383, 0.347,  1.401,  30,   0, 0
     2375,       21.389, 0.337,  1.047,  30,   0, 0
     2376,       21.398, 0.338,  1.061,  30,   0, 0
     2377,       21.406, 0.331,  0.826,  30,   0, 0
     2378,       21.412, 0.334,  0.930,  30,   0, 0
     2379,       21.419, 0.323,  0.533,  30,   0, 0
     2380,       21.425, 0.339,  1.058,  30,   0, 0
     2381,       21.455, 0.338,  1.028,  30,   0, 0
     2382,       21.461, 0.326,  0.580,  30,   0, 0
     2383,       21.468, 0.327,  0.620,  30,   0, 0
     2384,       21.475, 0.326,  0.580,  30,   0, 0
     2385,       21.481, 0.327,  0.624,  30,   0, 0
     2386,       21.487, 0.326,  0.584,  30,   0, 0
     2387,       21.494, 0.326,  0.593,  30,   0, 0
     2388,       21.501, 0.325,  0.541,  30,   0, 0
     2389,       21.507, 0.324,  0.490,  30,   0, 0
     2390,       21.517, 0.334,  0.850,  30,   0, 0
     2391,       21.551, 0.306, -0.164,  30,   0, 0
     2392,       21.557, 0.285, -0.905,  30,   0, 0
     2393,       21.563, 0.298, -0.444,  30,   0, 0
     2394,       21.569, 0.310, -0.033,  30,   0, 0
     2395,       21.575, 0.324,  0.486,  30,   0, 0
     2396,       21.581, 0.307, -0.130,  30,   0, 0
     2397,       21.588, 0.324,  0.464,  30,   0, 0
     2398,       21.593, 0.306, -0.201,  30,   0, 0
     2399,       21.599, 0.348,  1.292,  30,   0, 0
     2400,       21.605, 0.334,  0.790,  30,   0, 0
     2401,       21.635, 0.334,  0.779,  30,   0, 0
     2402,       21.643, 0.334,  0.766,  30,   0, 0
     2403,       21.651, 0.306, -0.253,  30,   0, 0
     2404,       21.657, 0.307, -0.223,  30,   0, 0
     2405,       21.664, 0.335,  0.787,  30,   0, 0
     2406,       21.670, 0.322,  0.287,  30,   0, 0
     2407,       21.676, 0.308, -0.220,  30,   0, 0
     2408,       21.682, 0.330,  0.568,  30,   0, 0
     2409,       21.688, 0.334,  0.711,  30,   0, 0
     2410,       21.694, 0.326,  0.368,  30,   0, 0
     2411,       21.723, 0.311, -0.200,  30,   0, 0
     2412,       21.729, 0.334,  0.684,  30,   0, 0
     2413,       21.735, 0.298, -0.786,  30,   0, 0
     2414,       21.740, 0.311, -0.248,  30,   0, 0
     2415,       21.746, 0.293, -0.990,  30,   0, 0
     2416,       21.760, 0.321,  0.128,  30,   0, 0
     2417,       21.768, 0.299, -0.802,  30,   0, 0
     2418,       21.774, 0.308, -0.454,  30,   0, 0
     2419,       21.780, 0.333,  0.616,  30,   0, 0
     2420,       21.786, 0.335,  0.685,  30,   0, 0
     2421,       21.822, 0.334,  0.641,  30,   0, 0
     2422,       21.829, 0.319, -0.038,  30,   0, 0
     2423,       21.836, 0.319, -0.060,  30,   0, 0
     2424,       21.841, 0.271, -2.337,  31,   1, 0
     2425,       21.852, 0.278, -2.035,  31,   2, 0
     2426,       21.866, 0.286, -1.638,  31,   0, 0
     2427,       21.872, 0.280, -1.981,  31,   0, 0
     2428,       21.880, 0.272, -2.369,  32,   1, 0
     2429,       21.892, 0.280, -2.098,  32,   2, 0
     2430,       21.905, 0.301, -1.091,  32,   0, 0
     2431,       21.935, 0.288, -1.764,  32,   0, 0
     2432,       21.942, 0.285, -1.865,  32,   0, 0
     2433,       21.948, 0.286, -1.753,  32,   0, 0
     2434,       21.954, 0.272, -2.415,  33,   1, 0
     2435,       21.966, 0.278, -2.076,  33,   2, 0
     2436,       21.983, 0.280, -1.924,  33,   0, 0
     2437,       21.990, 0.279, -1.898,  33,   0, 0
     2438,       21.996, 0.279, -1.886,  33,   0, 0
     2439,       22.003, 0.278, -1.925,  33,   0, 0
     2440,       22.011, 0.319, -0.002,  33,   0, 0
     2441,       22.040, 0.320, -0.004,  33,   0, 0
     2442,       22.046, 0.310, -0.490,  33,   0, 0
     2443,       22.053, 0.307, -0.632,  33,   0, 0
     2444,       22.059, 0.325,  0.247,  33,   0, 0
     2445,       22.065, 0.320, -0.041,  33,   0, 0
     2446,       22.071, 0.326,  0.243,  33,   0, 0
     2447,       22.078, 0.312, -0.404,  33,   0, 0
     2448,       22.087, 0.286, -1.689,  33,   0, 0
     2449,       22.095, 0.312, -0.396,  33,   0, 0
     2450,       22.101, 0.299, -1.027,  33,   0, 0
     2451,       22.129, 0.299, -1.018,  33,   0, 0
     2452,       22.135, 0.299, -0.998,  33,   0, 0
     2453,       22.141, 0.314, -0.313,  33,   0, 0
     2454,       22.147, 0.312, -0.363,  33,   0, 0
     2455,       22.153, 0.312, -0.357,  33,   0, 0
     2456,       22.158, 0.292, -1.345,  33,   0, 0
     2457,       22.164, 0.312, -0.326,  33,   0, 0
     2458,       22.170, 0.319,  0.011,  33,   0, 0
     2459,       22.176, 0.306, -0.647,  33,   0, 0
     2460,       22.182, 0.347,  1.353,  33,   0, 0
     2461,       22.210, 0.321,  0.077,  33,   0, 0
     2462,       22.217, 0.333,  0.683,  33,   0, 0
     2463,       22.224, 0.333,  0.692,  33,   0, 0
     2464,       22.230, 0.333,  0.702,  33,   0, 0
     2465,       22.236, 0.320,  0.093,  33,   0, 0
     2466,       22.242, 0.361,  2.057,  33,   0, 0
     2467,       22.248, 0.333,  0.697,  33,   0, 0
     2468,       22.254, 0.334,  0.755,  33,   0, 0
     2469,       22.259, 0.348,  1.400,  33,   0, 0
     2470,       22.265, 0.329,  0.486,  33,   0, 0
     2471,       22.293, 0.331,  0.591,  33,   0, 0
     2472,       22.299, 0.341,  1.051,  33,   0, 0
     2473,       22.305, 0.337,  0.859,  33,   0, 0
     2474,       22.311, 0.350,  1.466,  33,   0, 0
     2475,       22.317, 0.340,  1.001,  33,   0, 0
     2476,       22.324, 0.345,  1.205,  33,   0, 0
     2477,       22.329, 0.278, -1.938,  33,   0, 0
     2478,       22.339, 0.191, -5.937,  34,   1, 0
     2479,       22.355, 0.176, -5.799,  34,   2, 0
     2480,       22.367, 0.171, -5.279,  34,   3, 0
     2481,       22.402, 0.200, -3.784,  34,   4, 0
     2482,       22.415, 0.219, -2.939,  34,   5, 0
     2483,       22.428, 0.280, -1.000,  34,   0, 0
     2484,       22.435, 0.280, -0.968,  34,   0, 0
     2485,       22.442, 0.332,  0.609,  34,   0, 0
     2486,       22.448, 0.326,  0.416,  34,   0, 0
     2487,       22.457, 0.279, -0.973,  34,   0, 0
     2488,       22.463, 0.307, -0.128,  34,   0, 0
     2489,       22.470, 0.306, -0.162,  34,   0, 0
     2490,       22.476, 0.307, -0.116,  34,   0, 0
     2491,       22.506, 0.322,  0.342,  34,   0, 0
     2492,       22.511, 0.321,  0.324,  34,   0, 0
     2493,       22.518, 0.308, -0.072,  34,   0, 0
     2494,       22.524, 0.312,  0.086,  34,   0, 0
     2495,       22.530, 0.299, -0.334,  34,   0, 0
     2496,       22.536, 0.312,  0.085,  34,   0, 0
     2497,       22.543, 0.306, -0.102,  34,   0, 0
     2498,       22.549, 0.293, -0.485,  34,   0, 0
     2499,       22.555, 0.321,  0.393,  34,   0, 0
     2500,       22.561, 0.306, -0.084,  34,   0, 0
     2501,       22.601, 0.307, -0.040,  34,   0, 0
     2502,       22.607, 0.293, -0.464,  34,   0, 0
     2503,       22.614, 0.307, -0.023,  34,   0, 0
     2504,       22.620, 0.307, -0.004,  34,   0, 0
     2505,       22.626, 0.306, -0.049,  34,   0, 0
     2506,       22.632, 0.319,  0.397,  34,   0, 0
     2507,       22.640, 0.307, -0.006,  34,   0, 0
     2508,       22.648, 0.306, -0.037,  34,   0, 0
     2509,       22.655, 0.293, -0.429,  34,   0, 0
     2510,       22.661, 0.319,  0.419,  34,   0, 0
     2511,       22.691, 0.306, -0.020,  34,   0, 0
     2512,       22.700, 0.307,  0.024,  34,   0, 0
     2513,       22.706, 0.284, -0.705,  34,   0, 0
     2514,       22.713, 0.287, -0.615,  34,   0, 0
     2515,       22.720, 0.298, -0.273,  34,   0, 0
     2516,       22.728, 0.311,  0.176,  34,   0, 0
     2517,       22.734, 0.293, -0.409,  34,   0, 0
     2518,       22.742, 0.321,  0.486,  34,   0, 0
     2519,       22.747, 0.308,  0.074,  34,   0, 0
     2520,       22.754, 0.308,  0.086,  34,   0, 0
     2521,       22.784, 0.307,  0.049,  34,   0, 0
     2522,       22.790, 0.300, -0.161,  34,   0, 0
     2523,       22.796, 0.307,  0.073,  34,   0, 0
     2524,       22.803, 0.293, -0.380,  34,   0, 0
     2525,       22.809, 0.293, -0.374,  34,   0, 0
     2526,       22.816, 0.320,  0.504,  34,   0, 0
     2527,       22.823, 0.320,  0.506,  34,   0, 0
     2528,       22.831, 0.310,  0.179,  34,   0, 0
     2529,       22.838, 0.311,  0.223,  34,   0, 0
     2530,       22.844, 0.308,  0.129,  34,   0, 0
     2531,       22.874, 0.334,  1.010,  34,   0, 0
     2532,       22.880, 0.334,  1.000,  34,   0, 0
     2533,       22.886, 0.334,  1.000,  34,   0, 0
     2534,       22.893, 0.334,  0.986,  34,   0, 0
     2535,       22.898, 0.320,  0.493,  34,   0, 0
     2536,       22.905, 0.320,  0.500,  34,   0, 0
     2537,       22.910, 0.324,  0.646,  34,   0, 0
     2538,       22.917, 0.324,  0.638,  34,   0, 0
     2539,       22.922, 0.316,  0.350,  34,   0, 0
     2540,       22.930, 0.324,  0.639,  34,   0, 0
     2541,       22.960, 0.312,  0.251,  34,   0, 0
     2542,       22.967, 0.314,  0.294,  34,   0, 0
     2543,       22.972, 0.326,  0.690,  34,   0, 0
     2544,       22.978, 0.316,  0.367,  34,   0, 0
     2545,       22.985, 0.308,  0.087,  34,   0, 0
     2546,       22.991, 0.306,  0.041,  34,   0, 0
     2547,       22.997, 0.321,  0.525,  34,   0, 0
     2548,       23.004, 0.306, -0.005,  34,   0, 0
     2549,       23.010, 0.333,  0.907,  34,   0, 0
     2550,       23.016, 0.321,  0.475,  34,   0, 0
     2551,       23.044, 0.334,  0.924,  34,   0, 0
     2552,       23.051, 0.334,  0.909,  34,   0, 0
     2553,       23.056, 0.326,  0.602,  34,   0, 0
     2554,       23.062, 0.334,  0.884,  34,   0, 0
     2555,       23.075, 0.319,  0.369,  34,   0, 0
     2556,       23.080, 0.307, -0.067,  34,   0, 0
     2557,       23.087, 0.319,  0.352,  34,   0, 0
     2558,       23.093, 0.305, -0.125,  34,   0, 0
     2559,       23.099, 0.310,  0.027,  34,   0, 0
     2560,       23.106, 0.319,  0.329,  34,   0, 0
     2561,       23.159, 0.311,  0.055,  34,   0, 0
     2562,       23.171, 0.326,  0.543,  34,   0, 0
     2563,       23.183, 0.313,  0.099,  34,   0, 0
     2564,       23.195, 0.313,  0.097,  34,   0, 0
     2565,       23.204, 0.307, -0.096,  34,   0, 0
     2566,       23.211, 0.285, -0.828,  34,   0, 0
     2567,       23.218, 0.312,  0.093,  34,   0, 0
     2568,       23.225, 0.286, -0.793,  34,   0, 0
     2569,       23.231, 0.277, -1.081,  34,   0, 0
     2570,       23.240, 0.297, -0.388,  34,   0, 0
     2571,       23.272, 0.299, -0.334,  34,   0, 0
     2572,       23.279, 0.286, -0.762,  34,   0, 0
     2573,       23.287, 0.319,  0.356,  34,   0, 0
     2574,       23.294, 0.312,  0.110,  34,   0, 0
     2575,       23.301, 0.310,  0.045,  34,   0, 0
     2576,       23.310, 0.311,  0.084,  34,   0, 0
     2577,       23.319, 0.320,  0.376,  34,   0, 0
     2578,       23.324, 0.320,  0.386,  34,   0, 0
     2579,       23.330, 0.330,  0.713,  34,   0, 0
     2580,       23.339, 0.300, -0.311,  34,   0, 0
     2581,       23.372, 0.301, -0.275,  34,   0, 0
     2582,       23.378, 0.292, -0.571,  34,   0, 0
     2583,       23.385, 0.292, -0.558,  34,   0, 0
     2584,       23.391, 0.291, -0.594,  34,   0, 0
     2585,       23.396, 0.313,  0.169,  34,   0, 0
     2586,       23.404, 0.272, -1.212,  34,   0, 0
     2587,       23.410, 0.292, -0.511,  34,   0, 0
     2588,       23.416, 0.293, -0.450,  34,   0, 0
     2589,       23.422, 0.288, -0.645,  34,   0, 0
     2590,       23.433, 0.279, -0.914,  34,   0, 0
     2591,       23.461, 0.292, -0.472,  34,   0, 0
     2592,       23.470, 0.272, -1.147,  34,   0, 0
     2593,       23.476, 0.258, -1.609,  34,   0, 0
     2594,       23.482, 0.280, -0.837,  34,   0, 0
     2595,       23.488, 0.279, -0.853,  34,   0, 0
     2596,       23.493, 0.245, -2.017,  35,   1, 0
     2597,       23.505, 0.271, -1.063,  35,   0, 0
     2598,       23.512, 0.283, -0.646,  35,   0, 0
     2599,       23.519, 0.275, -1.032,  35,   0, 0
     2600,       23.525, 0.265, -1.563,  35,   0, 0
     2601,       23.557, 0.274, -1.401,  35,   0, 0
     2602,       23.565, 0.272, -1.677,  35,   0, 0
     2603,       23.574, 0.266, -2.156,  36,   1, 0
     2604,       23.587, 0.273, -1.769,  36,   0, 0
     2605,       23.595, 0.277, -1.540,  36,   0, 0
     2606,       23.604, 0.277, -1.514,  36,   0, 0
     2607,       23.611, 0.277, -1.486,  36,   0, 0
     2608,       23.617, 0.279, -1.334,  36,   0, 0
     2609,       23.625, 0.307,  0.160,  36,   0, 0
     2610,       23.632, 0.265, -2.072,  37,   1, 0
     2611,       23.669, 0.280, -1.238,  37,   0, 0
     2612,       23.680, 0.266, -1.982,  37,   0, 0
     2613,       23.692, 0.273, -1.523,  37,   0, 0
     2614,       23.698, 0.266, -1.898,  37,   0, 0
     2615,       23.707, 0.281, -1.080,  37,   0, 0
     2616,       23.713, 0.288, -0.717,  37,   0, 0
     2617,       23.722, 0.279, -1.126,  37,   0, 0
     2618,       23.728, 0.307,  0.269,  37,   0, 0
     2619,       23.737, 0.317,  0.751,  37,   0, 0
     2620,       23.743, 0.293, -0.419,  37,   0, 0
     2621,       23.775, 0.343,  2.107,  37,   0, 0
     2622,       23.783, 0.319,  0.835,  37,   0, 0
     2623,       23.796, 0.320,  0.914,  37,   0, 0
     2624,       23.803, 0.307,  0.234,  37,   0, 0
     2625,       23.809, 0.315,  0.643,  37,   0, 0
     2626,       23.814, 0.306,  0.173,  37,   0, 0
     2627,       23.821, 0.307,  0.236,  37,   0, 0
     2628,       23.826, 0.304,  0.111,  37,   0, 0
     2629,       23.832, 0.304,  0.112,  37,   0, 0
     2630,       23.839, 0.318,  0.792,  37,   0, 0
     2631,       23.869, 0.316,  0.675,  37,   0, 0
     2632,       23.875, 0.321,  0.914,  37,   0, 0
     2633,       23.881, 0.320,  0.868,  37,   0, 0
     2634,       23.889, 0.320,  0.854,  37,   0, 0
     2635,       23.895, 0.321,  0.877,  37,   0, 0
     2636,       23.902, 0.307,  0.183,  37,   0, 0
     2637,       23.910, 0.319,  0.797,  37,   0, 0
     2638,       23.919, 0.319,  0.785,  37,   0, 0
     2639,       23.926, 0.321,  0.857,  37,   0, 0
     2640,       23.933, 0.306,  0.138,  37,   0, 0
     2641,       23.963, 0.305,  0.072,  37,   0, 0
     2642,       23.972, 0.319,  0.784,  37,   0, 0
     2643,       23.979, 0.332,  1.391,  37,   0, 0
     2644,       23.986, 0.318,  0.703,  37,   0, 0
     2645,       23.992, 0.305,  0.044,  37,   0, 0
     2646,       23.998, 0.305,  0.039,  37,   0, 0
     2647,       24.004, 0.277, -1.282,  37,   0, 0
     2648,       24.010, 0.289, -0.710,  37,   0, 0
     2649,       24.017, 0.290, -0.650,  37,   0, 0
     2650,       24.025, 0.305,  0.078,  37,   0, 0
     2651,       24.059, 0.306,  0.145,  37,   0, 0
     2652,       24.065, 0.320,  0.818,  37,   0, 0
     2653,       24.072, 0.307,  0.197,  37,   0, 0
     2654,       24.077, 0.307,  0.210,  37,   0, 0
     2655,       24.084, 0.319,  0.812,  37,   0, 0
     2656,       24.090, 0.304,  0.080,  37,   0, 0
     2657,       24.096, 0.326,  1.175,  37,   0, 0
     2658,       24.102, 0.326,  1.168,  37,   0, 0
     2659,       24.107, 0.308,  0.269,  37,   0, 0
     2660,       24.113, 0.298, -0.201,  37,   0, 0
     2661,       24.142, 0.299, -0.158,  37,   0, 0
     2662,       24.148, 0.299, -0.152,  37,   0, 0
     2663,       24.154, 0.324,  1.146,  37,   0, 0
     2664,       24.161, 0.317,  0.767,  37,   0, 0
     2665,       24.170, 0.307,  0.259,  37,   0, 0
     2666,       24.177, 0.299, -0.140,  37,   0, 0
     2667,       24.184, 0.324,  1.117,  37,   0, 0
     2668,       24.190, 0.298, -0.210,  37,   0, 0
     2669,       24.197, 0.325,  1.176,  37,   0, 0
     2670,       24.203, 0.299, -0.104,  37,   0, 0
     2671,       24.231, 0.321,  0.985,  37,   0, 0
     2672,       24.237, 0.286, -0.787,  37,   0, 0
     2673,       24.243, 0.285, -0.845,  37,   0, 0
     2674,       24.250, 0.298, -0.112,  37,   0, 0
     2675,       24.255, 0.317,  0.869,  37,   0, 0
     2676,       24.261, 0.319,  0.974,  37,   0, 0
     2677,       24.267, 0.298, -0.096,  37,   0, 0
     2678,       24.273, 0.319,  0.979,  37,   0, 0
     2679,       24.281, 0.306,  0.315,  37,   0, 0
     2680,       24.289, 0.320,  1.044,  37,   0, 0
     2681,       24.320, 0.307,  0.354,  37,   0, 0
     2682,       24.326, 0.290, -0.541,  37,   0, 0
     2683,       24.332, 0.311,  0.571,  37,   0, 0
     2684,       24.338, 0.292, -0.395,  37,   0, 0
     2685,       24.344, 0.281, -1.001,  37,   0, 0
     2686,       24.350, 0.293, -0.328,  37,   0, 0
     2687,       24.356, 0.306,  0.355,  37,   0, 0
     2688,       24.362, 0.305,  0.319,  37,   0, 0
     2689,       24.368, 0.286, -0.730,  37,   0, 0
     2690,       24.374, 0.293, -0.341,  37,   0, 0
     2691,       24.403, 0.311,  0.599,  37,   0, 0
     2692,       24.412, 0.285, -0.811,  37,   0, 0
     2693,       24.419, 0.285, -0.807,  37,   0, 0
     2694,       24.425, 0.289, -0.569,  37,   0, 0
     2695,       24.430, 0.302,  0.121,  37,   0, 0
     2696,       24.436, 0.301,  0.091,  37,   0, 0
     2697,       24.443, 0.292, -0.386,  37,   0, 0
     2698,       24.449, 0.293, -0.314,  37,   0, 0
     2699,       24.454, 0.279, -1.038,  37,   0, 0
     2700,       24.460, 0.272, -1.418,  37,   0, 0
     2701,       24.490, 0.302,  0.213,  37,   0, 0
     2702,       24.496, 0.288, -0.565,  37,   0, 0
     2703,       24.503, 0.271, -1.472,  37,   0, 0
     2704,       24.508, 0.257, -2.190,  38,   1, 0
     2705,       24.525, 0.258, -2.080,  38,   2, 0
     2706,       24.542, 0.244, -2.743,  38,   3, 0
     2707,       24.554, 0.265, -1.617,  38,   0, 0
     2708,       24.561, 0.265, -1.563,  38,   0, 0
     2709,       24.583, 0.271, -1.270,  38,   0, 0
     2710,       24.588, 0.264, -1.574,  38,   0, 0
     2711,       24.616, 0.303,  0.356,  38,   0, 0
     2712,       24.622, 0.320,  1.189,  38,   0, 0
     2713,       24.628, 0.362,  3.196,  38,   0, 0
     2714,       24.636, 0.348,  2.416,  38,   0, 0
     2715,       24.644, 0.361,  2.927,  38,   0, 0
     2716,       24.651, 0.362,  2.858,  38,   0, 0
     2717,       24.656, 0.333,  1.505,  38,   0, 0
     2718,       24.663, 0.334,  1.495,  38,   0, 0
     2719,       24.669, 0.334,  1.466,  38,   0, 0
     2720,       24.675, 0.334,  1.440,  38,   0, 0
     2721,       24.703, 0.334,  1.417,  38,   0, 0
     2722,       24.709, 0.335,  1.444,  38,   0, 0
     2723,       24.716, 0.334,  1.368,  38,   0, 0
     2724,       24.722, 0.324,  0.912,  38,   0, 0
     2725,       24.727, 0.333,  1.330,  38,   0, 0
     2726,       24.734, 0.332,  1.256,  38,   0, 0
     2727,       24.740, 0.344,  1.757,  38,   0, 0
     2728,       24.749, 0.334,  1.259,  38,   0, 0
     2729,       24.756, 0.324,  0.798,  38,   0, 0
     2730,       24.763, 0.347,  1.821,  38,   0, 0
     2731,       24.791, 0.324,  0.759,  38,   0, 0
     2732,       24.796, 0.339,  1.442,  38,   0, 0
     2733,       24.803, 0.325,  0.779,  38,   0, 0
     2734,       24.809, 0.340,  1.455,  38,   0, 0
     2735,       24.815, 0.350,  1.869,  38,   0, 0
     2736,       24.821, 0.350,  1.829,  38,   0, 0
     2737,       24.827, 0.362,  2.318,  38,   0, 0
     2738,       24.833, 0.326,  0.680,  38,   0, 0
     2739,       24.840, 0.348,  1.649,  38,   0, 0
     2740,       24.846, 0.349,  1.669,  38,   0, 0
     2741,       24.876, 0.363,  2.218,  38,   0, 0
     2742,       24.884, 0.349,  1.600,  38,   0, 0
     2743,       24.892, 0.326,  0.595,  38,   0, 0
     2744,       24.899, 0.338,  1.116,  38,   0, 0
     2745,       24.905, 0.333,  0.884,  38,   0, 0
     2746,       24.910, 0.325,  0.535,  38,   0, 0
     2747,       24.916, 0.360,  1.974,  38,   0, 0
     2748,       24.922, 0.347,  1.404,  38,   0, 0
     2749,       24.928, 0.348,  1.425,  38,   0, 0
     2750,       24.936, 0.348,  1.399,  38,   0, 0
     2751,       24.964, 0.350,  1.446,  38,   0, 0
     2752,       24.970, 0.350,  1.435,  38,   0, 0
     2753,       24.975, 0.335,  0.803,  38,   0, 0
     2754,       24.982, 0.334,  0.787,  38,   0, 0
     2755,       24.988, 0.313, -0.067,  38,   0, 0
     2756,       24.993, 0.324,  0.360,  38,   0, 0
     2757,       25.003, 0.319,  0.192,  38,   0, 0
     2758,       25.011, 0.307, -0.296,  38,   0, 0
     2759,       25.018, 0.324,  0.394,  38,   0, 0
     2760,       25.024, 0.335,  0.815,  38,   0, 0
     2761,       25.053, 0.324,  0.382,  38,   0, 0
     2762,       25.058, 0.347,  1.247,  38,   0, 0
     2763,       25.064, 0.348,  1.283,  38,   0, 0
     2764,       25.071, 0.311, -0.146,  38,   0, 0
     2765,       25.076, 0.320,  0.198,  38,   0, 0
     2766,       25.083, 0.321,  0.226,  38,   0, 0
     2767,       25.089, 0.319,  0.147,  38,   0, 0
     2768,       25.094, 0.326,  0.384,  38,   0, 0
     2769,       25.102, 0.334,  0.717,  38,   0, 0
     2770,       25.108, 0.326,  0.360,  38,   0, 0
     2771,       25.136, 0.327,  0.396,  38,   0, 0
     2772,       25.144, 0.333,  0.646,  38,   0, 0
     2773,       25.153, 0.320,  0.116,  38,   0, 0
     2774,       25.160, 0.319,  0.067,  38,   0, 0
     2775,       25.166, 0.320,  0.108,  38,   0, 0
     2776,       25.172, 0.320,  0.108,  38,   0, 0
     2777,       25.178, 0.334,  0.673,  38,   0, 0
     2778,       25.184, 0.334,  0.669,  38,   0, 0
     2779,       25.190, 0.334,  0.666,  38,   0, 0
     2780,       25.197, 0.334,  0.656,  38,   0, 0
     2781,       25.226, 0.320,  0.076,  38,   0, 0
     2782,       25.248, 0.320,  0.070,  38,   0, 0
     2783,       25.254, 0.320,  0.063,  38,   0, 0
     2784,       25.261, 0.319,  0.019,  38,   0, 0
     2785,       25.269, 0.320,  0.064,  38,   0, 0
     2786,       25.275, 0.320,  0.060,  38,   0, 0
     2787,       25.281, 0.321,  0.083,  38,   0, 0
     2788,       25.288, 0.320,  0.054,  38,   0, 0
     2789,       25.293, 0.320,  0.047,  38,   0, 0
     2790,       25.299, 0.306, -0.502,  38,   0, 0
     2791,       25.328, 0.320,  0.056,  38,   0, 0
     2792,       25.334, 0.347,  1.138,  38,   0, 0
     2793,       25.340, 0.348,  1.143,  38,   0, 0
     2794,       25.346, 0.346,  1.033,  38,   0, 0
     2795,       25.353, 0.320, -0.001,  38,   0, 0
     2796,       25.359, 0.320, -0.011,  38,   0, 0
     2797,       25.366, 0.305, -0.591,  38,   0, 0
     2798,       25.373, 0.321,  0.017,  38,   0, 0
     2799,       25.381, 0.334,  0.534,  38,   0, 0
     2800,       25.390, 0.335,  0.601,  38,   0, 0
     2801,       25.418, 0.321,  0.009,  38,   0, 0
     2802,       25.423, 0.334,  0.545,  38,   0, 0
     2803,       25.429, 0.319, -0.093,  38,   0, 0
     2804,       25.436, 0.321, -0.005,  38,   0, 0
     2805,       25.442, 0.335,  0.540,  38,   0, 0
     2806,       25.448, 0.320, -0.051,  38,   0, 0
     2807,       25.454, 0.339,  0.683,  38,   0, 0
     2808,       25.460, 0.334,  0.494,  38,   0, 0
     2809,       25.467, 0.311, -0.457,  38,   0, 0
     2810,       25.474, 0.334,  0.480,  38,   0, 0
     2811,       25.503, 0.335,  0.516,  38,   0, 0
     2812,       25.509, 0.332,  0.381,  38,   0, 0
     2813,       25.517, 0.320, -0.132,  38,   0, 0
     2814,       25.523, 0.322, -0.077,  38,   0, 0
     2815,       25.530, 0.325,  0.030,  38,   0, 0
     2816,       25.536, 0.309, -0.652,  38,   0, 0
     2817,       25.543, 0.312, -0.518,  38,   0, 0
     2818,       25.549, 0.337,  0.519,  38,   0, 0
     2819,       25.554, 0.321, -0.187,  38,   0, 0
     2820,       25.560, 0.350,  1.085,  38,   0, 0
     2821,       25.589, 0.335,  0.417,  38,   0, 0
     2822,       25.595, 0.330,  0.176,  38,   0, 0
     2823,       25.601, 0.312, -0.652,  38,   0, 0
     2824,       25.607, 0.301, -1.242,  38,   0, 0
     2825,       25.613, 0.312, -0.733,  38,   0, 0
     2826,       25.620, 0.311, -0.852,  38,   0, 0
     2827,       25.627, 0.298, -1.678,  38,   0, 0
     2828,       25.637, 0.298, -1.767,  38,   0, 0
     2829,       25.642, 0.326, -0.205,  38,   0, 0
     2830,       25.649, 0.304, -1.638,  38,   0, 0
     2831,       25.677, 0.297, -2.272,  39,   1, 0
     2832,       25.692, 0.324, -0.358,  39,   0, 0
     2833,       25.699, 0.308, -1.514,  39,   0, 0
     2834,       25.706, 0.311, -1.246,  39,   0, 0
     2835,       25.712, 0.309, -1.372,  39,   0, 0
     2836,       25.718, 0.299, -2.080,  40,   1, 0
     2837,       25.729, 0.313, -1.085,  40,   0, 0
     2838,       25.736, 0.307, -1.457,  40,   0, 0
     2839,       25.747, 0.293, -2.395,  41,   1, 0
     2840,       25.759, 0.295, -2.218,  41,   2, 0
     2841,       25.795, 0.311, -1.045,  41,   0, 0
     2842,       25.802, 0.298, -1.908,  41,   0, 0
     2843,       25.808, 0.286, -2.672,  42,   1, 0
     2844,       25.820, 0.309, -1.081,  42,   0, 0
     2845,       25.827, 0.322, -0.229,  42,   0, 0
     2846,       25.833, 0.308, -1.140,  42,   0, 0
     2847,       25.839, 0.299, -1.661,  42,   0, 0
     2848,       25.845, 0.309, -1.016,  42,   0, 0
     2849,       25.852, 0.308, -1.082,  42,   0, 0
     2850,       25.861, 0.329,  0.269,  42,   0, 0
     2851,       25.890, 0.237, -5.523,  43,   1, 0
     2852,       25.902, 0.158, -9.406,  43,   2, 0
     2853,       25.913, 0.153, -7.315,  43,   3, 0
     2854,       25.926, 0.179, -5.101,  43,   4, 0
     2855,       25.939, 0.194, -4.090,  43,   5, 0
     2856,       25.951, 0.250, -2.106,  43,   6, 0
     2857,       25.963, 0.270, -1.436,  43,   0, 0
     2858,       25.972, 0.273, -1.338,  43,   0, 0
     2859,       25.978, 0.286, -0.906,  43,   0, 0
     2860,       25.985, 0.270, -1.374,  43,   0, 0
     2861,       26.013, 0.300, -0.440,  43,   0, 0
     2862,       26.019, 0.301, -0.407,  43,   0, 0
     2863,       26.025, 0.275, -1.196,  43,   0, 0
     2864,       26.031, 0.285, -0.883,  43,   0, 0
     2865,       26.037, 0.300, -0.402,  43,   0, 0
     2866,       26.042, 0.328,  0.461,  43,   0, 0
     2867,       26.048, 0.306, -0.210,  43,   0, 0
     2868,       26.054, 0.307, -0.171,  43,   0, 0
     2869,       26.060, 0.313,  0.024,  43,   0, 0
     2870,       26.066, 0.286, -0.797,  43,   0, 0
     2871,       26.096, 0.313,  0.056,  43,   0, 0
     2872,       26.103, 0.315,  0.101,  43,   0, 0
     2873,       26.110, 0.315,  0.111,  43,   0, 0
     2874,       26.117, 0.296, -0.457,  43,   0, 0
     2875,       26.124, 0.310, -0.008,  43,   0, 0
     2876,       26.130, 0.302, -0.277,  43,   0, 0
     2877,       26.136, 0.339,  0.890,  43,   0, 0
     2878,       26.142, 0.311,  0.009,  43,   0, 0
     2879,       26.148, 0.309, -0.042,  43,   0, 0
     2880,       26.154, 0.321,  0.319,  43,   0, 0
     2881,       26.182, 0.305, -0.153,  43,   0, 0
     2882,       26.188, 0.313,  0.104,  43,   0, 0
     2883,       26.194, 0.312,  0.070,  43,   0, 0
     2884,       26.199, 0.278, -1.006,  43,   0, 0
     2885,       26.205, 0.289, -0.630,  43,   0, 0
     2886,       26.211, 0.271, -1.192,  43,   0, 0
     2887,       26.218, 0.280, -0.891,  43,   0, 0
     2888,       26.226, 0.271, -1.159,  43,   0, 0
     2889,       26.234, 0.284, -0.723,  43,   0, 0
     2890,       26.240, 0.298, -0.286,  43,   0, 0
     2891,       26.267, 0.304, -0.111,  43,   0, 0
     2892,       26.272, 0.271, -1.118,  43,   0, 0
     2893,       26.278, 0.271, -1.099,  43,   0, 0
     2894,       26.284, 0.286, -0.610,  43,   0, 0
     2895,       26.290, 0.285, -0.643,  43,   0, 0
     2896,       26.296, 0.295, -0.309,  43,   0, 0
     2897,       26.302, 0.269, -1.121,  43,   0, 0
     2898,       26.309, 0.271, -1.038,  43,   0, 0
     2899,       26.314, 0.263, -1.268,  43,   0, 0
     2900,       26.320, 0.279, -0.758,  43,   0, 0
     2901,       26.349, 0.264, -1.199,  43,   0, 0
     2902,       26.356, 0.264, -1.175,  43,   0, 0
     2903,       26.364, 0.279, -0.715,  43,   0, 0
     2904,       26.370, 0.264, -1.144,  43,   0, 0
     2905,       26.376, 0.288, -0.414,  43,   0, 0
     2906,       26.382, 0.288, -0.406,  43,   0, 0
     2907,       26.388, 0.286, -0.442,  43,   0, 0
     2908,       26.394, 0.266, -1.048,  43,   0, 0
     2909,       26.399, 0.273, -0.830,  43,   0, 0
     2910,       26.405, 0.272, -0.846,  43,   0, 0
     2911,       26.433, 0.279, -0.610,  43,   0, 0
     2912,       26.439, 0.280, -0.592,  43,   0, 0
     2913,       26.445, 0.273, -0.790,  43,   0, 0
     2914,       26.453, 0.272, -0.782,  43,   0, 0
     2915,       26.459, 0.274, -0.723,  43,   0, 0
     2916,       26.465, 0.272, -0.755,  43,   0, 0
     2917,       26.473, 0.296, -0.010,  43,   0, 0
     2918,       26.482, 0.302,  0.156,  43,   0, 0
     2919,       26.488, 0.278, -0.577,  43,   0, 0
     2920,       26.509, 0.286, -0.292,  43,   0, 0
     2921,       26.538, 0.290, -0.170,  43,   0, 0
     2922,       26.544, 0.289, -0.188,  43,   0, 0
     2923,       26.551, 0.281, -0.422,  43,   0, 0
     2924,       26.557, 0.274, -0.648,  43,   0, 0
     2925,       26.563, 0.259, -1.100,  43,   0, 0
     2926,       26.569, 0.276, -0.550,  43,   0, 0
     2927,       26.574, 0.286, -0.235,  43,   0, 0
     2928,       26.580, 0.295,  0.059,  43,   0, 0
     2929,       26.587, 0.257, -1.135,  43,   0, 0
     2930,       26.593, 0.274, -0.587,  43,   0, 0
     2931,       26.624, 0.288, -0.114,  43,   0, 0
     2932,       26.630, 0.266, -0.821,  43,   0, 0
     2933,       26.637, 0.280, -0.352,  43,   0, 0
     2934,       26.642, 0.272, -0.582,  43,   0, 0
     2935,       26.649, 0.294,  0.133,  43,   0, 0
     2936,       26.655, 0.278, -0.390,  43,   0, 0
     2937,       26.661, 0.286, -0.091,  43,   0, 0
     2938,       26.667, 0.279, -0.328,  43,   0, 0
     2939,       26.673, 0.279, -0.315,  43,   0, 0
     2940,       26.678, 0.300,  0.411,  43,   0, 0
     2941,       26.709, 0.288,  0.003,  43,   0, 0
     2942,       26.717, 0.278, -0.313,  43,   0, 0
     2943,       26.723, 0.307,  0.693,  43,   0, 0
     2944,       26.729, 0.271, -0.556,  43,   0, 0
     2945,       26.736, 0.298,  0.392,  43,   0, 0
     2946,       26.742, 0.304,  0.632,  43,   0, 0
     2947,       26.748, 0.318,  1.118,  43,   0, 0
     2948,       26.754, 0.278, -0.289,  43,   0, 0
     2949,       26.760, 0.307,  0.721,  43,   0, 0
     2950,       26.766, 0.307,  0.730,  43,   0, 0
     2951,       26.795, 0.306,  0.689,  43,   0, 0
     2952,       26.801, 0.300,  0.484,  43,   0, 0
     2953,       26.807, 0.307,  0.732,  43,   0, 0
     2954,       26.813, 0.316,  1.050,  43,   0, 0
     2955,       26.819, 0.307,  0.730,  43,   0, 0
     2956,       26.825, 0.294,  0.265,  43,   0, 0
     2957,       26.833, 0.301,  0.515,  43,   0, 0
     2958,       26.843, 0.287,  0.021,  43,   0, 0
     2959,       26.849, 0.300,  0.515,  43,   0, 0
     2960,       26.855, 0.272, -0.487,  43,   0, 0
     2961,       26.884, 0.315,  1.033,  43,   0, 0
     2962,       26.890, 0.294,  0.310,  43,   0, 0
     2963,       26.899, 0.286,  0.002,  43,   0, 0
     2964,       26.908, 0.306,  0.707,  43,   0, 0
     2965,       26.918, 0.307,  0.755,  43,   0, 0
     2966,       26.924, 0.280, -0.209,  43,   0, 0
     2967,       26.931, 0.279, -0.209,  43,   0, 0
     2968,       26.938, 0.287,  0.054,  43,   0, 0
     2969,       26.945, 0.292,  0.253,  43,   0, 0
     2970,       26.954, 0.312,  0.982,  43,   0, 0
     2971,       26.988, 0.310,  0.936,  43,   0, 0
     2972,       26.996, 0.330,  1.639,  43,   0, 0
     2973,       27.003, 0.297,  0.406,  43,   0, 0
     2974,       27.010, 0.299,  0.507,  43,   0, 0
     2975,       27.016, 0.306,  0.913,  43,   0, 0
     2976,       27.022, 0.308,  1.027,  43,   0, 0
     2977,       27.028, 0.308,  1.018,  43,   0, 0
     2978,       27.035, 0.294,  0.172,  43,   0, 0
     2979,       27.042, 0.335,  2.623,  43,   0, 0
     2980,       27.048, 0.321,  1.705,  43,   0, 0
     2981,       27.077, 0.321,  1.672,  43,   0, 0
     2982,       27.082, 0.313,  1.213,  43,   0, 0
     2983,       27.088, 0.313,  1.202,  43,   0, 0
     2984,       27.100, 0.300,  0.453,  43,   0, 0
     2985,       27.106, 0.330,  2.112,  43,   0, 0
     2986,       27.111, 0.298,  0.274,  43,   0, 0
     2987,       27.118, 0.320,  1.589,  43,   0, 0
     2988,       27.123, 0.299,  0.357,  43,   0, 0
     2989,       27.129, 0.294,  0.073,  43,   0, 0
     2990,       27.135, 0.295,  0.147,  43,   0, 0
     2991,       27.163, 0.288, -0.252,  43,   0, 0
     2992,       27.170, 0.292,  0.009,  43,   0, 0
     2993,       27.176, 0.314,  1.237,  43,   0, 0
     2994,       27.183, 0.300,  0.481,  43,   0, 0
     2995,       27.188, 0.300,  0.465,  43,   0, 0
     2996,       27.194, 0.286, -0.313,  43,   0, 0
     2997,       27.202, 0.301,  0.559,  43,   0, 0
     2998,       27.209, 0.286, -0.297,  43,   0, 0
     2999,       27.217, 0.286, -0.299,  43,   0, 0
     3000,       27.223, 0.280, -0.678,  43,   0, 0
     3001,       27.251, 0.278, -0.742,  43,   0, 0
     3002,       27.257, 0.281, -0.582,  43,   0, 0
     3003,       27.262, 0.288, -0.159,  43,   0, 0
     3004,       27.268, 0.300,  0.612,  43,   0, 0
     3005,       27.274, 0.288, -0.160,  43,   0, 0
     3006,       27.280, 0.301,  0.641,  43,   0, 0
     3007,       27.286, 0.293,  0.177,  43,   0, 0
     3008,       27.292, 0.277, -0.832,  43,   0, 0
     3009,       27.297, 0.278, -0.753,  43,   0, 0
     3010,       27.304, 0.268, -1.407,  43,   0, 0
     3011,       27.333, 0.265, -1.549,  43,   0, 0
     3012,       27.339, 0.306,  0.981,  43,   0, 0
     3013,       27.345, 0.294,  0.210,  43,   0, 0
     3014,       27.352, 0.307,  1.028,  43,   0, 0
     3015,       27.358, 0.294,  0.235,  43,   0, 0
     3016,       27.364, 0.306,  0.940,  43,   0, 0
     3017,       27.370, 0.299,  0.492,  43,   0, 0
     3018,       27.376, 0.272, -1.178,  43,   0, 0
     3019,       27.383, 0.274, -1.069,  43,   0, 0
     3020,       27.388, 0.292,  0.051,  43,   0, 0
     3021,       27.416, 0.301,  0.632,  43,   0, 0
     3022,       27.423, 0.301,  0.614,  43,   0, 0
     3023,       27.428, 0.287, -0.298,  43,   0, 0
     3024,       27.434, 0.265, -1.708,  43,   0, 0
     3025,       27.441, 0.271, -1.325,  43,   0, 0
     3026,       27.447, 0.263, -1.812,  43,   0, 0
     3027,       27.453, 0.267, -1.518,  43,   0, 0
     3028,       27.459, 0.280, -0.718,  43,   0, 0
     3029,       27.468, 0.307,  0.974,  43,   0, 0
     3030,       27.476, 0.296,  0.288,  43,   0, 0
     3031,       27.504, 0.313,  1.307,  43,   0, 0
     3032,       27.509, 0.305,  0.807,  43,   0, 0
     3033,       27.515, 0.310,  1.108,  43,   0, 0
     3034,       27.522, 0.317,  1.534,  43,   0, 0
     3035,       27.527, 0.304,  0.673,  43,   0, 0
     3036,       27.534, 0.317,  1.512,  43,   0, 0
     3037,       27.539, 0.311,  1.054,  43,   0, 0
     3038,       27.545, 0.310,  1.001,  43,   0, 0
     3039,       27.551, 0.319,  1.542,  43,   0, 0
     3040,       27.557, 0.328,  2.054,  43,   0, 0
     3041,       27.585, 0.317,  1.385,  43,   0, 0
     3042,       27.593, 0.320,  1.499,  43,   0, 0
     3043,       27.599, 0.320,  1.459,  43,   0, 0
     3044,       27.605, 0.291, -0.285,  43,   0, 0
     3045,       27.611, 0.286, -0.582,  43,   0, 0
     3046,       27.617, 0.321,  1.512,  43,   0, 0
     3047,       27.623, 0.311,  0.914,  43,   0, 0
     3048,       27.629, 0.346,  3.005,  43,   0, 0
     3049,       27.635, 0.345,  2.809,  43,   0, 0
     3050,       27.641, 0.338,  2.342,  43,   0, 0
     3051,       27.669, 0.337,  2.241,  43,   0, 0
     3052,       27.675, 0.345,  2.631,  43,   0, 0
     3053,       27.681, 0.345,  2.558,  43,   0, 0
     3054,       27.687, 0.334,  1.846,  43,   0, 0
     3055,       27.693, 0.348,  2.584,  43,   0, 0
     3056,       27.699, 0.348,  2.485,  43,   0, 0
     3057,       27.708, 0.320,  0.946,  43,   0, 0
     3058,       27.716, 0.333,  1.646,  43,   0, 0
     3059,       27.723, 0.318,  0.833,  43,   0, 0
     3060,       27.729, 0.324,  1.133,  43,   0, 0
     3061,       27.757, 0.323,  1.058,  43,   0, 0
     3062,       27.762, 0.324,  1.099,  43,   0, 0
     3063,       27.768, 0.311,  0.409,  43,   0, 0
     3064,       27.774, 0.324,  1.079,  43,   0, 0
     3065,       27.780, 0.323,  1.005,  43,   0, 0
     3066,       27.786, 0.337,  1.702,  43,   0, 0
     3067,       27.792, 0.310,  0.293,  43,   0, 0
     3068,       27.798, 0.320,  0.787,  43,   0, 0
     3069,       27.804, 0.332,  1.402,  43,   0, 0
     3070,       27.810, 0.333,  1.457,  43,   0, 0
     3071,       27.838, 0.334,  1.472,  43,   0, 0
     3072,       27.849, 0.321,  0.777,  43,   0, 0
     3073,       27.855, 0.321,  0.767,  43,   0, 0
     3074,       27.861, 0.312,  0.341,  43,   0, 0
     3075,       27.868, 0.299, -0.314,  43,   0, 0
     3076,       27.874, 0.299, -0.311,  43,   0, 0
     3077,       27.880, 0.299, -0.324,  43,   0, 0
     3078,       27.886, 0.313,  0.393,  43,   0, 0
     3079,       27.891, 0.293, -0.608,  43,   0, 0
     3080,       27.897, 0.295, -0.536,  43,   0, 0
     3081,       27.925, 0.293, -0.620,  43,   0, 0
     3082,       27.931, 0.296, -0.476,  43,   0, 0
     3083,       27.937, 0.293, -0.611,  43,   0, 0
     3084,       27.944, 0.295, -0.551,  43,   0, 0
     3085,       27.949, 0.295, -0.542,  43,   0, 0
     3086,       27.957, 0.292, -0.660,  43,   0, 0
     3087,       27.964, 0.276, -1.475,  43,   0, 0
     3088,       27.972, 0.289, -0.811,  43,   0, 0
     3089,       27.977, 0.262, -2.203,  44,   1, 0
     3090,       27.990, 0.300, -0.262,  44,   0, 0
     3091,       28.019, 0.285, -1.003,  44,   0, 0
     3092,       28.025, 0.299, -0.305,  44,   0, 0
     3093,       28.031, 0.314,  0.483,  44,   0, 0
     3094,       28.037, 0.307,  0.102,  44,   0, 0
     3095,       28.043, 0.293, -0.588,  44,   0, 0
     3096,       28.049, 0.296, -0.416,  44,   0, 0
     3097,       28.055, 0.287, -0.899,  44,   0, 0
     3098,       28.061, 0.316,  0.548,  44,   0, 0
     3099,       28.067, 0.286, -0.944,  44,   0, 0
     3100,       28.073, 0.295, -0.478,  44,   0, 0
     3101,       28.102, 0.288, -0.817,  44,   0, 0
     3102,       28.109, 0.282, -1.100,  44,   0, 0
     3103,       28.116, 0.293, -0.503,  44,   0, 0
     3104,       28.121, 0.306,  0.155,  44,   0, 0
     3105,       28.127, 0.306,  0.152,  44,   0, 0
     3106,       28.133, 0.278, -1.247,  44,   0, 0
     3107,       28.139, 0.279, -1.195,  44,   0, 0
     3108,       28.144, 0.279, -1.175,  44,   0, 0
     3109,       28.151, 0.272, -1.489,  44,   0, 0
     3110,       28.157, 0.285, -0.859,  44,   0, 0
     3111,       28.185, 0.286, -0.786,  44,   0, 0
     3112,       28.191, 0.277, -1.222,  44,   0, 0
     3113,       28.197, 0.279, -1.115,  44,   0, 0
     3114,       28.203, 0.293, -0.410,  44,   0, 0
     3115,       28.209, 0.288, -0.676,  44,   0, 0
     3116,       28.217, 0.253, -2.361,  45,   1, 0
     3117,       28.229, 0.316,  0.668,  45,   0, 0
     3118,       28.236, 0.299, -0.128,  45,   0, 0
     3119,       28.243, 0.294, -0.381,  45,   0, 0
     3120,       28.248, 0.279, -1.049,  45,   0, 0
     3121,       28.276, 0.292, -0.463,  45,   0, 0
     3122,       28.282, 0.292, -0.451,  45,   0, 0
     3123,       28.288, 0.292, -0.457,  45,   0, 0
     3124,       28.294, 0.297, -0.254,  45,   0, 0
     3125,       28.299, 0.270, -1.528,  45,   0, 0
     3126,       28.305, 0.292, -0.465,  45,   0, 0
     3127,       28.311, 0.293, -0.394,  45,   0, 0
     3128,       28.317, 0.265, -1.752,  45,   0, 0
     3129,       28.323, 0.270, -1.489,  45,   0, 0
     3130,       28.329, 0.306,  0.231,  45,   0, 0
     3131,       28.360, 0.305,  0.150,  45,   0, 0
     3132,       28.366, 0.278, -1.169,  45,   0, 0
     3133,       28.372, 0.278, -1.151,  45,   0, 0
     3134,       28.378, 0.278, -1.139,  45,   0, 0
     3135,       28.384, 0.283, -0.850,  45,   0, 0
     3136,       28.390, 0.271, -1.424,  45,   0, 0
     3137,       28.395, 0.257, -2.071,  46,   1, 0
     3138,       28.406, 0.270, -1.386,  46,   0, 0
     3139,       28.413, 0.270, -1.385,  46,   0, 0
     3140,       28.419, 0.269, -1.447,  46,   0, 0
     3141,       28.447, 0.251, -2.234,  47,   1, 0
     3142,       28.458, 0.283, -0.739,  47,   0, 0
     3143,       28.464, 0.255, -1.982,  47,   0, 0
     3144,       28.470, 0.299, -0.018,  47,   0, 0
     3145,       28.476, 0.292, -0.350,  47,   0, 0
     3146,       28.483, 0.283, -0.740,  47,   0, 0
     3147,       28.489, 0.270, -1.351,  47,   0, 0
     3148,       28.495, 0.269, -1.404,  47,   0, 0
     3149,       28.501, 0.286, -0.624,  47,   0, 0
     3150,       28.507, 0.287, -0.574,  47,   0, 0
     3151,       28.535, 0.285, -0.649,  47,   0, 0
     3152,       28.541, 0.260, -1.765,  47,   0, 0
     3153,       28.547, 0.286, -0.575,  47,   0, 0
     3154,       28.553, 0.258, -1.792,  47,   0, 0
     3155,       28.559, 0.260, -1.695,  47,   0, 0
     3156,       28.564, 0.270, -1.201,  47,   0, 0
     3157,       28.570, 0.289, -0.377,  47,   0, 0
     3158,       28.576, 0.286, -0.493,  47,   0, 0
     3159,       28.582, 0.268, -1.268,  47,   0, 0
     3160,       28.588, 0.271, -1.097,  47,   0, 0
     3161,       28.616, 0.236, -2.604,  48,   1, 0
     3162,       28.628, 0.269, -1.129,  48,   0, 0
     3163,       28.634, 0.269, -1.110,  48,   0, 0
     3164,       28.639, 0.279, -0.679,  48,   0, 0
     3165,       28.645, 0.293, -0.084,  48,   0, 0
     3166,       28.651, 0.266, -1.210,  48,   0, 0
     3167,       28.657, 0.285, -0.407,  48,   0, 0
     3168,       28.664, 0.271, -0.957,  48,   0, 0
     3169,       28.671, 0.270, -1.004,  48,   0, 0
     3170,       28.678, 0.286, -0.308,  48,   0, 0
     3171,       28.707, 0.292, -0.043,  48,   0, 0
     3172,       28.715, 0.302,  0.420,  48,   0, 0
     3173,       28.723, 0.299,  0.306,  48,   0, 0
     3174,       28.732, 0.309,  0.798,  48,   0, 0
     3175,       28.744, 0.328,  1.730,  48,   0, 0
     3176,       28.752, 0.285, -0.314,  48,   0, 0
     3177,       28.758, 0.278, -0.629,  48,   0, 0
     3178,       28.767, 0.307,  0.829,  48,   0, 0
     3179,       28.774, 0.288, -0.138,  48,   0, 0
     3180,       28.782, 0.294,  0.184,  48,   0, 0
     3181,       28.816, 0.288, -0.114,  48,   0, 0
     3182,       28.823, 0.321,  1.636,  48,   0, 0
     3183,       28.830, 0.305,  0.840,  48,   0, 0
     3184,       28.837, 0.318,  1.489,  48,   0, 0
     3185,       28.842, 0.307,  0.912,  48,   0, 0
     3186,       28.849, 0.322,  1.729,  48,   0, 0
     3187,       28.856, 0.305,  0.888,  48,   0, 0
     3188,       28.865, 0.319,  1.599,  48,   0, 0
     3189,       28.871, 0.306,  0.932,  48,   0, 0
     3190,       28.876, 0.325,  1.991,  48,   0, 0
     3191,       28.904, 0.291,  0.153,  48,   0, 0
     3192,       28.910, 0.293,  0.242,  48,   0, 0
     3193,       28.916, 0.319,  1.776,  48,   0, 0
     3194,       28.921, 0.306,  1.042,  48,   0, 0
     3195,       28.927, 0.291,  0.199,  48,   0, 0
     3196,       28.933, 0.315,  1.598,  48,   0, 0
     3197,       28.940, 0.307,  1.107,  48,   0, 0
     3198,       28.945, 0.321,  1.886,  48,   0, 0
     3199,       28.952, 0.330,  2.409,  48,   0, 0
     3200,       28.958, 0.320,  1.746,  48,   0, 0
     3201,       28.986, 0.322,  1.842,  48,   0, 0
     3202,       28.997, 0.335,  2.507,  48,   0, 0
     3203,       29.003, 0.332,  2.300,  48,   0, 0
     3204,       29.009, 0.343,  2.808,  48,   0, 0
     3205,       29.015, 0.333,  2.183,  48,   0, 0
     3206,       29.022, 0.341,  2.502,  48,   0, 0
     3207,       29.028, 0.312,  1.053,  48,   0, 0
     3208,       29.034, 0.306,  0.740,  48,   0, 0
     3209,       29.040, 0.293,  0.109,  48,   0, 0
     3210,       29.046, 0.292,  0.018,  48,   0, 0
     3211,       29.076, 0.285, -0.333,  48,   0, 0
     3212,       29.082, 0.293,  0.101,  48,   0, 0
     3213,       29.087, 0.301,  0.458,  48,   0, 0
     3214,       29.093, 0.293,  0.094,  48,   0, 0
     3215,       29.100, 0.315,  1.179,  48,   0, 0
     3216,       29.110, 0.273, -0.874,  48,   0, 0
     3217,       29.117, 0.315,  1.169,  48,   0, 0
     3218,       29.123, 0.286, -0.274,  48,   0, 0
     3219,       29.129, 0.272, -0.925,  48,   0, 0
     3220,       29.135, 0.280, -0.520,  48,   0, 0
     3221,       29.163, 0.259, -1.548,  48,   0, 0
     3222,       29.169, 0.259, -1.521,  48,   0, 0
     3223,       29.175, 0.272, -0.873,  48,   0, 0
     3224,       29.181, 0.259, -1.486,  48,   0, 0
     3225,       29.187, 0.273, -0.776,  48,   0, 0
     3226,       29.193, 0.266, -1.119,  48,   0, 0
     3227,       29.199, 0.251, -1.797,  48,   0, 0
     3228,       29.205, 0.263, -1.220,  48,   0, 0
     3229,       29.210, 0.271, -0.838,  48,   0, 0
     3230,       29.219, 0.264, -1.156,  48,   0, 0
     3231,       29.247, 0.271, -0.836,  48,   0, 0
     3232,       29.254, 0.289,  0.006,  48,   0, 0
     3233,       29.260, 0.263, -1.190,  48,   0, 0
     3234,       29.266, 0.238, -2.335,  49,   1, 0
     3235,       29.278, 0.258, -1.346,  49,   0, 0
     3236,       29.286, 0.250, -1.673,  49,   0, 0
     3237,       29.292, 0.270, -0.785,  49,   0, 0
     3238,       29.298, 0.279, -0.393,  49,   0, 0
     3239,       29.305, 0.285, -0.126,  49,   0, 0
     3240,       29.311, 0.272, -0.669,  49,   0, 0
     3241,       29.340, 0.256, -1.385,  49,   0, 0
     3242,       29.345, 0.263, -1.048,  49,   0, 0
     3243,       29.352, 0.256, -1.367,  49,   0, 0
     3244,       29.360, 0.270, -0.717,  49,   0, 0
     3245,       29.369, 0.271, -0.660,  49,   0, 0
     3246,       29.374, 0.271, -0.675,  49,   0, 0
     3247,       29.381, 0.272, -0.607,  49,   0, 0
     3248,       29.387, 0.266, -0.886,  49,   0, 0
     3249,       29.393, 0.266, -0.881,  49,   0, 0
     3250,       29.399, 0.259, -1.184,  49,   0, 0
     3251,       29.428, 0.242, -1.870,  49,   0, 0
     3252,       29.435, 0.233, -2.217,  50,   1, 0
     3253,       29.446, 0.271, -0.581,  50,   0, 0
     3254,       29.452, 0.274, -0.457,  50,   0, 0
     3255,       29.458, 0.271, -0.577,  50,   0, 0
     3256,       29.464, 0.267, -0.731,  50,   0, 0
     3257,       29.473, 0.271, -0.570,  50,   0, 0
     3258,       29.479, 0.256, -1.190,  50,   0, 0
     3259,       29.486, 0.248, -1.520,  50,   0, 0
     3260,       29.493, 0.234, -2.075,  51,   1, 0
     3261,       29.527, 0.257, -1.102,  51,   0, 0
     3262,       29.534, 0.271, -0.545,  51,   0, 0
     3263,       29.539, 0.256, -1.131,  51,   0, 0
     3264,       29.545, 0.263, -0.863,  51,   0, 0
     3265,       29.551, 0.253, -1.260,  51,   0, 0
     3266,       29.557, 0.263, -0.831,  51,   0, 0
     3267,       29.564, 0.263, -0.822,  51,   0, 0
     3268,       29.570, 0.263, -0.818,  51,   0, 0
     3269,       29.577, 0.248, -1.401,  51,   0, 0
     3270,       29.584, 0.273, -0.378,  51,   0, 0
     3271,       29.616, 0.264, -0.764,  51,   0, 0
     3272,       29.623, 0.272, -0.409,  51,   0, 0
     3273,       29.629, 0.293,  0.428,  51,   0, 0
     3274,       29.635, 0.281, -0.071,  51,   0, 0
     3275,       29.641, 0.278, -0.189,  51,   0, 0
     3276,       29.646, 0.271, -0.488,  51,   0, 0
     3277,       29.653, 0.278, -0.196,  51,   0, 0
     3278,       29.659, 0.277, -0.247,  51,   0, 0
     3279,       29.666, 0.279, -0.133,  51,   0, 0
     3280,       29.672, 0.293,  0.428,  51,   0, 0
     3281,       29.702, 0.307,  0.972,  51,   0, 0
     3282,       29.708, 0.280, -0.162,  51,   0, 0
     3283,       29.714, 0.271, -0.521,  51,   0, 0
     3284,       29.720, 0.272, -0.466,  51,   0, 0
     3285,       29.731, 0.278, -0.229,  51,   0, 0
     3286,       29.739, 0.294,  0.445,  51,   0, 0
     3287,       29.745, 0.286,  0.106,  51,   0, 0
     3288,       29.751, 0.273, -0.423,  51,   0, 0
     3289,       29.757, 0.272, -0.477,  51,   0, 0
     3290,       29.764, 0.272, -0.470,  51,   0, 0
     3291,       29.791, 0.281, -0.131,  51,   0, 0
     3292,       29.797, 0.279, -0.171,  51,   0, 0
     3293,       29.803, 0.272, -0.462,  51,   0, 0
     3294,       29.809, 0.266, -0.697,  51,   0, 0
     3295,       29.815, 0.286,  0.110,  51,   0, 0
     3296,       29.822, 0.294,  0.464,  51,   0, 0
     3297,       29.828, 0.291,  0.340,  51,   0, 0
     3298,       29.834, 0.280, -0.126,  51,   0, 0
     3299,       29.840, 0.292,  0.395,  51,   0, 0
     3300,       29.850, 0.295,  0.508,  51,   0, 0
     3301,       29.879, 0.292,  0.395,  51,   0, 0
     3302,       29.886, 0.272, -0.437,  51,   0, 0
     3303,       29.891, 0.278, -0.172,  51,   0, 0
     3304,       29.897, 0.308,  1.089,  51,   0, 0
     3305,       29.903, 0.286,  0.173,  51,   0, 0
     3306,       29.909, 0.301,  0.820,  51,   0, 0
     3307,       29.916, 0.280, -0.056,  51,   0, 0
     3308,       29.921, 0.275, -0.267,  51,   0, 0
     3309,       29.927, 0.282,  0.032,  51,   0, 0
     3310,       29.933, 0.282,  0.041,  51,   0, 0
     3311,       29.961, 0.282,  0.058,  51,   0, 0
     3312,       29.967, 0.279, -0.061,  51,   0, 0
     3313,       29.973, 0.273, -0.300,  51,   0, 0
     3314,       29.978, 0.271, -0.408,  51,   0, 0
     3315,       29.985, 0.280,  0.040,  51,   0, 0
     3316,       29.995, 0.280,  0.044,  51,   0, 0
     3317,       30.004, 0.264, -0.693,  51,   0, 0
     3318,       30.010, 0.285,  0.279,  51,   0, 0
     3319,       30.017, 0.257, -1.016,  51,   0, 0
     3320,       30.023, 0.286,  0.404,  51,   0, 0
     3321,       30.052, 0.266, -0.569,  51,   0, 0
     3322,       30.058, 0.259, -0.882,  51,   0, 0
     3323,       30.063, 0.271, -0.290,  51,   0, 0
     3324,       30.070, 0.266, -0.557,  51,   0, 0
     3325,       30.077, 0.255, -1.136,  51,   0, 0
     3326,       30.083, 0.279,  0.252,  51,   0, 0
     3327,       30.089, 0.277,  0.211,  51,   0, 0
     3328,       30.094, 0.266, -0.483,  51,   0, 0
     3329,       30.101, 0.279,  0.362,  51,   0, 0
     3330,       30.107, 0.302,  1.914,  51,   0, 0
     3331,       30.136, 0.282,  0.542,  51,   0, 0
     3332,       30.142, 0.264, -0.600,  51,   0, 0
     3333,       30.148, 0.280,  0.432,  51,   0, 0
     3334,       30.154, 0.279,  0.435,  51,   0, 0
     3335,       30.160, 0.280,  0.461,  51,   0, 0
     3336,       30.167, 0.287,  0.986,  51,   0, 0
     3337,       30.173, 0.270, -0.165,  51,   0, 0
     3338,       30.178, 0.292,  1.458,  51,   0, 0
     3339,       30.185, 0.299,  1.953,  51,   0, 0
     3340,       30.190, 0.300,  1.943,  51,   0, 0
     3341,       30.219, 0.302,  2.057,  51,   0, 0
     3342,       30.224, 0.301,  1.910,  51,   0, 0
     3343,       30.230, 0.292,  1.283,  51,   0, 0
     3344,       30.236, 0.293,  1.348,  51,   0, 0
     3345,       30.242, 0.308,  2.305,  51,   0, 0
     3346,       30.251, 0.309,  2.334,  51,   0, 0
     3347,       30.258, 0.299,  1.600,  51,   0, 0
     3348,       30.279, 0.308,  2.140,  51,   0, 0
     3349,       30.286, 0.295,  1.236,  51,   0, 0
     3350,       30.291, 0.293,  1.139,  51,   0, 0
     3351,       30.321, 0.300,  1.543,  51,   0, 0
     3352,       30.328, 0.319,  2.743,  51,   0, 0
     3353,       30.334, 0.307,  1.918,  51,   0, 0
     3354,       30.340, 0.308,  1.886,  51,   0, 0
     3355,       30.346, 0.308,  1.867,  51,   0, 0
     3356,       30.352, 0.308,  1.827,  51,   0, 0
     3357,       30.358, 0.263, -0.906,  51,   0, 0
     3358,       30.365, 0.278, -0.034,  51,   0, 0
     3359,       30.373, 0.265, -0.810,  51,   0, 0
     3360,       30.378, 0.273, -0.310,  51,   0, 0
     3361,       30.407, 0.285,  0.424,  51,   0, 0
     3362,       30.413, 0.241, -2.280,  52,   1, 0
     3363,       30.424, 0.257, -1.277,  52,   0, 0
     3364,       30.431, 0.264, -0.864,  52,   0, 0
     3365,       30.437, 0.266, -0.734,  52,   0, 0
     3366,       30.443, 0.228, -2.983,  53,   1, 0
     3367,       30.454, 0.259, -1.040,  53,   0, 0
     3368,       30.461, 0.246, -1.824,  53,   0, 0
     3369,       30.468, 0.245, -1.847,  53,   0, 0
     3370,       30.473, 0.266, -0.641,  53,   0, 0
     3371,       30.502, 0.265, -0.704,  53,   0, 0
     3372,       30.509, 0.265, -0.716,  53,   0, 0
     3373,       30.519, 0.265, -0.731,  53,   0, 0
     3374,       30.524, 0.277, -0.027,  53,   0, 0
     3375,       30.530, 0.271, -0.396,  53,   0, 0
     3376,       30.537, 0.288,  0.582,  53,   0, 0
     3377,       30.543, 0.285,  0.408,  53,   0, 0
     3378,       30.549, 0.284,  0.371,  53,   0, 0
     3379,       30.555, 0.291,  0.785,  53,   0, 0
     3380,       30.561, 0.278, -0.020,  53,   0, 0
     3381,       30.589, 0.279,  0.041,  53,   0, 0
     3382,       30.595, 0.308,  1.782,  53,   0, 0
     3383,       30.601, 0.290,  0.656,  53,   0, 0
     3384,       30.607, 0.291,  0.682,  53,   0, 0
     3385,       30.614, 0.315,  2.135,  53,   0, 0
     3386,       30.623, 0.284,  0.236,  53,   0, 0
     3387,       30.629, 0.277, -0.215,  53,   0, 0
     3388,       30.635, 0.293,  0.783,  53,   0, 0
     3389,       30.641, 0.279, -0.117,  53,   0, 0
     3390,       30.647, 0.293,  0.766,  53,   0, 0
     3391,       30.675, 0.284,  0.148,  53,   0, 0
     3392,       30.681, 0.318,  2.301,  53,   0, 0
     3393,       30.687, 0.286,  0.281,  53,   0, 0
     3394,       30.694, 0.263, -1.156,  53,   0, 0
     3395,       30.700, 0.296,  0.882,  53,   0, 0
     3396,       30.707, 0.293,  0.699,  53,   0, 0
     3397,       30.712, 0.286,  0.277,  53,   0, 0
     3398,       30.718, 0.289,  0.426,  53,   0, 0
     3399,       30.724, 0.283,  0.083,  53,   0, 0
     3400,       30.730, 0.295,  0.778,  53,   0, 0
     3401,       30.761, 0.303,  1.291,  53,   0, 0
     3402,       30.768, 0.298,  0.995,  53,   0, 0
     3403,       30.774, 0.288,  0.348,  53,   0, 0
     3404,       30.780, 0.278, -0.282,  53,   0, 0
     3405,       30.786, 0.293,  0.664,  53,   0, 0
     3406,       30.792, 0.294,  0.667,  53,   0, 0
     3407,       30.798, 0.303,  1.265,  53,   0, 0
     3408,       30.804, 0.308,  1.523,  53,   0, 0
     3409,       30.809, 0.309,  1.563,  53,   0, 0
     3410,       30.815, 0.315,  1.878,  53,   0, 0
     3411,       30.843, 0.294,  0.598,  53,   0, 0
     3412,       30.849, 0.279, -0.306,  53,   0, 0
     3413,       30.856, 0.288,  0.243,  53,   0, 0
     3414,       30.862, 0.286,  0.149,  53,   0, 0
     3415,       30.868, 0.309,  1.489,  53,   0, 0
     3416,       30.875, 0.294,  0.561,  53,   0, 0
     3417,       30.882, 0.315,  1.791,  53,   0, 0
     3418,       30.888, 0.301,  0.962,  53,   0, 0
     3419,       30.894, 0.309,  1.418,  53,   0, 0
     3420,       30.901, 0.300,  0.845,  53,   0, 0
     3421,       30.930, 0.299,  0.830,  53,   0, 0
     3422,       30.936, 0.331,  2.656,  53,   0, 0
     3423,       30.942, 0.358,  4.029,  53,   0, 0
     3424,       30.947, 0.363,  4.045,  53,   0, 0
     3425,       30.954, 0.391,  5.173,  53,   0, 0
     3426,       30.960, 0.404,  5.205,  53,   0, 0
     3427,       30.966, 0.348,  2.416,  53,   0, 0
     3428,       30.972, 0.401,  4.436,  53,   0, 0
     3429,       30.978, 0.377,  3.185,  53,   0, 0
     3430,       30.984, 0.400,  3.854,  53,   0, 0
     3431,       31.013, 0.357,  2.174,  53,   0, 0
     3432,       31.019, 0.384,  2.998,  53,   0, 0
     3433,       31.027, 0.357,  2.013,  53,   0, 0
     3434,       31.034, 0.388,  2.917,  53,   0, 0
     3435,       31.039, 0.374,  2.370,  53,   0, 0
     3436,       31.046, 0.388,  2.718,  53,   0, 0
     3437,       31.052, 0.374,  2.208,  53,   0, 0
     3438,       31.058, 0.376,  2.219,  53,   0, 0
     3439,       31.065, 0.346,  1.315,  53,   0, 0
     3440,       31.071, 0.347,  1.324,  53,   0, 0
     3441,       31.098, 0.358,  1.605,  53,   0, 0
     3442,       31.104, 0.368,  1.857,  53,   0, 0
     3443,       31.110, 0.390,  2.393,  53,   0, 0
     3444,       31.117, 0.388,  2.262,  53,   0, 0
     3445,       31.124, 0.400,  2.515,  53,   0, 0
     3446,       31.130, 0.390,  2.173,  53,   0, 0
     3447,       31.136, 0.347,  1.049,  53,   0, 0
     3448,       31.142, 0.351,  1.122,  53,   0, 0
     3449,       31.149, 0.353,  1.153,  53,   0, 0
     3450,       31.155, 0.399,  2.286,  53,   0, 0
     3451,       31.183, 0.337,  0.701,  53,   0, 0
     3452,       31.189, 0.373,  1.582,  53,   0, 0
     3453,       31.196, 0.324,  0.363,  53,   0, 0
     3454,       31.203, 0.361,  1.235,  53,   0, 0
     3455,       31.208, 0.323,  0.310,  53,   0, 0
     3456,       31.214, 0.323,  0.302,  53,   0, 0
     3457,       31.220, 0.333,  0.524,  53,   0, 0
     3458,       31.226, 0.338,  0.645,  53,   0, 0
     3459,       31.232, 0.333,  0.516,  53,   0, 0
     3460,       31.238, 0.297, -0.375,  53,   0, 0
     3461,       31.267, 0.308, -0.101,  53,   0, 0
     3462,       31.274, 0.321,  0.217,  53,   0, 0
     3463,       31.280, 0.285, -0.677,  53,   0, 0
     3464,       31.286, 0.307, -0.141,  53,   0, 0
     3465,       31.292, 0.312, -0.022,  53,   0, 0
     3466,       31.299, 0.271, -1.009,  53,   0, 0
     3467,       31.305, 0.334,  0.539,  53,   0, 0
     3468,       31.310, 0.321,  0.199,  53,   0, 0
     3469,       31.317, 0.299, -0.328,  53,   0, 0
     3470,       31.323, 0.328,  0.372,  53,   0, 0
     3471,       31.350, 0.301, -0.296,  53,   0, 0
     3472,       31.357, 0.321,  0.190,  53,   0, 0
     3473,       31.363, 0.300, -0.324,  53,   0, 0
     3474,       31.370, 0.301, -0.287,  53,   0, 0
     3475,       31.375, 0.285, -0.674,  53,   0, 0
     3476,       31.382, 0.300, -0.316,  53,   0, 0
     3477,       31.390, 0.285, -0.671,  53,   0, 0
     3478,       31.398, 0.278, -0.850,  53,   0, 0
     3479,       31.404, 0.212, -2.449,  54,   1, 0
     3480,       31.416, 0.165, -3.497,  54,   2, 0
     3481,       31.450, 0.171, -3.179,  54,   3, 0
     3482,       31.463, 0.214, -2.110,  54,   4, 0
     3483,       31.476, 0.302, -0.180,  54,   0, 0
     3484,       31.482, 0.343,  0.702,  54,   0, 0
     3485,       31.489, 0.322,  0.232,  54,   0, 0
     3486,       31.495, 0.356,  0.980,  54,   0, 0
     3487,       31.503, 0.371,  1.283,  54,   0, 0
     3488,       31.509, 0.345,  0.689,  54,   0, 0
     3489,       31.515, 0.360,  1.002,  54,   0, 0
     3490,       31.521, 0.360,  0.987,  54,   0, 0
     3491,       31.550, 0.361,  1.011,  54,   0, 0
     3492,       31.556, 0.351,  0.762,  54,   0, 0
     3493,       31.562, 0.377,  1.330,  54,   0, 0
     3494,       31.568, 0.351,  0.727,  54,   0, 0
     3495,       31.575, 0.334,  0.327,  54,   0, 0
     3496,       31.581, 0.362,  0.961,  54,   0, 0
     3497,       31.587, 0.363,  0.967,  54,   0, 0
     3498,       31.593, 0.356,  0.798,  54,   0, 0
     3499,       31.599, 0.350,  0.640,  54,   0, 0
     3500,       31.605, 0.335,  0.293,  54,   0, 0
     3501,       31.634, 0.344,  0.484,  54,   0, 0
     3502,       31.642, 0.386,  1.429,  54,   0, 0
     3503,       31.648, 0.370,  1.043,  54,   0, 0
     3504,       31.654, 0.371,  1.049,  54,   0, 0
     3505,       31.660, 0.367,  0.940,  54,   0, 0
     3506,       31.667, 0.343,  0.378,  54,   0, 0
     3507,       31.673, 0.344,  0.394,  54,   0, 0
     3508,       31.678, 0.329,  0.062,  54,   0, 0
     3509,       31.685, 0.364,  0.833,  54,   0, 0
     3510,       31.690, 0.335,  0.161,  54,   0, 0
     3511,       31.720, 0.372,  0.998,  54,   0, 0
     3512,       31.725, 0.356,  0.625,  54,   0, 0
     3513,       31.731, 0.356,  0.617,  54,   0, 0
     3514,       31.737, 0.340,  0.239,  54,   0, 0
     3515,       31.743, 0.315, -0.362,  54,   0, 0
     3516,       31.750, 0.271, -1.375,  54,   0, 0
     3517,       31.759, 0.215, -2.661,  55,   1, 0
     3518,       31.778, 0.215, -2.583,  55,   2, 0
     3519,       31.790, 0.242, -1.900,  55,   0, 0
     3520,       31.796, 0.228, -2.190,  56,   1, 0
     3521,       31.830, 0.244, -1.790,  56,   0, 0
     3522,       31.837, 0.242, -1.796,  56,   0, 0
     3523,       31.843, 0.273, -1.126,  56,   0, 0
     3524,       31.849, 0.271, -1.165,  56,   0, 0
     3525,       31.856, 0.242, -1.757,  56,   0, 0
     3526,       31.862, 0.257, -1.426,  56,   0, 0
     3527,       31.868, 0.285, -0.845,  56,   0, 0
     3528,       31.876, 0.265, -1.255,  56,   0, 0
     3529,       31.882, 0.244, -1.653,  56,   0, 0
     3530,       31.888, 0.258, -1.344,  56,   0, 0
     3531,       31.917, 0.242, -1.637,  56,   0, 0
     3532,       31.922, 0.273, -1.016,  56,   0, 0
     3533,       31.928, 0.251, -1.449,  56,   0, 0
     3534,       31.934, 0.250, -1.438,  56,   0, 0
     3535,       31.940, 0.271, -1.023,  56,   0, 0
     3536,       31.946, 0.257, -1.282,  56,   0, 0
     3537,       31.952, 0.244, -1.521,  56,   0, 0
     3538,       31.958, 0.252, -1.350,  56,   0, 0
     3539,       31.963, 0.284, -0.721,  56,   0, 0
     3540,       31.969, 0.236, -1.628,  56,   0, 0
     3541,       31.997, 0.282, -0.735,  56,   0, 0
     3542,       32.006, 0.271, -0.937,  56,   0, 0
     3543,       32.013, 0.260, -1.135,  56,   0, 0
     3544,       32.021, 0.229, -1.693,  56,   0, 0
     3545,       32.027, 0.232, -1.591,  56,   0, 0
     3546,       32.033, 0.239, -1.434,  56,   0, 0
     3547,       32.039, 0.275, -0.760,  56,   0, 0
     3548,       32.045, 0.242, -1.340,  56,   0, 0
     3549,       32.052, 0.242, -1.323,  56,   0, 0
     3550,       32.058, 0.274, -0.718,  56,   0, 0
     3551,       32.086, 0.245, -1.233,  56,   0, 0
     3552,       32.092, 0.262, -0.908,  56,   0, 0
     3553,       32.097, 0.255, -1.029,  56,   0, 0
     3554,       32.104, 0.263, -0.855,  56,   0, 0
     3555,       32.109, 0.276, -0.606,  56,   0, 0
     3556,       32.116, 0.288, -0.369,  56,   0, 0
     3557,       32.124, 0.293, -0.255,  56,   0, 0
     3558,       32.131, 0.318,  0.226,  56,   0, 0
     3559,       32.139, 0.317,  0.228,  56,   0, 0
     3560,       32.145, 0.288, -0.336,  56,   0, 0
     3561,       32.173, 0.286, -0.360,  56,   0, 0
     3562,       32.179, 0.286, -0.350,  56,   0, 0
     3563,       32.185, 0.313,  0.181,  56,   0, 0
     3564,       32.191, 0.280, -0.456,  56,   0, 0
     3565,       32.196, 0.293, -0.165,  56,   0, 0
     3566,       32.202, 0.288, -0.270,  56,   0, 0
     3567,       32.208, 0.292, -0.164,  56,   0, 0
     3568,       32.214, 0.335,  0.733,  56,   0, 0
     3569,       32.220, 0.317,  0.366,  56,   0, 0
     3570,       32.226, 0.285, -0.288,  56,   0, 0
     3571,       32.255, 0.303,  0.093,  56,   0, 0
     3572,       32.263, 0.302,  0.089,  56,   0, 0
     3573,       32.270, 0.293, -0.085,  56,   0, 0
     3574,       32.276, 0.322,  0.540,  56,   0, 0
     3575,       32.282, 0.302,  0.115,  56,   0, 0
     3576,       32.288, 0.286, -0.225,  56,   0, 0
     3577,       32.294, 0.293, -0.063,  56,   0, 0
     3578,       32.300, 0.302,  0.134,  56,   0, 0
     3579,       32.306, 0.295, -0.018,  56,   0, 0
     3580,       32.312, 0.304,  0.179,  56,   0, 0
     3581,       32.340, 0.299,  0.086,  56,   0, 0
     3582,       32.346, 0.279, -0.346,  56,   0, 0
     3583,       32.352, 0.301,  0.127,  56,   0, 0
     3584,       32.358, 0.288, -0.165,  56,   0, 0
     3585,       32.364, 0.294, -0.021,  56,   0, 0
     3586,       32.370, 0.273, -0.466,  56,   0, 0
     3587,       32.376, 0.287, -0.174,  56,   0, 0
     3588,       32.382, 0.286, -0.182,  56,   0, 0
     3589,       32.389, 0.285, -0.206,  56,   0, 0
     3590,       32.395, 0.271, -0.494,  56,   0, 0
     3591,       32.424, 0.302,  0.184,  56,   0, 0
     3592,       32.430, 0.301,  0.157,  56,   0, 0
     3593,       32.437, 0.316,  0.493,  56,   0, 0
     3594,       32.443, 0.314,  0.458,  56,   0, 0
     3595,       32.449, 0.314,  0.455,  56,   0, 0
     3596,       32.454, 0.302,  0.176,  56,   0, 0
     3597,       32.460, 0.314,  0.449,  56,   0, 0
     3598,       32.466, 0.301,  0.144,  56,   0, 0
     3599,       32.472, 0.314,  0.439,  56,   0, 0
     3600,       32.478, 0.314,  0.426,  56,   0, 0
     3601,       32.507, 0.315,  0.418,  56,   0, 0
     3602,       32.513, 0.300,  0.050,  56,   0, 0
     3603,       32.521, 0.286, -0.292,  56,   0, 0
     3604,       32.527, 0.314,  0.392,  56,   0, 0
     3605,       32.533, 0.314,  0.399,  56,   0, 0
     3606,       32.539, 0.314,  0.401,  56,   0, 0
     3607,       32.545, 0.300,  0.059,  56,   0, 0
     3608,       32.551, 0.300,  0.075,  56,   0, 0
     3609,       32.557, 0.286, -0.263,  56,   0, 0
     3610,       32.563, 0.315,  0.471,  56,   0, 0
     3611,       32.591, 0.314,  0.480,  56,   0, 0
     3612,       32.596, 0.271, -0.614,  56,   0, 0
     3613,       32.602, 0.287, -0.201,  56,   0, 0
     3614,       32.608, 0.329,  0.940,  56,   0, 0
     3615,       32.614, 0.286, -0.201,  56,   0, 0
     3616,       32.620, 0.330,  0.980,  56,   0, 0
     3617,       32.626, 0.343,  1.354,  56,   0, 0
     3618,       32.632, 0.286, -0.181,  56,   0, 0
     3619,       32.640, 0.307,  0.407,  56,   0, 0
     3620,       32.648, 0.298,  0.165,  56,   0, 0
     3621,       32.676, 0.299,  0.212,  56,   0, 0
     3622,       32.682, 0.329,  1.076,  56,   0, 0
     3623,       32.687, 0.321,  0.887,  56,   0, 0
     3624,       32.693, 0.304,  0.420,  56,   0, 0
     3625,       32.699, 0.322,  0.984,  56,   0, 0
     3626,       32.705, 0.336,  1.463,  56,   0, 0
     3627,       32.711, 0.322,  1.019,  56,   0, 0
     3628,       32.718, 0.337,  1.489,  56,   0, 0
     3629,       32.723, 0.307,  0.553,  56,   0, 0
     3630,       32.729, 0.246, -1.376,  56,   0, 0
     3631,       32.758, 0.341,  1.707,  56,   0, 0
     3632,       32.765, 0.287, -0.026,  56,   0, 0
     3633,       32.773, 0.320,  1.095,  56,   0, 0
     3634,       32.779, 0.306,  0.636,  56,   0, 0
     3635,       32.785, 0.338,  1.776,  56,   0, 0
     3636,       32.790, 0.342,  1.881,  56,   0, 0
     3637,       32.797, 0.268, -0.660,  56,   0, 0
     3638,       32.803, 0.223, -2.243,  57,   1, 0
     3639,       32.813, 0.225, -2.190,  57,   2, 0
     3640,       32.825, 0.257, -1.053,  57,   0, 0
     3641,       32.854, 0.237, -1.754,  57,   0, 0
     3642,       32.860, 0.336,  1.681,  57,   0, 0
     3643,       32.867, 0.250, -1.336,  57,   0, 0
     3644,       32.873, 0.306,  0.618,  57,   0, 0
     3645,       32.879, 0.281, -0.279,  57,   0, 0
     3646,       32.887, 0.300,  0.372,  57,   0, 0
     3647,       32.893, 0.156, -4.666,  58,   1, 0
     3648,       32.905, 0.280, -0.263,  58,   0, 0
     3649,       32.913, 0.338,  1.580,  58,   0, 0
     3650,       32.919, 0.260, -0.931,  58,   0, 0
     3651,       32.948, 0.281, -0.261,  58,   0, 0
     3652,       32.954, 0.330,  1.300,  58,   0, 0
     3653,       32.959, 0.300,  0.329,  58,   0, 0
     3654,       32.965, 0.239, -1.677,  58,   0, 0
     3655,       32.970, 0.174, -3.776,  59,   1, 0
     3656,       32.981, 0.152, -4.203,  59,   2, 0
     3657,       32.993, 0.161, -3.656,  59,   3, 0
     3658,       33.007, 0.136, -4.157,  59,   4, 0
     3659,       33.019, 0.183, -2.664,  59,   5, 0
     3660,       33.030, 0.178, -2.699,  59,   6, 0
     3661,       33.066, 0.199, -2.127,  59,   7, 0
     3662,       33.077, 0.200, -2.036,  59,   8, 0
     3663,       33.088, 0.200, -2.002,  59,   9, 0
     3664,       33.101, 0.141, -3.313,  59,  10, 0
     3665,       33.113, 0.135, -3.317,  59,  11, 0
     3666,       33.124, 0.149, -2.881,  59,  12, 0
     3667,       33.136, 0.198, -1.751,  59,   0, 0
     3668,       33.144, 0.262, -0.399,  59,   0, 0
     3669,       33.150, 0.246, -0.733,  59,   0, 0
     3670,       33.156, 0.282,  0.016,  59,   0, 0
     3671,       33.184, 0.171, -2.279,  60,   1, 0
     3672,       33.194, 0.148, -2.688,  60,   2, 0
     3673,       33.207, 0.179, -1.989,  60,   0, 0
     3674,       33.214, 0.172, -2.088,  61,   1, 0
     3675,       33.226, 0.174, -1.999,  61,   0, 0
     3676,       33.233, 0.218, -1.126,  61,   0, 0
     3677,       33.239, 0.218, -1.109,  61,   0, 0
     3678,       33.245, 0.218, -1.076,  61,   0, 0
     3679,       33.250, 0.278,  0.057,  61,   0, 0
     3680,       33.256, 0.290,  0.268,  61,   0, 0
     3681,       33.284, 0.324,  0.919,  61,   0, 0
     3682,       33.290, 0.290,  0.261,  61,   0, 0
     3683,       33.296, 0.277,  0.020,  61,   0, 0
     3684,       33.302, 0.259, -0.301,  61,   0, 0
     3685,       33.308, 0.275,  0.009,  61,   0, 0
     3686,       33.315, 0.290,  0.273,  61,   0, 0
     3687,       33.323, 0.284,  0.167,  61,   0, 0
     3688,       33.329, 0.318,  0.806,  61,   0, 0
     3689,       33.335, 0.290,  0.277,  61,   0, 0
     3690,       33.341, 0.312,  0.708,  61,   0, 0
     3691,       33.369, 0.273, -0.023,  61,   0, 0
     3692,       33.375, 0.303,  0.526,  61,   0, 0
     3693,       33.381, 0.305,  0.577,  61,   0, 0
     3694,       33.387, 0.316,  0.772,  61,   0, 0
     3695,       33.392, 0.314,  0.735,  61,   0, 0
     3696,       33.399, 0.270, -0.076,  61,   0, 0
     3697,       33.404, 0.261, -0.252,  61,   0, 0
     3698,       33.410, 0.245, -0.535,  61,   0, 0
     3699,       33.416, 0.256, -0.335,  61,   0, 0
     3700,       33.422, 0.241, -0.608,  61,   0, 0
     3701,       33.453, 0.257, -0.286,  61,   0, 0
     3702,       33.462, 0.232, -0.759,  61,   0, 0
     3703,       33.469, 0.226, -0.858,  61,   0, 0
     3704,       33.475, 0.270, -0.031,  61,   0, 0
     3705,       33.480, 0.300,  0.542,  61,   0, 0
     3706,       33.487, 0.243, -0.535,  61,   0, 0
     3707,       33.492, 0.266, -0.100,  61,   0, 0
     3708,       33.499, 0.276,  0.097,  61,   0, 0
     3709,       33.505, 0.273,  0.040,  61,   0, 0
     3710,       33.511, 0.259, -0.224,  61,   0, 0
     3711,       33.540, 0.256, -0.270,  61,   0, 0
     3712,       33.546, 0.287,  0.309,  61,   0, 0
     3713,       33.553, 0.258, -0.231,  61,   0, 0
     3714,       33.558, 0.257, -0.237,  61,   0, 0
     3715,       33.565, 0.259, -0.197,  61,   0, 0
     3716,       33.573, 0.231, -0.701,  61,   0, 0
     3717,       33.579, 0.188, -1.498,  61,   0, 0
     3718,       33.587, 0.203, -1.203,  61,   0, 0
     3719,       33.594, 0.207, -1.095,  61,   0, 0
     3720,       33.600, 0.255, -0.195,  61,   0, 0
     3721,       33.628, 0.269,  0.077,  61,   0, 0
     3722,       33.634, 0.313,  0.903,  61,   0, 0
     3723,       33.641, 0.298,  0.630,  61,   0, 0
     3724,       33.647, 0.312,  0.889,  61,   0, 0
     3725,       33.653, 0.302,  0.694,  61,   0, 0
     3726,       33.658, 0.329,  1.207,  61,   0, 0
     3727,       33.664, 0.312,  0.890,  61,   0, 0
     3728,       33.670, 0.326,  1.132,  61,   0, 0
     3729,       33.676, 0.319,  1.009,  61,   0, 0
     3730,       33.682, 0.316,  0.933,  61,   0, 0
     3731,       33.710, 0.264, -0.020,  61,   0, 0
     3732,       33.718, 0.292,  0.500,  61,   0, 0
     3733,       33.730, 0.263, -0.035,  61,   0, 0
     3734,       33.736, 0.271,  0.111,  61,   0, 0
     3735,       33.743, 0.303,  0.721,  61,   0, 0
     3736,       33.748, 0.300,  0.660,  61,   0, 0
     3737,       33.754, 0.286,  0.407,  61,   0, 0
     3738,       33.761, 0.270,  0.118,  61,   0, 0
     3739,       33.768, 0.285,  0.404,  61,   0, 0
     3740,       33.773, 0.285,  0.411,  61,   0, 0
     3741,       33.802, 0.299,  0.673,  61,   0, 0
     3742,       33.807, 0.293,  0.554,  61,   0, 0
     3743,       33.813, 0.244, -0.358,  61,   0, 0
     3744,       33.820, 0.230, -0.612,  61,   0, 0
     3745,       33.826, 0.251, -0.210,  61,   0, 0
     3746,       33.834, 0.246, -0.291,  61,   0, 0
     3747,       33.842, 0.258, -0.042,  61,   0, 0
     3748,       33.848, 0.267,  0.137,  61,   0, 0
     3749,       33.854, 0.252, -0.136,  61,   0, 0
     3750,       33.859, 0.264,  0.105,  61,   0, 0
     3751,       33.889, 0.264,  0.100,  61,   0, 0
     3752,       33.895, 0.225, -0.672,  61,   0, 0
     3753,       33.901, 0.257, -0.011,  61,   0, 0
     3754,       33.906, 0.264,  0.126,  61,   0, 0
     3755,       33.913, 0.251, -0.122,  61,   0, 0
     3756,       33.919, 0.251, -0.109,  61,   0, 0
     3757,       33.925, 0.252, -0.083,  61,   0, 0
     3758,       33.931, 0.224, -0.644,  61,   0, 0
     3759,       33.937, 0.238, -0.366,  61,   0, 0
     3760,       33.943, 0.240, -0.323,  61,   0, 0
     3761,       33.976, 0.224, -0.645,  61,   0, 0
     3762,       33.983, 0.252, -0.077,  61,   0, 0
     3763,       33.988, 0.252, -0.063,  61,   0, 0
     3764,       33.994, 0.244, -0.216,  61,   0, 0
     3765,       34.000, 0.266,  0.259,  61,   0, 0
     3766,       34.006, 0.265,  0.233,  61,   0, 0
     3767,       34.012, 0.265,  0.240,  61,   0, 0
     3768,       34.018, 0.246, -0.193,  61,   0, 0
     3769,       34.024, 0.258,  0.076,  61,   0, 0
     3770,       34.030, 0.273,  0.418,  61,   0, 0
     3771,       34.058, 0.253, -0.022,  61,   0, 0
     3772,       34.064, 0.232, -0.476,  61,   0, 0
     3773,       34.070, 0.271,  0.394,  61,   0, 0
     3774,       34.077, 0.244, -0.195,  61,   0, 0
     3775,       34.083, 0.250, -0.044,  61,   0, 0
     3776,       34.090, 0.258,  0.117,  61,   0, 0
     3777,       34.096, 0.265,  0.261,  61,   0, 0
     3778,       34.104, 0.292,  0.864,  61,   0, 0
     3779,       34.110, 0.267,  0.269,  61,   0, 0
     3780,       34.117, 0.277,  0.486,  61,   0, 0
     3781,       34.146, 0.281,  0.575,  61,   0, 0
     3782,       34.153, 0.279,  0.528,  61,   0, 0
     3783,       34.159, 0.272,  0.330,  61,   0, 0
     3784,       34.165, 0.266,  0.152,  61,   0, 0
     3785,       34.171, 0.279,  0.498,  61,   0, 0
     3786,       34.177, 0.267,  0.142,  61,   0, 0
     3787,       34.184, 0.279,  0.464,  61,   0, 0
     3788,       34.190, 0.252, -0.338,  61,   0, 0
     3789,       34.196, 0.279,  0.453,  61,   0, 0
     3790,       34.202, 0.279,  0.445,  61,   0, 0
     3791,       34.234, 0.277,  0.405,  61,   0, 0
     3792,       34.240, 0.246, -0.574,  61,   0, 0
     3793,       34.248, 0.269,  0.113,  61,   0, 0
     3794,       34.254, 0.244, -0.748,  61,   0, 0
     3795,       34.260, 0.278,  0.392,  61,   0, 0
     3796,       34.266, 0.250, -0.621,  61,   0, 0
     3797,       34.271, 0.250, -0.648,  61,   0, 0
     3798,       34.277, 0.259, -0.328,  61,   0, 0
     3799,       34.284, 0.272,  0.115,  61,   0, 0
     3800,       34.289, 0.278,  0.367,  61,   0, 0
     3801,       34.318, 0.285,  0.644,  61,   0, 0
     3802,       34.324, 0.287,  0.724,  61,   0, 0
     3803,       34.329, 0.292,  0.935,  61,   0, 0
     3804,       34.336, 0.286,  0.687,  61,   0, 0
     3805,       34.342, 0.293,  0.954,  61,   0, 0
     3806,       34.348, 0.279,  0.392,  61,   0, 0
     3807,       34.357, 0.300,  1.200,  61,   0, 0
     3808,       34.363, 0.306,  1.402,  61,   0, 0
     3809,       34.370, 0.308,  1.512,  61,   0, 0
     3810,       34.376, 0.294,  0.979,  61,   0, 0
     3811,       34.404, 0.279,  0.421,  61,   0, 0
     3812,       34.410, 0.272,  0.138,  61,   0, 0
     3813,       34.416, 0.272,  0.149,  61,   0, 0
     3814,       34.423, 0.272,  0.139,  61,   0, 0
     3815,       34.429, 0.272,  0.156,  61,   0, 0
     3816,       34.436, 0.271,  0.142,  61,   0, 0
     3817,       34.442, 0.311,  1.741,  61,   0, 0
     3818,       34.448, 0.344,  3.011,  61,   0, 0
     3819,       34.454, 0.306,  1.439,  61,   0, 0
     3820,       34.460, 0.306,  1.412,  61,   0, 0
     3821,       34.492, 0.330,  2.297,  61,   0, 0
     3822,       34.498, 0.312,  1.541,  61,   0, 0
     3823,       34.504, 0.305,  1.259,  61,   0, 0
     3824,       34.510, 0.312,  1.493,  61,   0, 0
     3825,       34.517, 0.310,  1.406,  61,   0, 0
     3826,       34.523, 0.294,  0.804,  61,   0, 0
     3827,       34.529, 0.327,  2.028,  61,   0, 0
     3828,       34.535, 0.285,  0.431,  61,   0, 0
     3829,       34.541, 0.306,  1.213,  61,   0, 0
     3830,       34.546, 0.294,  0.757,  61,   0, 0
     3831,       34.576, 0.284,  0.388,  61,   0, 0
     3832,       34.583, 0.291,  0.640,  61,   0, 0
     3833,       34.590, 0.287,  0.460,  61,   0, 0
     3834,       34.598, 0.284,  0.369,  61,   0, 0
     3835,       34.604, 0.305,  1.113,  61,   0, 0
     3836,       34.613, 0.321,  1.660,  61,   0, 0
     3837,       34.620, 0.325,  1.773,  61,   0, 0
     3838,       34.627, 0.334,  2.102,  61,   0, 0
     3839,       34.634, 0.339,  2.274,  61,   0, 0
     3840,       34.641, 0.321,  1.598,  61,   0, 0
     3841,       34.673, 0.312,  1.218,  61,   0, 0
     3842,       34.679, 0.349,  2.584,  61,   0, 0
     3843,       34.686, 0.333,  1.935,  61,   0, 0
     3844,       34.693, 0.326,  1.629,  61,   0, 0
     3845,       34.700, 0.325,  1.587,  61,   0, 0
     3846,       34.707, 0.333,  1.863,  61,   0, 0
     3847,       34.713, 0.338,  2.041,  61,   0, 0
     3848,       34.719, 0.312,  1.088,  61,   0, 0
     3849,       34.729, 0.325,  1.549,  61,   0, 0
     3850,       34.737, 0.332,  1.810,  61,   0, 0
     3851,       34.765, 0.339,  2.038,  61,   0, 0
     3852,       34.771, 0.324,  1.447,  61,   0, 0
     3853,       34.777, 0.312,  1.023,  61,   0, 0
     3854,       34.783, 0.286,  0.125,  61,   0, 0
     3855,       34.790, 0.275, -0.249,  61,   0, 0
     3856,       34.797, 0.280, -0.058,  61,   0, 0
     3857,       34.806, 0.288,  0.198,  61,   0, 0
     3858,       34.812, 0.264, -0.592,  61,   0, 0
     3859,       34.818, 0.272, -0.344,  61,   0, 0
     3860,       34.825, 0.272, -0.340,  61,   0, 0
     3861,       34.859, 0.264, -0.582,  61,   0, 0
     3862,       34.868, 0.281, -0.003,  61,   0, 0
     3863,       34.878, 0.285,  0.145,  61,   0, 0
     3864,       34.886, 0.273, -0.271,  61,   0, 0
     3865,       34.894, 0.202, -2.743,  62,   1, 0
     3866,       34.906, 0.132, -5.030,  62,   2, 0
     3867,       34.920, 0.143, -4.236,  62,   3, 0
     3868,       34.934, 0.152, -3.658,  62,   4, 0
     3869,       34.946, 0.208, -1.940,  62,   0, 0
     3870,       34.953, 0.242, -0.967,  62,   0, 0
     3871,       34.983, 0.223, -1.474,  62,   0, 0
     3872,       34.991, 0.229, -1.282,  62,   0, 0
     3873,       34.998, 0.258, -0.535,  62,   0, 0
     3874,       35.004, 0.252, -0.690,  62,   0, 0
     3875,       35.010, 0.264, -0.355,  62,   0, 0
     3876,       35.017, 0.263, -0.395,  62,   0, 0
     3877,       35.025, 0.258, -0.530,  62,   0, 0
     3878,       35.034, 0.256, -0.589,  62,   0, 0
     3879,       35.042, 0.265, -0.364,  62,   0, 0
     3880,       35.051, 0.273, -0.155,  62,   0, 0
     3881,       35.083, 0.251, -0.757,  62,   0, 0
     3882,       35.089, 0.266, -0.352,  62,   0, 0
     3883,       35.096, 0.266, -0.365,  62,   0, 0
     3884,       35.105, 0.264, -0.400,  62,   0, 0
     3885,       35.113, 0.285,  0.152,  62,   0, 0
     3886,       35.120, 0.252, -0.749,  62,   0, 0
     3887,       35.127, 0.251, -0.782,  62,   0, 0
     3888,       35.134, 0.251, -0.777,  62,   0, 0
     3889,       35.140, 0.251, -0.779,  62,   0, 0
     3890,       35.147, 0.258, -0.590,  62,   0, 0
     3891,       35.178, 0.257, -0.616,  62,   0, 0
     3892,       35.185, 0.271, -0.219,  62,   0, 0
     3893,       35.191, 0.261, -0.503,  62,   0, 0
     3894,       35.198, 0.253, -0.714,  62,   0, 0
     3895,       35.204, 0.248, -0.881,  62,   0, 0
     3896,       35.211, 0.256, -0.649,  62,   0, 0
     3897,       35.220, 0.254, -0.693,  62,   0, 0
     3898,       35.229, 0.279,  0.007,  62,   0, 0
     3899,       35.236, 0.240, -1.070,  62,   0, 0
     3900,       35.242, 0.239, -1.106,  62,   0, 0
     3901,       35.271, 0.281,  0.062,  62,   0, 0
     3902,       35.277, 0.288,  0.246,  62,   0, 0
     3903,       35.283, 0.288,  0.244,  62,   0, 0
     3904,       35.290, 0.286,  0.201,  62,   0, 0
     3905,       35.296, 0.279,  0.014,  62,   0, 0
     3906,       35.303, 0.252, -0.735,  62,   0, 0
     3907,       35.308, 0.238, -1.108,  62,   0, 0
     3908,       35.314, 0.281,  0.064,  62,   0, 0
     3909,       35.320, 0.233, -1.236,  62,   0, 0
     3910,       35.328, 0.272, -0.169,  62,   0, 0
     3911,       35.363, 0.248, -0.826,  62,   0, 0
     3912,       35.370, 0.225, -1.421,  62,   0, 0
     3913,       35.376, 0.218, -1.606,  62,   0, 0
     3914,       35.382, 0.266, -0.304,  62,   0, 0
     3915,       35.388, 0.279,  0.049,  62,   0, 0
     3916,       35.393, 0.278,  0.012,  62,   0, 0
     3917,       35.400, 0.218, -1.607,  62,   0, 0
     3918,       35.406, 0.256, -0.580,  62,   0, 0
     3919,       35.412, 0.235, -1.120,  62,   0, 0
     3920,       35.418, 0.215, -1.637,  62,   0, 0
     3921,       35.449, 0.270, -0.165,  62,   0, 0
     3922,       35.456, 0.286,  0.247,  62,   0, 0
     3923,       35.463, 0.272, -0.114,  62,   0, 0
     3924,       35.474, 0.286,  0.252,  62,   0, 0
     3925,       35.481, 0.223, -1.404,  62,   0, 0
     3926,       35.489, 0.228, -1.239,  62,   0, 0
     3927,       35.497, 0.251, -0.633,  62,   0, 0
     3928,       35.503, 0.226, -1.253,  62,   0, 0
     3929,       35.509, 0.286,  0.301,  62,   0, 0
     3930,       35.517, 0.266, -0.212,  62,   0, 0
     3931,       35.546, 0.269, -0.116,  62,   0, 0
     3932,       35.553, 0.221, -1.371,  62,   0, 0
     3933,       35.560, 0.221, -1.349,  62,   0, 0
     3934,       35.566, 0.234, -0.983,  62,   0, 0
     3935,       35.572, 0.247, -0.652,  62,   0, 0
     3936,       35.578, 0.244, -0.714,  62,   0, 0
     3937,       35.585, 0.248, -0.607,  62,   0, 0
     3938,       35.592, 0.216, -1.396,  62,   0, 0
     3939,       35.600, 0.219, -1.313,  62,   0, 0
     3940,       35.606, 0.247, -0.587,  62,   0, 0
     3941,       35.633, 0.244, -0.654,  62,   0, 0
     3942,       35.639, 0.245, -0.604,  62,   0, 0
     3943,       35.645, 0.252, -0.402,  62,   0, 0
     3944,       35.651, 0.258, -0.256,  62,   0, 0
     3945,       35.658, 0.247, -0.532,  62,   0, 0
     3946,       35.664, 0.254, -0.329,  62,   0, 0
     3947,       35.671, 0.251, -0.409,  62,   0, 0
     3948,       35.677, 0.258, -0.211,  62,   0, 0
     3949,       35.684, 0.272,  0.158,  62,   0, 0
     3950,       35.694, 0.316,  1.333,  62,   0, 0
     3951,       35.725, 0.329,  1.673,  62,   0, 0
     3952,       35.735, 0.285,  0.495,  62,   0, 0
     3953,       35.742, 0.322,  1.465,  62,   0, 0
     3954,       35.748, 0.304,  0.977,  62,   0, 0
     3955,       35.754, 0.319,  1.365,  62,   0, 0
     3956,       35.759, 0.324,  1.486,  62,   0, 0
     3957,       35.765, 0.297,  0.787,  62,   0, 0
     3958,       35.771, 0.316,  1.295,  62,   0, 0
     3959,       35.777, 0.311,  1.162,  62,   0, 0
     3960,       35.783, 0.316,  1.325,  62,   0, 0
     3961,       35.814, 0.325,  1.564,  62,   0, 0
     3962,       35.822, 0.324,  1.526,  62,   0, 0
     3963,       35.828, 0.325,  1.560,  62,   0, 0
     3964,       35.835, 0.298,  0.871,  62,   0, 0
     3965,       35.841, 0.313,  1.273,  62,   0, 0
     3966,       35.851, 0.300,  0.919,  62,   0, 0
     3967,       35.859, 0.285,  0.545,  62,   0, 0
     3968,       35.865, 0.285,  0.566,  62,   0, 0
     3969,       35.871, 0.284,  0.543,  62,   0, 0
     3970,       35.876, 0.310,  1.271,  62,   0, 0
     3971,       35.904, 0.308,  1.243,  62,   0, 0
     3972,       35.910, 0.311,  1.340,  62,   0, 0
     3973,       35.916, 0.287,  0.662,  62,   0, 0
     3974,       35.922, 0.285,  0.639,  62,   0, 0
     3975,       35.928, 0.299,  1.026,  62,   0, 0
     3976,       35.934, 0.335,  2.062,  62,   0, 0
     3977,       35.940, 0.311,  1.334,  62,   0, 0
     3978,       35.947, 0.278,  0.398,  62,   0, 0
     3979,       35.954, 0.278,  0.394,  62,   0, 0
     3980,       35.964, 0.304,  1.102,  62,   0, 0
     3981,       35.998, 0.284,  0.551,  62,   0, 0
     3982,       36.004, 0.291,  0.743,  62,   0, 0
     3983,       36.010, 0.277,  0.341,  62,   0, 0
     3984,       36.018, 0.300,  0.996,  62,   0, 0
     3985,       36.024, 0.286,  0.575,  62,   0, 0
     3986,       36.031, 0.296,  0.850,  62,   0, 0
     3987,       36.038, 0.292,  0.747,  62,   0, 0
     3988,       36.045, 0.297,  0.898,  62,   0, 0
     3989,       36.051, 0.302,  1.074,  62,   0, 0
     3990,       36.057, 0.321,  1.727,  62,   0, 0
     3991,       36.088, 0.324,  1.802,  62,   0, 0
     3992,       36.097, 0.314,  1.405,  62,   0, 0
     3993,       36.104, 0.327,  1.815,  62,   0, 0
     3994,       36.110, 0.348,  2.487,  62,   0, 0
     3995,       36.116, 0.308,  1.094,  62,   0, 0
     3996,       36.123, 0.298,  0.759,  62,   0, 0
     3997,       36.131, 0.324,  1.589,  62,   0, 0
     3998,       36.138, 0.310,  1.119,  62,   0, 0
     3999,       36.143, 0.286,  0.333,  62,   0, 0
     4000,       36.149, 0.283,  0.243,  62,   0, 0
     4001,       36.177, 0.311,  1.132,  62,   0, 0
     4002,       36.183, 0.312,  1.132,  62,   0, 0
     4003,       36.189, 0.339,  1.961,  62,   0, 0
     4004,       36.195, 0.327,  1.551,  62,   0, 0
     4005,       36.204, 0.327,  1.521,  62,   0, 0
     4006,       36.215, 0.326,  1.457,  62,   0, 0
     4007,       36.222, 0.286,  0.219,  62,   0, 0
     4008,       36.231, 0.301,  0.660,  62,   0, 0
     4009,       36.237, 0.328,  1.473,  62,   0, 0
     4010,       36.243, 0.319,  1.165,  62,   0, 0
     4011,       36.270, 0.317,  1.096,  62,   0, 0
     4012,       36.276, 0.314,  0.993,  62,   0, 0
     4013,       36.282, 0.324,  1.267,  62,   0, 0
     4014,       36.288, 0.232, -1.500,  62,   0, 0
     4015,       36.294, 0.180, -3.003,  63,   1, 0
     4016,       36.305, 0.180, -2.892,  63,   2, 0
     4017,       36.317, 0.194, -2.402,  63,   3, 0
     4018,       36.330, 0.209, -1.926,  63,   0, 0
     4019,       36.336, 0.289,  0.256,  63,   0, 0
     4020,       36.342, 0.259, -0.547,  63,   0, 0
     4021,       36.369, 0.308,  0.755,  63,   0, 0
     4022,       36.374, 0.292,  0.319,  63,   0, 0
     4023,       36.381, 0.285,  0.128,  63,   0, 0
     4024,       36.387, 0.272, -0.220,  63,   0, 0
     4025,       36.394, 0.285,  0.132,  63,   0, 0
     4026,       36.400, 0.294,  0.372,  63,   0, 0
     4027,       36.405, 0.306,  0.693,  63,   0, 0
     4028,       36.411, 0.291,  0.275,  63,   0, 0
     4029,       36.418, 0.308,  0.722,  63,   0, 0
     4030,       36.424, 0.307,  0.685,  63,   0, 0
     4031,       36.453, 0.323,  1.117,  63,   0, 0
     4032,       36.461, 0.307,  0.660,  63,   0, 0
     4033,       36.468, 0.283, -0.021,  63,   0, 0
     4034,       36.475, 0.325,  1.136,  63,   0, 0
     4035,       36.481, 0.321,  1.003,  63,   0, 0
     4036,       36.487, 0.298,  0.369,  63,   0, 0
     4037,       36.492, 0.310,  0.691,  63,   0, 0
     4038,       36.498, 0.308,  0.612,  63,   0, 0
     4039,       36.504, 0.311,  0.685,  63,   0, 0
     4040,       36.510, 0.318,  0.867,  63,   0, 0
     4041,       36.538, 0.293,  0.142,  63,   0, 0
     4042,       36.544, 0.307,  0.544,  63,   0, 0
     4043,       36.550, 0.306,  0.518,  63,   0, 0
     4044,       36.556, 0.303,  0.415,  63,   0, 0
     4045,       36.562, 0.285, -0.093,  63,   0, 0
     4046,       36.569, 0.285, -0.110,  63,   0, 0
     4047,       36.581, 0.284, -0.156,  63,   0, 0
     4048,       36.589, 0.302,  0.347,  63,   0, 0
     4049,       36.596, 0.324,  0.990,  63,   0, 0
     4050,       36.603, 0.311,  0.616,  63,   0, 0
     4051,       36.636, 0.334,  1.271,  63,   0, 0
     4052,       36.643, 0.321,  0.863,  63,   0, 0
     4053,       36.650, 0.321,  0.856,  63,   0, 0
     4054,       36.656, 0.307,  0.432,  63,   0, 0
     4055,       36.662, 0.314,  0.631,  63,   0, 0
     4056,       36.670, 0.302,  0.222,  63,   0, 0
     4057,       36.678, 0.293, -0.058,  63,   0, 0
     4058,       36.686, 0.310,  0.454,  63,   0, 0
     4059,       36.694, 0.287, -0.311,  63,   0, 0
     4060,       36.702, 0.285, -0.384,  63,   0, 0
     4061,       36.730, 0.284, -0.443,  63,   0, 0
     4062,       36.737, 0.327,  1.013,  63,   0, 0
     4063,       36.743, 0.324,  0.916,  63,   0, 0
     4064,       36.749, 0.324,  0.901,  63,   0, 0
     4065,       36.755, 0.311,  0.413,  63,   0, 0
     4066,       36.761, 0.284, -0.562,  63,   0, 0
     4067,       36.768, 0.285, -0.529,  63,   0, 0
     4068,       36.774, 0.285, -0.546,  63,   0, 0
     4069,       36.779, 0.284, -0.607,  63,   0, 0
     4070,       36.786, 0.311,  0.384,  63,   0, 0
     4071,       36.817, 0.310,  0.343,  63,   0, 0
     4072,       36.824, 0.297, -0.124,  63,   0, 0
     4073,       36.833, 0.312,  0.447,  63,   0, 0
     4074,       36.841, 0.297, -0.118,  63,   0, 0
     4075,       36.847, 0.321,  0.763,  63,   0, 0
     4076,       36.853, 0.334,  1.262,  63,   0, 0
     4077,       36.859, 0.312,  0.431,  63,   0, 0
     4078,       36.865, 0.293, -0.263,  63,   0, 0
     4079,       36.872, 0.344,  1.619,  63,   0, 0
     4080,       36.878, 0.285, -0.557,  63,   0, 0
     4081,       36.909, 0.312,  0.427,  63,   0, 0
     4082,       36.916, 0.311,  0.392,  63,   0, 0
     4083,       36.922, 0.310,  0.349,  63,   0, 0
     4084,       36.929, 0.328,  1.041,  63,   0, 0
     4085,       36.937, 0.310,  0.352,  63,   0, 0
     4086,       36.946, 0.311,  0.393,  63,   0, 0
     4087,       36.953, 0.320,  0.728,  63,   0, 0
     4088,       36.959, 0.307,  0.251,  63,   0, 0
     4089,       36.966, 0.298, -0.111,  63,   0, 0
     4090,       36.972, 0.311,  0.369,  63,   0, 0
     4091,       37.002, 0.311,  0.360,  63,   0, 0
     4092,       37.008, 0.316,  0.554,  63,   0, 0
     4093,       37.014, 0.320,  0.721,  63,   0, 0
     4094,       37.022, 0.327,  0.932,  63,   0, 0
     4095,       37.028, 0.312,  0.383,  63,   0, 0
     4096,       37.034, 0.347,  1.652,  63,   0, 0
     4097,       37.040, 0.312,  0.386,  63,   0, 0
     4098,       37.046, 0.314,  0.437,  63,   0, 0
     4099,       37.054, 0.312,  0.375,  63,   0, 0
     4100,       37.063, 0.327,  0.893,  63,   0, 0
     4101,       37.092, 0.336,  1.226,  63,   0, 0
     4102,       37.098, 0.349,  1.685,  63,   0, 0
     4103,       37.106, 0.314,  0.366,  63,   0, 0
     4104,       37.112, 0.335,  1.128,  63,   0, 0
     4105,       37.119, 0.335,  1.128,  63,   0, 0
     4106,       37.125, 0.313,  0.309,  63,   0, 0
     4107,       37.132, 0.309,  0.148,  63,   0, 0
     4108,       37.139, 0.333,  1.018,  63,   0, 0
     4109,       37.145, 0.338,  1.162,  63,   0, 0
     4110,       37.151, 0.327,  0.753,  63,   0, 0
     4111,       37.184, 0.311,  0.213,  63,   0, 0
     4112,       37.192, 0.321,  0.546,  63,   0, 0
     4113,       37.202, 0.339,  1.211,  63,   0, 0
     4114,       37.209, 0.339,  1.203,  63,   0, 0
     4115,       37.216, 0.337,  1.131,  63,   0, 0
     4116,       37.223, 0.338,  1.130,  63,   0, 0
     4117,       37.229, 0.324,  0.646,  63,   0, 0
     4118,       37.236, 0.324,  0.646,  63,   0, 0
     4119,       37.243, 0.339,  1.141,  63,   0, 0
     4120,       37.249, 0.339,  1.122,  63,   0, 0
     4121,       37.281, 0.337,  1.055,  63,   0, 0
     4122,       37.287, 0.336,  1.006,  63,   0, 0
     4123,       37.293, 0.337,  1.017,  63,   0, 0
     4124,       37.299, 0.374,  2.298,  63,   0, 0
     4125,       37.310, 0.333,  0.865,  63,   0, 0
     4126,       37.318, 0.343,  1.191,  63,   0, 0
     4127,       37.324, 0.358,  1.705,  63,   0, 0
     4128,       37.330, 0.347,  1.283,  63,   0, 0
     4129,       37.337, 0.358,  1.646,  63,   0, 0
     4130,       37.342, 0.338,  0.944,  63,   0, 0
     4131,       37.372, 0.361,  1.686,  63,   0, 0
     4132,       37.378, 0.344,  1.103,  63,   0, 0
     4133,       37.386, 0.357,  1.528,  63,   0, 0
     4134,       37.392, 0.358,  1.542,  63,   0, 0
     4135,       37.399, 0.363,  1.689,  63,   0, 0
     4136,       37.405, 0.358,  1.593,  63,   0, 0
     4137,       37.412, 0.351,  1.412,  63,   0, 0
     4138,       37.419, 0.385,  2.866,  63,   0, 0
     4139,       37.427, 0.350,  1.429,  63,   0, 0
     4140,       37.439, 0.348,  1.352,  63,   0, 0
     4141,       37.477, 0.386,  3.007,  63,   0, 0
     4142,       37.485, 0.340,  0.909,  63,   0, 0
     4143,       37.494, 0.353,  1.449,  63,   0, 0
     4144,       37.502, 0.337,  0.728,  63,   0, 0
     4145,       37.509, 0.338,  0.788,  63,   0, 0
     4146,       37.518, 0.336,  0.672,  63,   0, 0
     4147,       37.524, 0.349,  1.240,  63,   0, 0
     4148,       37.532, 0.362,  1.798,  63,   0, 0
     4149,       37.541, 0.350,  1.242,  63,   0, 0
     4150,       37.549, 0.373,  2.197,  63,   0, 0
     4151,       37.578, 0.374,  2.176,  63,   0, 0
     4152,       37.584, 0.348,  1.043,  63,   0, 0
     4153,       37.590, 0.365,  1.735,  63,   0, 0
     4154,       37.596, 0.299, -1.056,  63,   0, 0
     4155,       37.602, 0.274, -2.102,  64,   1, 0
     4156,       37.612, 0.273, -2.105,  64,   2, 0
     4157,       37.624, 0.299, -1.013,  64,   0, 0
     4158,       37.629, 0.284, -1.591,  64,   0, 0
     4159,       37.636, 0.284, -1.570,  64,   0, 0
     4160,       37.644, 0.294, -1.145,  64,   0, 0
     4161,       37.678, 0.281, -1.672,  64,   0, 0
     4162,       37.686, 0.279, -1.713,  64,   0, 0
     4163,       37.692, 0.287, -1.390,  64,   0, 0
     4164,       37.698, 0.285, -1.441,  64,   0, 0
     4165,       37.704, 0.293, -1.120,  64,   0, 0
     4166,       37.710, 0.287, -1.377,  64,   0, 0
     4167,       37.716, 0.301, -0.842,  64,   0, 0
     4168,       37.721, 0.285, -1.482,  64,   0, 0
     4169,       37.729, 0.287, -1.370,  64,   0, 0
     4170,       37.737, 0.300, -0.852,  64,   0, 0
     4171,       37.768, 0.298, -0.916,  64,   0, 0
     4172,       37.774, 0.296, -0.991,  64,   0, 0
     4173,       37.780, 0.294, -1.031,  64,   0, 0
     4174,       37.787, 0.272, -1.865,  64,   0, 0
     4175,       37.794, 0.285, -1.334,  64,   0, 0
     4176,       37.802, 0.300, -0.770,  64,   0, 0
     4177,       37.808, 0.299, -0.796,  64,   0, 0
     4178,       37.814, 0.299, -0.795,  64,   0, 0
     4179,       37.820, 0.299, -0.795,  64,   0, 0
     4180,       37.826, 0.306, -0.571,  64,   0, 0
     4181,       37.854, 0.312, -0.323,  64,   0, 0
     4182,       37.860, 0.302, -0.732,  64,   0, 0
     4183,       37.867, 0.307, -0.535,  64,   0, 0
     4184,       37.873, 0.309, -0.435,  64,   0, 0
     4185,       37.879, 0.306, -0.540,  64,   0, 0
     4186,       37.885, 0.285, -1.355,  64,   0, 0
     4187,       37.891, 0.297, -0.898,  64,   0, 0
     4188,       37.899, 0.298, -0.883,  64,   0, 0
     4189,       37.912, 0.284, -1.409,  64,   0, 0
     4190,       37.920, 0.286, -1.340,  64,   0, 0
     4191,       37.950, 0.294, -1.019,  64,   0, 0
     4192,       37.956, 0.308, -0.474,  64,   0, 0
     4193,       37.963, 0.305, -0.595,  64,   0, 0
     4194,       37.969, 0.287, -1.285,  64,   0, 0
     4195,       37.975, 0.296, -0.930,  64,   0, 0
     4196,       37.982, 0.287, -1.265,  64,   0, 0
     4197,       37.988, 0.285, -1.294,  64,   0, 0
     4198,       37.994, 0.321,  0.045,  64,   0, 0
     4199,       38.000, 0.312, -0.296,  64,   0, 0
     4200,       38.007, 0.286, -1.265,  64,   0, 0
     4201,       38.036, 0.272, -1.769,  64,   0, 0
     4202,       38.045, 0.294, -0.915,  64,   0, 0
     4203,       38.056, 0.302, -0.642,  64,   0, 0
     4204,       38.063, 0.315, -0.151,  64,   0, 0
     4205,       38.070, 0.311, -0.300,  64,   0, 0
     4206,       38.076, 0.316, -0.122,  64,   0, 0
     4207,       38.083, 0.333,  0.513,  64,   0, 0
     4208,       38.089, 0.316, -0.124,  64,   0, 0
     4209,       38.096, 0.300, -0.704,  64,   0, 0
     4210,       38.102, 0.326,  0.244,  64,   0, 0
     4211,       38.130, 0.299, -0.756,  64,   0, 0
     4212,       38.138, 0.339,  0.701,  64,   0, 0
     4213,       38.146, 0.311, -0.325,  64,   0, 0
     4214,       38.154, 0.325,  0.196,  64,   0, 0
     4215,       38.164, 0.325,  0.199,  64,   0, 0
     4216,       38.171, 0.296, -0.845,  64,   0, 0
     4217,       38.178, 0.298, -0.789,  64,   0, 0
     4218,       38.186, 0.298, -0.783,  64,   0, 0
     4219,       38.193, 0.309, -0.343,  64,   0, 0
     4220,       38.200, 0.311, -0.302,  64,   0, 0
     4221,       38.232, 0.312, -0.244,  64,   0, 0
     4222,       38.238, 0.312, -0.244,  64,   0, 0
     4223,       38.244, 0.298, -0.751,  64,   0, 0
     4224,       38.250, 0.284, -1.235,  64,   0, 0
     4225,       38.256, 0.297, -0.746,  64,   0, 0
     4226,       38.262, 0.272, -1.640,  64,   0, 0
     4227,       38.269, 0.284, -1.184,  64,   0, 0
     4228,       38.278, 0.299, -0.642,  64,   0, 0
     4229,       38.286, 0.311, -0.184,  64,   0, 0
     4230,       38.292, 0.284, -1.147,  64,   0, 0
     4231,       38.322, 0.298, -0.624,  64,   0, 0
     4232,       38.327, 0.312, -0.124,  64,   0, 0
     4233,       38.334, 0.300, -0.557,  64,   0, 0
     4234,       38.341, 0.293, -0.811,  64,   0, 0
     4235,       38.347, 0.299, -0.578,  64,   0, 0
     4236,       38.354, 0.290, -0.869,  64,   0, 0
     4237,       38.363, 0.319,  0.173,  64,   0, 0
     4238,       38.369, 0.307, -0.265,  64,   0, 0
     4239,       38.376, 0.293, -0.745,  64,   0, 0
     4240,       38.382, 0.316,  0.087,  64,   0, 0
     4241,       38.413, 0.316,  0.071,  64,   0, 0
     4242,       38.420, 0.330,  0.590,  64,   0, 0
     4243,       38.427, 0.324,  0.394,  64,   0, 0
     4244,       38.433, 0.343,  1.053,  64,   0, 0
     4245,       38.439, 0.298, -0.559,  64,   0, 0
     4246,       38.444, 0.329,  0.586,  64,   0, 0
     4247,       38.450, 0.298, -0.548,  64,   0, 0
     4248,       38.456, 0.316,  0.129,  64,   0, 0
     4249,       38.463, 0.293, -0.712,  64,   0, 0
     4250,       38.470, 0.304, -0.292,  64,   0, 0
     4251,       38.498, 0.320,  0.327,  64,   0, 0
     4252,       38.504, 0.304, -0.257,  64,   0, 0
     4253,       38.510, 0.330,  0.749,  64,   0, 0
     4254,       38.516, 0.311,  0.031,  64,   0, 0
     4255,       38.524, 0.330,  0.795,  64,   0, 0
     4256,       38.531, 0.313,  0.147,  64,   0, 0
     4257,       38.537, 0.314,  0.212,  64,   0, 0
     4258,       38.544, 0.313,  0.180,  64,   0, 0
     4259,       38.550, 0.298, -0.435,  64,   0, 0
     4260,       38.556, 0.298, -0.421,  64,   0, 0
     4261,       38.585, 0.298, -0.430,  64,   0, 0
     4262,       38.590, 0.298, -0.396,  64,   0, 0
     4263,       38.596, 0.299, -0.352,  64,   0, 0
     4264,       38.602, 0.298, -0.401,  64,   0, 0
     4265,       38.608, 0.319,  0.648,  64,   0, 0
     4266,       38.615, 0.311,  0.267,  64,   0, 0
     4267,       38.621, 0.310,  0.251,  64,   0, 0
     4268,       38.627, 0.333,  1.427,  64,   0, 0
     4269,       38.634, 0.298, -0.354,  64,   0, 0
     4270,       38.643, 0.310,  0.298,  64,   0, 0
     4271,       38.672, 0.330,  1.538,  64,   0, 0
     4272,       38.678, 0.308,  0.293,  64,   0, 0
     4273,       38.684, 0.309,  0.399,  64,   0, 0
     4274,       38.689, 0.279, -1.541,  64,   0, 0
     4275,       38.695, 0.279, -1.515,  64,   0, 0
     4276,       38.701, 0.298, -0.279,  64,   0, 0
     4277,       38.707, 0.299, -0.201,  64,   0, 0
     4278,       38.713, 0.298, -0.291,  64,   0, 0
     4279,       38.719, 0.313,  0.703,  64,   0, 0
     4280,       38.725, 0.313,  0.709,  64,   0, 0
     4281,       38.754, 0.307,  0.302,  64,   0, 0
     4282,       38.760, 0.322,  1.311,  64,   0, 0
     4283,       38.766, 0.331,  1.905,  64,   0, 0
     4284,       38.772, 0.303, -0.088,  64,   0, 0
     4285,       38.780, 0.287, -1.192,  64,   0, 0
     4286,       38.787, 0.292, -0.804,  64,   0, 0
     4287,       38.794, 0.311,  0.476,  64,   0, 0
     4288,       38.800, 0.298, -0.413,  64,   0, 0
     4289,       38.806, 0.308,  0.286,  64,   0, 0
     4290,       38.812, 0.313,  0.612,  64,   0, 0
     4291,       38.840, 0.317,  0.883,  64,   0, 0
     4292,       38.845, 0.298, -0.455,  64,   0, 0
     4293,       38.851, 0.305,  0.009,  64,   0, 0
     4294,       38.857, 0.297, -0.542,  64,   0, 0
     4295,       38.863, 0.292, -0.918,  64,   0, 0
     4296,       38.869, 0.286, -1.346,  64,   0, 0
     4297,       38.875, 0.297, -0.563,  64,   0, 0
     4298,       38.880, 0.312,  0.489,  64,   0, 0
     4299,       38.886, 0.312,  0.482,  64,   0, 0
     4300,       38.892, 0.299, -0.451,  64,   0, 0
     4301,       38.921, 0.319,  1.024,  64,   0, 0
     4302,       38.929, 0.337,  2.266,  64,   0, 0
     4303,       38.935, 0.311,  0.377,  64,   0, 0
     4304,       38.941, 0.338,  2.264,  64,   0, 0
     4305,       38.947, 0.337,  2.135,  64,   0, 0
     4306,       38.953, 0.311,  0.362,  64,   0, 0
     4307,       38.958, 0.324,  1.230,  64,   0, 0
     4308,       38.964, 0.279, -1.862,  64,   0, 0
     4309,       38.970, 0.190, -7.746,  65,   1, 0
     4310,       38.981, 0.171, -7.357,  65,   2, 0
     4311,       39.016, 0.214, -4.124,  65,   3, 0
     4312,       39.028, 0.225, -3.379,  65,   4, 0
     4313,       39.042, 0.280, -0.955,  65,   0, 0
     4314,       39.049, 0.267, -1.464,  65,   0, 0
     4315,       39.058, 0.252, -2.048,  66,   1, 0
     4316,       39.072, 0.267, -1.409,  66,   0, 0
     4317,       39.080, 0.267, -1.393,  66,   0, 0
     4318,       39.087, 0.294, -0.327,  66,   0, 0
     4319,       39.093, 0.292, -0.392,  66,   0, 0
     4320,       39.100, 0.292, -0.385,  66,   0, 0
     4321,       39.131, 0.293, -0.359,  66,   0, 0
     4322,       39.137, 0.293, -0.368,  66,   0, 0
     4323,       39.143, 0.314,  0.465,  66,   0, 0
     4324,       39.151, 0.298, -0.166,  66,   0, 0
     4325,       39.160, 0.321,  0.748,  66,   0, 0
     4326,       39.167, 0.300, -0.079,  66,   0, 0
     4327,       39.175, 0.305,  0.120,  66,   0, 0
     4328,       39.183, 0.272, -1.161,  66,   0, 0
     4329,       39.192, 0.287, -0.556,  66,   0, 0
     4330,       39.198, 0.316,  0.582,  66,   0, 0
     4331,       39.227, 0.314,  0.531,  66,   0, 0
     4332,       39.233, 0.327,  1.030,  66,   0, 0
     4333,       39.241, 0.320,  0.746,  66,   0, 0
     4334,       39.249, 0.305,  0.147,  66,   0, 0
     4335,       39.255, 0.312,  0.425,  66,   0, 0
     4336,       39.265, 0.304,  0.126,  66,   0, 0
     4337,       39.273, 0.326,  0.987,  66,   0, 0
     4338,       39.280, 0.287, -0.578,  66,   0, 0
     4339,       39.287, 0.331,  1.203,  66,   0, 0
     4340,       39.293, 0.336,  1.390,  66,   0, 0
     4341,       39.321, 0.300, -0.052,  66,   0, 0
     4342,       39.327, 0.320,  0.725,  66,   0, 0
     4343,       39.333, 0.301, -0.029,  66,   0, 0
     4344,       39.338, 0.291, -0.414,  66,   0, 0
     4345,       39.347, 0.328,  1.045,  66,   0, 0
     4346,       39.355, 0.312,  0.400,  66,   0, 0
     4347,       39.362, 0.319,  0.681,  66,   0, 0
     4348,       39.369, 0.315,  0.499,  66,   0, 0
     4349,       39.382, 0.301, -0.045,  66,   0, 0
     4350,       39.389, 0.305,  0.119,  66,   0, 0
     4351,       39.419, 0.311,  0.344,  66,   0, 0
     4352,       39.426, 0.320,  0.662,  66,   0, 0
     4353,       39.433, 0.316,  0.536,  66,   0, 0
     4354,       39.438, 0.299, -0.169,  66,   0, 0
     4355,       39.445, 0.306,  0.101,  66,   0, 0
     4356,       39.451, 0.306,  0.125,  66,   0, 0
     4357,       39.458, 0.324,  0.815,  66,   0, 0
     4358,       39.464, 0.331,  1.090,  66,   0, 0
     4359,       39.471, 0.302, -0.057,  66,   0, 0
     4360,       39.477, 0.307,  0.152,  66,   0, 0
     4361,       39.507, 0.314,  0.399,  66,   0, 0
     4362,       39.515, 0.299, -0.180,  66,   0, 0
     4363,       39.522, 0.335,  1.277,  66,   0, 0
     4364,       39.528, 0.311,  0.291,  66,   0, 0
     4365,       39.535, 0.330,  1.054,  66,   0, 0
     4366,       39.541, 0.309,  0.248,  66,   0, 0
     4367,       39.548, 0.307,  0.170,  66,   0, 0
     4368,       39.555, 0.306,  0.122,  66,   0, 0
     4369,       39.562, 0.331,  1.103,  66,   0, 0
     4370,       39.569, 0.330,  1.040,  66,   0, 0
     4371,       39.600, 0.321,  0.697,  66,   0, 0
     4372,       39.605, 0.323,  0.755,  66,   0, 0
     4373,       39.611, 0.316,  0.476,  66,   0, 0
     4374,       39.617, 0.313,  0.362,  66,   0, 0
     4375,       39.624, 0.300, -0.162,  66,   0, 0
     4376,       39.634, 0.323,  0.755,  66,   0, 0
     4377,       39.641, 0.314,  0.397,  66,   0, 0
     4378,       39.650, 0.324,  0.803,  66,   0, 0
     4379,       39.657, 0.309,  0.233,  66,   0, 0
     4380,       39.663, 0.298, -0.214,  66,   0, 0
     4381,       39.693, 0.298, -0.214,  66,   0, 0
     4382,       39.699, 0.298, -0.216,  66,   0, 0
     4383,       39.707, 0.284, -0.776,  66,   0, 0
     4384,       39.713, 0.258, -1.802,  66,   0, 0
     4385,       39.720, 0.272, -1.201,  66,   0, 0
     4386,       39.725, 0.251, -1.993,  66,   0, 0
     4387,       39.731, 0.279, -0.894,  66,   0, 0
     4388,       39.737, 0.258, -1.685,  66,   0, 0
     4389,       39.743, 0.272, -1.105,  66,   0, 0
     4390,       39.752, 0.279, -0.816,  66,   0, 0
     4391,       39.791, 0.250, -1.891,  66,   0, 0
     4392,       39.798, 0.279, -0.772,  66,   0, 0
     4393,       39.803, 0.293, -0.260,  66,   0, 0
     4394,       39.811, 0.250, -1.839,  66,   0, 0
     4395,       39.818, 0.258, -1.525,  66,   0, 0
     4396,       39.824, 0.245, -1.961,  66,   0, 0
     4397,       39.831, 0.301,  0.058,  66,   0, 0
     4398,       39.837, 0.286, -0.464,  66,   0, 0
     4399,       39.843, 0.302,  0.105,  66,   0, 0
     4400,       39.851, 0.265, -1.221,  66,   0, 0
     4401,       39.884, 0.258, -1.429,  66,   0, 0
     4402,       39.891, 0.273, -0.870,  66,   0, 0
     4403,       39.900, 0.286, -0.423,  66,   0, 0
     4404,       39.909, 0.285, -0.452,  66,   0, 0
     4405,       39.915, 0.280, -0.601,  66,   0, 0
     4406,       39.922, 0.279, -0.647,  66,   0, 0
     4407,       39.929, 0.250, -1.662,  66,   0, 0
     4408,       39.935, 0.267, -1.046,  66,   0, 0
     4409,       39.941, 0.258, -1.314,  66,   0, 0
     4410,       39.947, 0.259, -1.280,  66,   0, 0
     4411,       39.976, 0.259, -1.258,  66,   0, 0
     4412,       39.982, 0.260, -1.189,  66,   0, 0
     4413,       39.989, 0.234, -2.077,  67,   1, 0
     4414,       40.002, 0.245, -1.640,  67,   0, 0
     4415,       40.009, 0.265, -0.949,  67,   0, 0
     4416,       40.017, 0.237, -1.847,  67,   0, 0
     4417,       40.026, 0.270, -0.742,  67,   0, 0
     4418,       40.032, 0.250, -1.397,  67,   0, 0
     4419,       40.039, 0.244, -1.561,  67,   0, 0
     4420,       40.045, 0.246, -1.455,  67,   0, 0
     4421,       40.074, 0.260, -0.991,  67,   0, 0
     4422,       40.081, 0.280, -0.334,  67,   0, 0
     4423,       40.086, 0.272, -0.578,  67,   0, 0
     4424,       40.093, 0.264, -0.820,  67,   0, 0
     4425,       40.101, 0.278, -0.359,  67,   0, 0
     4426,       40.109, 0.272, -0.537,  67,   0, 0
     4427,       40.116, 0.258, -1.005,  67,   0, 0
     4428,       40.123, 0.250, -1.223,  67,   0, 0
     4429,       40.130, 0.250, -1.208,  67,   0, 0
     4430,       40.138, 0.271, -0.560,  67,   0, 0
     4431,       40.170, 0.277, -0.415,  67,   0, 0
     4432,       40.176, 0.279, -0.373,  67,   0, 0
     4433,       40.182, 0.272, -0.681,  67,   0, 0
     4434,       40.189, 0.298,  0.292,  67,   0, 0
     4435,       40.196, 0.293,  0.111,  67,   0, 0
     4436,       40.202, 0.326,  1.353,  67,   0, 0
     4437,       40.208, 0.313,  0.849,  67,   0, 0
     4438,       40.214, 0.295,  0.159,  67,   0, 0
     4439,       40.220, 0.293,  0.055,  67,   0, 0
     4440,       40.225, 0.285, -0.231,  67,   0, 0
     4441,       40.252, 0.321,  1.130,  67,   0, 0
     4442,       40.259, 0.310,  0.714,  67,   0, 0
     4443,       40.267, 0.311,  0.730,  67,   0, 0
     4444,       40.273, 0.298,  0.230,  67,   0, 0
     4445,       40.280, 0.298,  0.248,  67,   0, 0
     4446,       40.285, 0.312,  0.786,  67,   0, 0
     4447,       40.291, 0.299,  0.269,  67,   0, 0
     4448,       40.296, 0.259, -1.259,  67,   0, 0
     4449,       40.302, 0.272, -0.748,  67,   0, 0
     4450,       40.309, 0.259, -1.229,  67,   0, 0
     4451,       40.338, 0.286, -0.201,  67,   0, 0
     4452,       40.344, 0.273, -0.675,  67,   0, 0
     4453,       40.350, 0.286, -0.171,  67,   0, 0
     4454,       40.356, 0.293,  0.107,  67,   0, 0
     4455,       40.362, 0.262, -1.051,  67,   0, 0
     4456,       40.368, 0.262, -1.034,  67,   0, 0
     4457,       40.374, 0.263, -1.009,  67,   0, 0
     4458,       40.384, 0.258, -1.184,  67,   0, 0
     4459,       40.391, 0.278, -0.376,  67,   0, 0
     4460,       40.397, 0.278, -0.397,  67,   0, 0
     4461,       40.427, 0.292,  0.190,  67,   0, 0
     4462,       40.434, 0.298,  0.444,  67,   0, 0
     4463,       40.440, 0.286, -0.053,  67,   0, 0
     4464,       40.446, 0.312,  0.983,  67,   0, 0
     4465,       40.454, 0.293,  0.218,  67,   0, 0
     4466,       40.460, 0.307,  0.803,  67,   0, 0
     4467,       40.466, 0.303,  0.670,  67,   0, 0
     4468,       40.473, 0.302,  0.599,  67,   0, 0
     4469,       40.479, 0.290,  0.145,  67,   0, 0
     4470,       40.485, 0.290,  0.149,  67,   0, 0
     4471,       40.515, 0.296,  0.410,  67,   0, 0
     4472,       40.523, 0.296,  0.417,  67,   0, 0
     4473,       40.530, 0.298,  0.474,  67,   0, 0
     4474,       40.536, 0.323,  1.542,  67,   0, 0
     4475,       40.542, 0.311,  1.035,  67,   0, 0
     4476,       40.548, 0.298,  0.476,  67,   0, 0
     4477,       40.553, 0.312,  1.062,  67,   0, 0
     4478,       40.559, 0.311,  1.015,  67,   0, 0
     4479,       40.565, 0.290,  0.179,  67,   0, 0
     4480,       40.570, 0.301,  0.624,  67,   0, 0
     4481,       40.599, 0.312,  1.099,  67,   0, 0
     4482,       40.605, 0.311,  1.053,  67,   0, 0
     4483,       40.611, 0.299,  0.547,  67,   0, 0
     4484,       40.618, 0.297,  0.498,  67,   0, 0
     4485,       40.624, 0.298,  0.537,  67,   0, 0
     4486,       40.635, 0.257, -1.187,  67,   0, 0
     4487,       40.645, 0.297,  0.532,  67,   0, 0
     4488,       40.651, 0.301,  0.697,  67,   0, 0
     4489,       40.657, 0.292,  0.345,  67,   0, 0
     4490,       40.665, 0.292,  0.365,  67,   0, 0
     4491,       40.694, 0.287,  0.143,  67,   0, 0
     4492,       40.701, 0.310,  1.207,  67,   0, 0
     4493,       40.708, 0.295,  0.519,  67,   0, 0
     4494,       40.714, 0.280, -0.163,  67,   0, 0
     4495,       40.721, 0.288,  0.247,  67,   0, 0
     4496,       40.727, 0.280, -0.147,  67,   0, 0
     4497,       40.733, 0.279, -0.142,  67,   0, 0
     4498,       40.739, 0.285,  0.155,  67,   0, 0
     4499,       40.747, 0.284,  0.113,  67,   0, 0
     4500,       40.754, 0.258, -1.159,  67,   0, 0
     4501,       40.786, 0.304,  1.087,  67,   0, 0
     4502,       40.792, 0.293,  0.543,  67,   0, 0
     4503,       40.797, 0.283,  0.074,  67,   0, 0
     4504,       40.804, 0.278, -0.150,  67,   0, 0
     4505,       40.809, 0.298,  0.787,  67,   0, 0
     4506,       40.816, 0.265, -0.799,  67,   0, 0
     4507,       40.823, 0.291,  0.447,  67,   0, 0
     4508,       40.832, 0.299,  0.825,  67,   0, 0
     4509,       40.838, 0.293,  0.512,  67,   0, 0
     4510,       40.844, 0.312,  1.456,  67,   0, 0
     4511,       40.879, 0.312,  1.430,  67,   0, 0
     4512,       40.888, 0.312,  1.408,  67,   0, 0
     4513,       40.896, 0.280, -0.156,  67,   0, 0
     4514,       40.903, 0.329,  2.186,  67,   0, 0
     4515,       40.911, 0.300,  0.771,  67,   0, 0
     4516,       40.918, 0.298,  0.672,  67,   0, 0
     4517,       40.925, 0.299,  0.689,  67,   0, 0
     4518,       40.931, 0.313,  1.376,  67,   0, 0
     4519,       40.937, 0.314,  1.410,  67,   0, 0
     4520,       40.943, 0.271, -0.703,  67,   0, 0
     4521,       40.974, 0.297,  0.565,  67,   0, 0
     4522,       40.980, 0.330,  2.139,  67,   0, 0
     4523,       40.986, 0.302,  0.740,  67,   0, 0
     4524,       40.993, 0.293,  0.348,  67,   0, 0
     4525,       41.001, 0.301,  0.719,  67,   0, 0
     4526,       41.011, 0.306,  0.936,  67,   0, 0
     4527,       41.019, 0.324,  1.782,  67,   0, 0
     4528,       41.025, 0.299,  0.559,  67,   0, 0
     4529,       41.032, 0.324,  1.722,  67,   0, 0
     4530,       41.037, 0.326,  1.771,  67,   0, 0
     4531,       41.066, 0.312,  1.091,  67,   0, 0
     4532,       41.072, 0.301,  0.547,  67,   0, 0
     4533,       41.078, 0.313,  1.098,  67,   0, 0
     4534,       41.086, 0.298,  0.375,  67,   0, 0
     4535,       41.094, 0.310,  0.946,  67,   0, 0
     4536,       41.101, 0.297,  0.304,  67,   0, 0
     4537,       41.108, 0.326,  1.782,  67,   0, 0
     4538,       41.116, 0.299,  0.364,  67,   0, 0
     4539,       41.125, 0.321,  1.502,  67,   0, 0
     4540,       41.133, 0.327,  1.789,  67,   0, 0
     4541,       41.164, 0.312,  0.982,  67,   0, 0
     4542,       41.170, 0.324,  1.649,  67,   0, 0
     4543,       41.176, 0.324,  1.615,  67,   0, 0
     4544,       41.182, 0.312,  0.910,  67,   0, 0
     4545,       41.189, 0.298,  0.163,  67,   0, 0
     4546,       41.196, 0.284, -0.619,  67,   0, 0
     4547,       41.202, 0.286, -0.528,  67,   0, 0
     4548,       41.208, 0.326,  1.648,  67,   0, 0
     4549,       41.214, 0.300,  0.222,  67,   0, 0
     4550,       41.220, 0.321,  1.395,  67,   0, 0
     4551,       41.247, 0.316,  1.082,  67,   0, 0
     4552,       41.256, 0.314,  0.971,  67,   0, 0
     4553,       41.264, 0.292, -0.324,  67,   0, 0
     4554,       41.270, 0.299,  0.062,  67,   0, 0
     4555,       41.275, 0.301,  0.169,  67,   0, 0
     4556,       41.281, 0.313,  0.873,  67,   0, 0
     4557,       41.289, 0.314,  0.934,  67,   0, 0
     4558,       41.296, 0.300,  0.130,  67,   0, 0
     4559,       41.302, 0.312,  0.825,  67,   0, 0
     4560,       41.308, 0.310,  0.703,  67,   0, 0
     4561,       41.338, 0.284, -0.813,  67,   0, 0
     4562,       41.345, 0.311,  0.759,  67,   0, 0
     4563,       41.351, 0.304,  0.357,  67,   0, 0
     4564,       41.359, 0.302,  0.245,  67,   0, 0
     4565,       41.367, 0.303,  0.278,  67,   0, 0
     4566,       41.376, 0.323,  1.485,  67,   0, 0
     4567,       41.385, 0.326,  1.611,  67,   0, 0
     4568,       41.392, 0.311,  0.727,  67,   0, 0
     4569,       41.398, 0.320,  1.233,  67,   0, 0
     4570,       41.405, 0.303,  0.218,  67,   0, 0
     4571,       41.434, 0.275, -1.464,  67,   0, 0
     4572,       41.441, 0.269, -1.826,  67,   0, 0
     4573,       41.447, 0.310,  0.623,  67,   0, 0
     4574,       41.453, 0.324,  1.501,  67,   0, 0
     4575,       41.458, 0.298, -0.140,  67,   0, 0
     4576,       41.464, 0.272, -1.748,  67,   0, 0
     4577,       41.470, 0.299, -0.045,  67,   0, 0
     4578,       41.476, 0.271, -1.862,  67,   0, 0
     4579,       41.483, 0.285, -0.982,  67,   0, 0
     4580,       41.491, 0.285, -0.994,  67,   0, 0
     4581,       41.519, 0.285, -1.013,  67,   0, 0
     4582,       41.525, 0.297, -0.230,  67,   0, 0
     4583,       41.531, 0.285, -1.030,  67,   0, 0
     4584,       41.537, 0.284, -1.073,  67,   0, 0
     4585,       41.542, 0.270, -1.978,  67,   0, 0
     4586,       41.549, 0.285, -0.984,  67,   0, 0
     4587,       41.556, 0.283, -1.052,  67,   0, 0
     4588,       41.562, 0.297, -0.174,  67,   0, 0
     4589,       41.570, 0.310,  0.651,  67,   0, 0
     4590,       41.578, 0.293, -0.465,  67,   0, 0
     4591,       41.612, 0.284, -1.010,  67,   0, 0
     4592,       41.622, 0.285, -0.969,  67,   0, 0
     4593,       41.630, 0.278, -1.342,  67,   0, 0
     4594,       41.636, 0.258, -2.609,  68,   1, 0
     4595,       41.652, 0.270, -1.795,  68,   0, 0
     4596,       41.659, 0.271, -1.673,  68,   0, 0
     4597,       41.667, 0.265, -1.973,  68,   0, 0
     4598,       41.673, 0.279, -1.132,  68,   0, 0
     4599,       41.679, 0.271, -1.577,  68,   0, 0
     4600,       41.685, 0.289, -0.515,  68,   0, 0
     4601,       41.713, 0.293, -0.261,  68,   0, 0
     4602,       41.719, 0.286, -0.697,  68,   0, 0
     4603,       41.725, 0.274, -1.384,  68,   0, 0
     4604,       41.736, 0.286, -0.624,  68,   0, 0
     4605,       41.744, 0.272, -1.437,  68,   0, 0
     4606,       41.753, 0.279, -0.992,  68,   0, 0
     4607,       41.762, 0.271, -1.524,  68,   0, 0
     4608,       41.768, 0.271, -1.497,  68,   0, 0
     4609,       41.775, 0.284, -0.693,  68,   0, 0
     4610,       41.782, 0.270, -1.523,  68,   0, 0
     4611,       41.811, 0.270, -1.498,  68,   0, 0
     4612,       41.818, 0.272, -1.377,  68,   0, 0
     4613,       41.826, 0.271, -1.394,  68,   0, 0
     4614,       41.833, 0.286, -0.549,  68,   0, 0
     4615,       41.840, 0.271, -1.364,  68,   0, 0
     4616,       41.849, 0.271, -1.346,  68,   0, 0
     4617,       41.856, 0.271, -1.336,  68,   0, 0
     4618,       41.865, 0.270, -1.398,  68,   0, 0
     4619,       41.872, 0.271, -1.311,  68,   0, 0
     4620,       41.879, 0.298,  0.179,  68,   0, 0
     4621,       41.909, 0.326,  1.667,  68,   0, 0
     4622,       41.916, 0.326,  1.640,  68,   0, 0
     4623,       41.922, 0.312,  0.888,  68,   0, 0
     4624,       41.928, 0.312,  0.874,  68,   0, 0
     4625,       41.935, 0.324,  1.469,  68,   0, 0
     4626,       41.941, 0.311,  0.778,  68,   0, 0
     4627,       41.947, 0.313,  0.863,  68,   0, 0
     4628,       41.953, 0.310,  0.692,  68,   0, 0
     4629,       41.961, 0.340,  2.261,  68,   0, 0
     4630,       41.970, 0.313,  0.774,  68,   0, 0
     4631,       42.001, 0.314,  0.831,  68,   0, 0
     4632,       42.009, 0.314,  0.864,  68,   0, 0
     4633,       42.016, 0.326,  1.470,  68,   0, 0
     4634,       42.022, 0.315,  0.870,  68,   0, 0
     4635,       42.028, 0.326,  1.466,  68,   0, 0
     4636,       42.034, 0.320,  1.119,  68,   0, 0
     4637,       42.041, 0.295, -0.157,  68,   0, 0
     4638,       42.049, 0.300,  0.089,  68,   0, 0
     4639,       42.058, 0.335,  1.900,  68,   0, 0
     4640,       42.064, 0.328,  1.489,  68,   0, 0
     4641,       42.094, 0.312,  0.693,  68,   0, 0
     4642,       42.100, 0.298, -0.053,  68,   0, 0
     4643,       42.108, 0.312,  0.669,  68,   0, 0
     4644,       42.116, 0.284, -0.775,  68,   0, 0
     4645,       42.123, 0.270, -1.467,  68,   0, 0
     4646,       42.128, 0.306,  0.390,  68,   0, 0
     4647,       42.135, 0.286, -0.617,  68,   0, 0
     4648,       42.141, 0.273, -1.285,  68,   0, 0
     4649,       42.147, 0.273, -1.265,  68,   0, 0
     4650,       42.153, 0.282, -0.817,  68,   0, 0
     4651,       42.181, 0.328,  1.588,  68,   0, 0
     4652,       42.187, 0.291, -0.308,  68,   0, 0
     4653,       42.193, 0.291, -0.315,  68,   0, 0
     4654,       42.199, 0.271, -1.354,  68,   0, 0
     4655,       42.205, 0.279, -0.913,  68,   0, 0
     4656,       42.211, 0.297,  0.009,  68,   0, 0
     4657,       42.219, 0.271, -1.290,  68,   0, 0
     4658,       42.227, 0.259, -1.881,  68,   0, 0
     4659,       42.233, 0.312,  0.816,  68,   0, 0
     4660,       42.239, 0.277, -0.916,  68,   0, 0
     4661,       42.267, 0.287, -0.438,  68,   0, 0
     4662,       42.273, 0.272, -1.163,  68,   0, 0
     4663,       42.279, 0.273, -1.076,  68,   0, 0
     4664,       42.286, 0.259, -1.795,  68,   0, 0
     4665,       42.292, 0.286, -0.411,  68,   0, 0
     4666,       42.298, 0.272, -1.090,  68,   0, 0
     4667,       42.304, 0.273, -1.013,  68,   0, 0
     4668,       42.310, 0.284, -0.478,  68,   0, 0
     4669,       42.317, 0.306,  0.669,  68,   0, 0
     4670,       42.324, 0.298,  0.265,  68,   0, 0
     4671,       42.352, 0.279, -0.707,  68,   0, 0
     4672,       42.358, 0.285, -0.419,  68,   0, 0
     4673,       42.365, 0.285, -0.408,  68,   0, 0
     4674,       42.372, 0.304,  0.590,  68,   0, 0
     4675,       42.378, 0.297,  0.238,  68,   0, 0
     4676,       42.384, 0.297,  0.240,  68,   0, 0
     4677,       42.390, 0.271, -1.094,  68,   0, 0
     4678,       42.396, 0.285, -0.382,  68,   0, 0
     4679,       42.403, 0.272, -1.003,  68,   0, 0
     4680,       42.410, 0.284, -0.376,  68,   0, 0
     4681,       42.439, 0.271, -1.045,  68,   0, 0
     4682,       42.444, 0.278, -0.696,  68,   0, 0
     4683,       42.450, 0.271, -1.024,  68,   0, 0
     4684,       42.457, 0.286, -0.254,  68,   0, 0
     4685,       42.462, 0.270, -1.068,  68,   0, 0
     4686,       42.469, 0.270, -1.051,  68,   0, 0
     4687,       42.475, 0.271, -0.969,  68,   0, 0
     4688,       42.484, 0.270, -1.024,  68,   0, 0
     4689,       42.491, 0.298,  0.457,  68,   0, 0
     4690,       42.497, 0.285, -0.225,  68,   0, 0
     4691,       42.525, 0.270, -1.001,  68,   0, 0
     4692,       42.533, 0.284, -0.251,  68,   0, 0
     4693,       42.539, 0.272, -0.882,  68,   0, 0
     4694,       42.545, 0.300,  0.597,  68,   0, 0
     4695,       42.551, 0.285, -0.197,  68,   0, 0
     4696,       42.557, 0.312,  1.290,  68,   0, 0
     4697,       42.562, 0.274, -0.792,  68,   0, 0
     4698,       42.569, 0.298,  0.504,  68,   0, 0
     4699,       42.575, 0.300,  0.632,  68,   0, 0
     4700,       42.581, 0.286, -0.161,  68,   0, 0
     4701,       42.609, 0.287, -0.102,  68,   0, 0
     4702,       42.616, 0.286, -0.134,  68,   0, 0
     4703,       42.623, 0.310,  1.157,  68,   0, 0
     4704,       42.631, 0.306,  0.929,  68,   0, 0
     4705,       42.637, 0.306,  0.928,  68,   0, 0
     4706,       42.642, 0.319,  1.579,  68,   0, 0
     4707,       42.649, 0.306,  0.854,  68,   0, 0
     4708,       42.655, 0.300,  0.541,  68,   0, 0
     4709,       42.662, 0.303,  0.687,  68,   0, 0
     4710,       42.669, 0.293,  0.195,  68,   0, 0
     4711,       42.697, 0.285, -0.236,  68,   0, 0
     4712,       42.703, 0.285, -0.236,  68,   0, 0
     4713,       42.709, 0.314,  1.270,  68,   0, 0
     4714,       42.716, 0.328,  1.999,  68,   0, 0
     4715,       42.722, 0.320,  1.541,  68,   0, 0
     4716,       42.729, 0.326,  1.812,  68,   0, 0
     4717,       42.737, 0.284, -0.381,  68,   0, 0
     4718,       42.743, 0.285, -0.320,  68,   0, 0
     4719,       42.749, 0.302,  0.520,  68,   0, 0
     4720,       42.755, 0.311,  1.012,  68,   0, 0
     4721,       42.784, 0.285, -0.358,  68,   0, 0
     4722,       42.790, 0.272, -1.063,  68,   0, 0
     4723,       42.796, 0.287, -0.255,  68,   0, 0
     4724,       42.802, 0.316,  1.272,  68,   0, 0
     4725,       42.809, 0.316,  1.222,  68,   0, 0
     4726,       42.815, 0.326,  1.710,  68,   0, 0
     4727,       42.821, 0.335,  2.149,  68,   0, 0
     4728,       42.827, 0.286, -0.361,  68,   0, 0
     4729,       42.832, 0.286, -0.390,  68,   0, 0
     4730,       42.839, 0.285, -0.421,  68,   0, 0
     4731,       42.871, 0.326,  1.627,  68,   0, 0
     4732,       42.878, 0.295,  0.027,  68,   0, 0
     4733,       42.884, 0.314,  1.025,  68,   0, 0
     4734,       42.891, 0.285, -0.476,  68,   0, 0
     4735,       42.896, 0.272, -1.161,  68,   0, 0
     4736,       42.903, 0.272, -1.190,  68,   0, 0
     4737,       42.909, 0.272, -1.190,  68,   0, 0
     4738,       42.914, 0.280, -0.748,  68,   0, 0
     4739,       42.921, 0.279, -0.793,  68,   0, 0
     4740,       42.927, 0.296,  0.044,  68,   0, 0
     4741,       42.955, 0.299,  0.212,  68,   0, 0
     4742,       42.961, 0.300,  0.274,  68,   0, 0
     4743,       42.968, 0.281, -0.721,  68,   0, 0
     4744,       42.974, 0.273, -1.127,  68,   0, 0
     4745,       42.982, 0.272, -1.180,  68,   0, 0
     4746,       42.989, 0.272, -1.163,  68,   0, 0
     4747,       42.995, 0.272, -1.118,  68,   0, 0
     4748,       43.002, 0.299,  0.334,  68,   0, 0
     4749,       43.007, 0.287, -0.290,  68,   0, 0
     4750,       43.014, 0.287, -0.283,  68,   0, 0
     4751,       43.042, 0.299,  0.387,  68,   0, 0
     4752,       43.048, 0.280, -0.676,  68,   0, 0
     4753,       43.053, 0.300,  0.470,  68,   0, 0
     4754,       43.059, 0.275, -0.935,  68,   0, 0
     4755,       43.065, 0.286, -0.303,  68,   0, 0
     4756,       43.071, 0.287, -0.210,  68,   0, 0
     4757,       43.077, 0.285, -0.308,  68,   0, 0
     4758,       43.083, 0.284, -0.347,  68,   0, 0
     4759,       43.090, 0.285, -0.296,  68,   0, 0
     4760,       43.096, 0.280, -0.576,  68,   0, 0
     4761,       43.128, 0.272, -1.058,  68,   0, 0
     4762,       43.134, 0.272, -1.041,  68,   0, 0
     4763,       43.141, 0.286, -0.194,  68,   0, 0
     4764,       43.147, 0.307,  1.122,  68,   0, 0
     4765,       43.154, 0.299,  0.654,  68,   0, 0
     4766,       43.160, 0.286, -0.209,  68,   0, 0
     4767,       43.166, 0.285, -0.233,  68,   0, 0
     4768,       43.172, 0.286, -0.199,  68,   0, 0
     4769,       43.179, 0.286, -0.206,  68,   0, 0
     4770,       43.186, 0.279, -0.642,  68,   0, 0
     4771,       43.214, 0.272, -1.058,  68,   0, 0
     4772,       43.221, 0.272, -1.050,  68,   0, 0
     4773,       43.226, 0.279, -0.611,  68,   0, 0
     4774,       43.233, 0.288, -0.005,  68,   0, 0
     4775,       43.238, 0.280, -0.529,  68,   0, 0
     4776,       43.247, 0.285, -0.194,  68,   0, 0
     4777,       43.255, 0.287, -0.097,  68,   0, 0
     4778,       43.262, 0.280, -0.536,  68,   0, 0
     4779,       43.268, 0.302,  0.829,  68,   0, 0
     4780,       43.274, 0.287, -0.113,  68,   0, 0
     4781,       43.303, 0.285, -0.214,  68,   0, 0
     4782,       43.309, 0.302,  0.838,  68,   0, 0
     4783,       43.316, 0.272, -1.142,  68,   0, 0
     4784,       43.322, 0.285, -0.234,  68,   0, 0
     4785,       43.329, 0.285, -0.253,  68,   0, 0
     4786,       43.335, 0.294,  0.340,  68,   0, 0
     4787,       43.341, 0.285, -0.266,  68,   0, 0
     4788,       43.347, 0.294,  0.324,  68,   0, 0
     4789,       43.353, 0.294,  0.318,  68,   0, 0
     4790,       43.360, 0.294,  0.327,  68,   0, 0
     4791,       43.392, 0.278, -0.747,  68,   0, 0
     4792,       43.398, 0.294,  0.330,  68,   0, 0
     4793,       43.404, 0.280, -0.664,  68,   0, 0
     4794,       43.411, 0.279, -0.711,  68,   0, 0
     4795,       43.417, 0.283, -0.428,  68,   0, 0
     4796,       43.423, 0.293,  0.246,  68,   0, 0
     4797,       43.428, 0.306,  1.176,  68,   0, 0
     4798,       43.434, 0.321,  2.122,  68,   0, 0
     4799,       43.441, 0.312,  1.472,  68,   0, 0
     4800,       43.447, 0.310,  1.330,  68,   0, 0
     4801,       43.477, 0.300,  0.651,  68,   0, 0
     4802,       43.485, 0.294,  0.233,  68,   0, 0
     4803,       43.491, 0.302,  0.727,  68,   0, 0
     4804,       43.497, 0.285, -0.380,  68,   0, 0
     4805,       43.503, 0.302,  0.742,  68,   0, 0
     4806,       43.508, 0.301,  0.652,  68,   0, 0
     4807,       43.514, 0.326,  2.316,  68,   0, 0
     4808,       43.520, 0.311,  1.259,  68,   0, 0
     4809,       43.527, 0.298,  0.360,  68,   0, 0
     4810,       43.533, 0.278, -0.934,  68,   0, 0
     4811,       43.561, 0.272, -1.335,  68,   0, 0
     4812,       43.567, 0.287, -0.348,  68,   0, 0
     4813,       43.573, 0.265, -1.827,  68,   0, 0
     4814,       43.579, 0.279, -0.840,  68,   0, 0
     4815,       43.585, 0.279, -0.827,  68,   0, 0
     4816,       43.593, 0.281, -0.732,  68,   0, 0
     4817,       43.604, 0.273, -1.245,  68,   0, 0
     4818,       43.610, 0.272, -1.294,  68,   0, 0
     4819,       43.616, 0.271, -1.363,  68,   0, 0
     4820,       43.623, 0.272, -1.248,  68,   0, 0
     4821,       43.650, 0.297,  0.396,  68,   0, 0
     4822,       43.657, 0.285, -0.380,  68,   0, 0
     4823,       43.663, 0.284, -0.469,  68,   0, 0
     4824,       43.669, 0.273, -1.182,  68,   0, 0
     4825,       43.675, 0.272, -1.251,  68,   0, 0
     4826,       43.682, 0.306,  1.039,  68,   0, 0
     4827,       43.688, 0.268, -1.445,  68,   0, 0
     4828,       43.694, 0.251, -2.554,  69,   1, 0
     4829,       43.705, 0.250, -2.514,  69,   2, 0
     4830,       43.718, 0.270, -1.188,  69,   0, 0
     4831,       43.746, 0.278, -0.668,  69,   0, 0
     4832,       43.754, 0.279, -0.625,  69,   0, 0
     4833,       43.759, 0.271, -1.078,  69,   0, 0
     4834,       43.765, 0.273, -0.941,  69,   0, 0
     4835,       43.772, 0.286, -0.132,  69,   0, 0
     4836,       43.777, 0.279, -0.537,  69,   0, 0
     4837,       43.784, 0.257, -2.019,  70,   1, 0
     4838,       43.795, 0.244, -2.850,  70,   2, 0
     4839,       43.807, 0.258, -1.816,  70,   0, 0
     4840,       43.814, 0.243, -2.747,  71,   1, 0
     4841,       43.850, 0.245, -2.552,  71,   2, 0
     4842,       43.861, 0.256, -1.776,  71,   0, 0
     4843,       43.867, 0.282, -0.193,  71,   0, 0
     4844,       43.873, 0.263, -1.328,  71,   0, 0
     4845,       43.879, 0.252, -1.995,  71,   0, 0
     4846,       43.885, 0.287,  0.173,  71,   0, 0
     4847,       43.891, 0.326,  2.558,  71,   0, 0
     4848,       43.896, 0.287,  0.161,  71,   0, 0
     4849,       43.903, 0.306,  1.390,  71,   0, 0
     4850,       43.909, 0.297,  0.790,  71,   0, 0
     4851,       43.937, 0.305,  1.282,  71,   0, 0
     4852,       43.943, 0.272, -0.786,  71,   0, 0
     4853,       43.949, 0.297,  0.821,  71,   0, 0
     4854,       43.960, 0.272, -0.754,  71,   0, 0
     4855,       43.966, 0.273, -0.678,  71,   0, 0
     4856,       43.973, 0.310,  1.688,  71,   0, 0
     4857,       43.979, 0.324,  2.551,  71,   0, 0
     4858,       43.985, 0.314,  1.802,  71,   0, 0
     4859,       43.994, 0.299,  0.852,  71,   0, 0
     4860,       44.005, 0.312,  1.652,  71,   0, 0
     4861,       44.035, 0.328,  2.579,  71,   0, 0
     4862,       44.041, 0.286,  0.045,  71,   0, 0
     4863,       44.047, 0.299,  0.852,  71,   0, 0
     4864,       44.053, 0.312,  1.577,  71,   0, 0
     4865,       44.059, 0.326,  2.362,  71,   0, 0
     4866,       44.066, 0.326,  2.262,  71,   0, 0
     4867,       44.074, 0.325,  2.160,  71,   0, 0
     4868,       44.081, 0.327,  2.200,  71,   0, 0
     4869,       44.087, 0.335,  2.612,  71,   0, 0
     4870,       44.093, 0.327,  2.070,  71,   0, 0
     4871,       44.122, 0.335,  2.439,  71,   0, 0
     4872,       44.129, 0.326,  1.913,  71,   0, 0
     4873,       44.135, 0.335,  2.317,  71,   0, 0
     4874,       44.141, 0.327,  1.848,  71,   0, 0
     4875,       44.147, 0.335,  2.208,  71,   0, 0
     4876,       44.154, 0.295,  0.242,  71,   0, 0
     4877,       44.160, 0.308,  0.856,  71,   0, 0
     4878,       44.166, 0.219, -3.361,  72,   1, 0
     4879,       44.176, 0.218, -3.244,  72,   2, 0
     4880,       44.190, 0.218, -3.055,  72,   3, 0
     4881,       44.225, 0.217, -2.976,  72,   4, 0
     4882,       44.236, 0.265, -0.923,  72,   0, 0
     4883,       44.242, 0.245, -1.708,  72,   0, 0
     4884,       44.248, 0.245, -1.702,  72,   0, 0
     4885,       44.253, 0.265, -0.861,  72,   0, 0
     4886,       44.259, 0.266, -0.829,  72,   0, 0
     4887,       44.266, 0.245, -1.625,  72,   0, 0
     4888,       44.271, 0.278, -0.308,  72,   0, 0
     4889,       44.277, 0.269, -0.667,  72,   0, 0
     4890,       44.283, 0.266, -0.776,  72,   0, 0
     4891,       44.311, 0.256, -1.163,  72,   0, 0
     4892,       44.319, 0.265, -0.781,  72,   0, 0
     4893,       44.327, 0.253, -1.248,  72,   0, 0
     4894,       44.333, 0.264, -0.833,  72,   0, 0
     4895,       44.338, 0.266, -0.719,  72,   0, 0
     4896,       44.345, 0.260, -0.950,  72,   0, 0
     4897,       44.351, 0.248, -1.382,  72,   0, 0
     4898,       44.357, 0.259, -0.952,  72,   0, 0
     4899,       44.364, 0.247, -1.397,  72,   0, 0
     4900,       44.370, 0.267, -0.633,  72,   0, 0
     4901,       44.398, 0.296,  0.451,  72,   0, 0
     4902,       44.404, 0.267, -0.628,  72,   0, 0
     4903,       44.410, 0.273, -0.398,  72,   0, 0
     4904,       44.416, 0.258, -0.949,  72,   0, 0
     4905,       44.423, 0.273, -0.389,  72,   0, 0
     4906,       44.430, 0.279, -0.164,  72,   0, 0
     4907,       44.439, 0.272, -0.428,  72,   0, 0
     4908,       44.445, 0.274, -0.325,  72,   0, 0
     4909,       44.451, 0.273, -0.369,  72,   0, 0
     4910,       44.457, 0.284,  0.059,  72,   0, 0
     4911,       44.485, 0.285,  0.108,  72,   0, 0
     4912,       44.491, 0.284,  0.060,  72,   0, 0
     4913,       44.497, 0.270, -0.475,  72,   0, 0
     4914,       44.503, 0.307,  0.930,  72,   0, 0
     4915,       44.508, 0.250, -1.201,  72,   0, 0
     4916,       44.514, 0.278, -0.171,  72,   0, 0
     4917,       44.520, 0.278, -0.143,  72,   0, 0
     4918,       44.527, 0.277, -0.188,  72,   0, 0
     4919,       44.534, 0.262, -0.715,  72,   0, 0
     4920,       44.540, 0.277, -0.161,  72,   0, 0
     4921,       44.573, 0.293,  0.458,  72,   0, 0
     4922,       44.580, 0.295,  0.509,  72,   0, 0
     4923,       44.588, 0.280, -0.022,  72,   0, 0
     4924,       44.594, 0.282,  0.034,  72,   0, 0
     4925,       44.601, 0.293,  0.475,  72,   0, 0
     4926,       44.608, 0.312,  1.173,  72,   0, 0
     4927,       44.614, 0.324,  1.644,  72,   0, 0
     4928,       44.620, 0.335,  2.060,  72,   0, 0
     4929,       44.625, 0.322,  1.522,  72,   0, 0
     4930,       44.631, 0.293,  0.438,  72,   0, 0
     4931,       44.659, 0.269, -0.445,  72,   0, 0
     4932,       44.666, 0.306,  0.919,  72,   0, 0
     4933,       44.671, 0.283,  0.055,  72,   0, 0
     4934,       44.677, 0.306,  0.905,  72,   0, 0
     4935,       44.683, 0.278, -0.124,  72,   0, 0
     4936,       44.693, 0.284,  0.089,  72,   0, 0
     4937,       44.702, 0.270, -0.424,  72,   0, 0
     4938,       44.708, 0.272, -0.355,  72,   0, 0
     4939,       44.714, 0.248, -1.256,  72,   0, 0
     4940,       44.720, 0.285,  0.133,  72,   0, 0
     4941,       44.748, 0.279, -0.106,  72,   0, 0
     4942,       44.754, 0.279, -0.100,  72,   0, 0
     4943,       44.760, 0.279, -0.098,  72,   0, 0
     4944,       44.766, 0.310,  1.050,  72,   0, 0
     4945,       44.772, 0.311,  1.050,  72,   0, 0
     4946,       44.778, 0.310,  1.010,  72,   0, 0
     4947,       44.784, 0.313,  1.120,  72,   0, 0
     4948,       44.790, 0.297,  0.519,  72,   0, 0
     4949,       44.796, 0.218, -2.331,  73,   1, 0
     4950,       44.810, 0.162, -4.304,  73,   2, 0
     4951,       44.846, 0.111, -5.658,  73,   3, 0
     4952,       44.857, 0.139, -4.169,  73,   4, 0
     4953,       44.869, 0.125, -4.251,  73,   5, 0
     4954,       44.881, 0.097, -4.650,  73,   6, 0
     4955,       44.892, 0.114, -3.843,  73,   7, 0
     4956,       44.903, 0.169, -2.379,  73,   8, 0
     4957,       44.915, 0.162, -2.450,  73,   9, 0
     4958,       44.926, 0.136, -2.936,  73,  10, 0
     4959,       44.938, 0.152, -2.485,  73,  11, 0
     4960,       44.949, 0.166, -2.135,  73,  12, 0
     4961,       44.983, 0.176, -1.888,  73,   0, 0
     4962,       44.990, 0.171, -1.950,  73,   0, 0
     4963,       44.995, 0.179, -1.735,  73,   0, 0
     4964,       45.002, 0.175, -1.774,  73,   0, 0
     4965,       45.008, 0.208, -1.136,  73,   0, 0
     4966,       45.015, 0.223, -0.832,  73,   0, 0
     4967,       45.022, 0.229, -0.711,  73,   0, 0
     4968,       45.032, 0.227, -0.730,  73,   0, 0
     4969,       45.038, 0.245, -0.383,  73,   0, 0
     4970,       45.044, 0.243, -0.416,  73,   0, 0
     4971,       45.072, 0.221, -0.823,  73,   0, 0
     4972,       45.079, 0.217, -0.875,  73,   0, 0
     4973,       45.085, 0.222, -0.777,  73,   0, 0
     4974,       45.091, 0.241, -0.421,  73,   0, 0
     4975,       45.097, 0.241, -0.398,  73,   0, 0
     4976,       45.103, 0.252, -0.198,  73,   0, 0
     4977,       45.108, 0.248, -0.256,  73,   0, 0
     4978,       45.116, 0.286,  0.469,  73,   0, 0
     4979,       45.122, 0.284,  0.424,  73,   0, 0
     4980,       45.128, 0.275,  0.256,  73,   0, 0
     4981,       45.161, 0.265,  0.087,  73,   0, 0
     4982,       45.168, 0.266,  0.119,  73,   0, 0
     4983,       45.174, 0.260, -0.004,  73,   0, 0
     4984,       45.180, 0.268,  0.160,  73,   0, 0
     4985,       45.187, 0.273,  0.268,  73,   0, 0
     4986,       45.192, 0.247, -0.223,  73,   0, 0
     4987,       45.198, 0.275,  0.325,  73,   0, 0
     4988,       45.204, 0.320,  1.218,  73,   0, 0
     4989,       45.210, 0.380,  2.396,  73,   0, 0
     4990,       45.217, 0.323,  1.250,  73,   0, 0
     4991,       45.245, 0.313,  1.064,  73,   0, 0
     4992,       45.252, 0.274,  0.317,  73,   0, 0
     4993,       45.258, 0.274,  0.328,  73,   0, 0
     4994,       45.266, 0.292,  0.694,  73,   0, 0
     4995,       45.272, 0.282,  0.506,  73,   0, 0
     4996,       45.278, 0.324,  1.365,  73,   0, 0
     4997,       45.287, 0.298,  0.832,  73,   0, 0
     4998,       45.293, 0.314,  1.155,  73,   0, 0
     4999,       45.301, 0.288,  0.609,  73,   0, 0
     5000,       45.307, 0.313,  1.097,  73,   0, 0
     5001,       45.340, 0.289,  0.597,  73,   0, 0
     5002,       45.348, 0.295,  0.721,  73,   0, 0
     5003,       45.354, 0.306,  0.914,  73,   0, 0
     5004,       45.361, 0.303,  0.859,  73,   0, 0
     5005,       45.367, 0.297,  0.724,  73,   0, 0
     5006,       45.373, 0.269,  0.165,  73,   0, 0
     5007,       45.379, 0.290,  0.576,  73,   0, 0
     5008,       45.387, 0.298,  0.716,  73,   0, 0
     5009,       45.393, 0.302,  0.804,  73,   0, 0
     5010,       45.400, 0.322,  1.177,  73,   0, 0
     5011,       45.438, 0.345,  1.615,  73,   0, 0
     5012,       45.446, 0.345,  1.589,  73,   0, 0
     5013,       45.453, 0.335,  1.360,  73,   0, 0
     5014,       45.460, 0.317,  0.997,  73,   0, 0
     5015,       45.467, 0.341,  1.446,  73,   0, 0
     5016,       45.473, 0.320,  1.029,  73,   0, 0
     5017,       45.479, 0.349,  1.554,  73,   0, 0
     5018,       45.486, 0.374,  1.977,  73,   0, 0
     5019,       45.492, 0.363,  1.734,  73,   0, 0
     5020,       45.499, 0.364,  1.720,  73,   0, 0
     5021,       45.528, 0.375,  1.872,  73,   0, 0
     5022,       45.534, 0.364,  1.651,  73,   0, 0
     5023,       45.540, 0.348,  1.336,  73,   0, 0
     5024,       45.550, 0.352,  1.392,  73,   0, 0
     5025,       45.559, 0.348,  1.292,  73,   0, 0
     5026,       45.566, 0.305,  0.544,  73,   0, 0
     5027,       45.572, 0.350,  1.295,  73,   0, 0
     5028,       45.579, 0.318,  0.747,  73,   0, 0
     5029,       45.587, 0.312,  0.638,  73,   0, 0
     5030,       45.597, 0.320,  0.770,  73,   0, 0
     5031,       45.638, 0.313,  0.637,  73,   0, 0
     5032,       45.644, 0.351,  1.265,  73,   0, 0
     5033,       45.651, 0.305,  0.486,  73,   0, 0
     5034,       45.659, 0.302,  0.436,  73,   0, 0
     5035,       45.668, 0.321,  0.748,  73,   0, 0
     5036,       45.677, 0.317,  0.666,  73,   0, 0
     5037,       45.684, 0.319,  0.704,  73,   0, 0
     5038,       45.690, 0.329,  0.850,  73,   0, 0
     5039,       45.698, 0.319,  0.678,  73,   0, 0
     5040,       45.704, 0.297,  0.308,  73,   0, 0
     5041,       45.732, 0.306,  0.454,  73,   0, 0
     5042,       45.738, 0.291,  0.203,  73,   0, 0
     5043,       45.745, 0.307,  0.472,  73,   0, 0
     5044,       45.753, 0.305,  0.434,  73,   0, 0
     5045,       45.762, 0.312,  0.546,  73,   0, 0
     5046,       45.768, 0.312,  0.543,  73,   0, 0
     5047,       45.774, 0.312,  0.543,  73,   0, 0
     5048,       45.783, 0.312,  0.545,  73,   0, 0
     5049,       45.791, 0.314,  0.579,  73,   0, 0
     5050,       45.797, 0.339,  0.990,  73,   0, 0
     5051,       45.826, 0.336,  0.931,  73,   0, 0
     5052,       45.834, 0.327,  0.783,  73,   0, 0
     5053,       45.841, 0.351,  1.167,  73,   0, 0
     5054,       45.848, 0.366,  1.392,  73,   0, 0
     5055,       45.853, 0.341,  0.972,  73,   0, 0
     5056,       45.860, 0.347,  1.051,  73,   0, 0
     5057,       45.867, 0.355,  1.178,  73,   0, 0
     5058,       45.873, 0.352,  1.112,  73,   0, 0
     5059,       45.880, 0.342,  0.936,  73,   0, 0
     5060,       45.886, 0.329,  0.707,  73,   0, 0
     5061,       45.915, 0.339,  0.855,  73,   0, 0
     5062,       45.923, 0.309,  0.385,  73,   0, 0
     5063,       45.932, 0.311,  0.406,  73,   0, 0
     5064,       45.937, 0.323,  0.594,  73,   0, 0
     5065,       45.943, 0.324,  0.610,  73,   0, 0
     5066,       45.949, 0.312,  0.415,  73,   0, 0
     5067,       45.955, 0.309,  0.373,  73,   0, 0
     5068,       45.960, 0.335,  0.769,  73,   0, 0
     5069,       45.966, 0.352,  1.031,  73,   0, 0
     5070,       45.972, 0.325,  0.592,  73,   0, 0
     5071,       46.000, 0.311,  0.356,  73,   0, 0
     5072,       46.006, 0.311,  0.341,  73,   0, 0
     5073,       46.012, 0.336,  0.747,  73,   0, 0
     5074,       46.017, 0.339,  0.789,  73,   0, 0
     5075,       46.023, 0.323,  0.510,  73,   0, 0
     5076,       46.029, 0.325,  0.547,  73,   0, 0
     5077,       46.036, 0.337,  0.758,  73,   0, 0
     5078,       46.043, 0.326,  0.531,  73,   0, 0
     5079,       46.050, 0.326,  0.523,  73,   0, 0
     5080,       46.056, 0.311,  0.178,  73,   0, 0
     5081,       46.084, 0.324,  0.468,  73,   0, 0
     5082,       46.091, 0.312,  0.165,  73,   0, 0
     5083,       46.097, 0.324,  0.447,  73,   0, 0
     5084,       46.103, 0.312,  0.125,  73,   0, 0
     5085,       46.109, 0.323,  0.384,  73,   0, 0
     5086,       46.115, 0.312,  0.067,  73,   0, 0
     5087,       46.121, 0.334,  0.672,  73,   0, 0
     5088,       46.127, 0.337,  0.756,  73,   0, 0
     5089,       46.134, 0.313,  0.045,  73,   0, 0
     5090,       46.139, 0.327,  0.450,  73,   0, 0
     5091,       46.167, 0.351,  1.163,  73,   0, 0
     5092,       46.174, 0.332,  0.553,  73,   0, 0
     5093,       46.183, 0.312, -0.121,  73,   0, 0
     5094,       46.190, 0.312, -0.152,  73,   0, 0
     5095,       46.196, 0.302, -0.519,  73,   0, 0
     5096,       46.203, 0.312, -0.201,  73,   0, 0
     5097,       46.208, 0.313, -0.155,  73,   0, 0
     5098,       46.215, 0.325,  0.284,  73,   0, 0
     5099,       46.221, 0.342,  0.905,  73,   0, 0
     5100,       46.227, 0.340,  0.833,  73,   0, 0
     5101,       46.255, 0.311, -0.350,  73,   0, 0
     5102,       46.261, 0.349,  1.186,  73,   0, 0
     5103,       46.267, 0.317, -0.163,  73,   0, 0
     5104,       46.273, 0.323,  0.079,  73,   0, 0
     5105,       46.279, 0.348,  1.137,  73,   0, 0
     5106,       46.287, 0.332,  0.434,  73,   0, 0
     5107,       46.293, 0.303, -0.882,  73,   0, 0
     5108,       46.299, 0.317, -0.277,  73,   0, 0
     5109,       46.306, 0.303, -0.906,  73,   0, 0
     5110,       46.312, 0.323,  0.049,  73,   0, 0
     5111,       46.340, 0.325,  0.113,  73,   0, 0
     5112,       46.346, 0.333,  0.512,  73,   0, 0
     5113,       46.352, 0.311, -0.601,  73,   0, 0
     5114,       46.357, 0.327,  0.202,  73,   0, 0
     5115,       46.364, 0.324,  0.033,  73,   0, 0
     5116,       46.370, 0.324,  0.016,  73,   0, 0
     5117,       46.375, 0.312, -0.617,  73,   0, 0
     5118,       46.381, 0.312, -0.621,  73,   0, 0
     5119,       46.387, 0.312, -0.619,  73,   0, 0
     5120,       46.392, 0.313, -0.558,  73,   0, 0
     5121,       46.422, 0.326,  0.083,  73,   0, 0
     5122,       46.428, 0.324, -0.000,  73,   0, 0
     5123,       46.434, 0.326,  0.043,  73,   0, 0
     5124,       46.443, 0.325, -0.003,  73,   0, 0
     5125,       46.449, 0.312, -0.704,  73,   0, 0
     5126,       46.455, 0.324, -0.051,  73,   0, 0
     5127,       46.461, 0.324, -0.079,  73,   0, 0
     5128,       46.467, 0.326, -0.023,  73,   0, 0
     5129,       46.474, 0.327,  0.052,  73,   0, 0
     5130,       46.479, 0.326, -0.000,  73,   0, 0
     5131,       46.508, 0.326, -0.037,  73,   0, 0
     5132,       46.513, 0.312, -0.849,  73,   0, 0
     5133,       46.519, 0.313, -0.740,  73,   0, 0
     5134,       46.525, 0.313, -0.729,  73,   0, 0
     5135,       46.531, 0.313, -0.726,  73,   0, 0
     5136,       46.537, 0.313, -0.714,  73,   0, 0
     5137,       46.543, 0.297, -1.687,  73,   0, 0
     5138,       46.552, 0.297, -1.656,  73,   0, 0
     5139,       46.558, 0.322, -0.166,  73,   0, 0
     5140,       46.564, 0.312, -0.766,  73,   0, 0
     5141,       46.593, 0.310, -0.849,  73,   0, 0
     5142,       46.599, 0.319, -0.275,  73,   0, 0
     5143,       46.605, 0.310, -0.835,  73,   0, 0
     5144,       46.611, 0.312, -0.739,  73,   0, 0
     5145,       46.617, 0.336,  0.974,  73,   0, 0
     5146,       46.623, 0.320, -0.124,  73,   0, 0
     5147,       46.629, 0.313, -0.610,  73,   0, 0
     5148,       46.636, 0.312, -0.696,  73,   0, 0
     5149,       46.642, 0.313, -0.593,  73,   0, 0
     5150,       46.649, 0.311, -0.796,  73,   0, 0
     5151,       46.677, 0.324,  0.201,  73,   0, 0
     5152,       46.683, 0.311, -0.796,  73,   0, 0
     5153,       46.690, 0.311, -0.784,  73,   0, 0
     5154,       46.697, 0.311, -0.791,  73,   0, 0
     5155,       46.703, 0.311, -0.800,  73,   0, 0
     5156,       46.710, 0.342,  1.523,  73,   0, 0
     5157,       46.716, 0.320, -0.114,  73,   0, 0
     5158,       46.721, 0.311, -0.801,  73,   0, 0
     5159,       46.727, 0.312, -0.696,  73,   0, 0
     5160,       46.733, 0.326,  0.309,  73,   0, 0
     5161,       46.761, 0.326,  0.295,  73,   0, 0
     5162,       46.767, 0.313, -0.621,  73,   0, 0
     5163,       46.773, 0.312, -0.764,  73,   0, 0
     5164,       46.779, 0.326,  0.294,  73,   0, 0
     5165,       46.786, 0.312, -0.788,  73,   0, 0
     5166,       46.791, 0.311, -0.885,  73,   0, 0
     5167,       46.797, 0.312, -0.787,  73,   0, 0
     5168,       46.808, 0.324,  0.166,  73,   0, 0
     5169,       46.815, 0.309, -1.018,  73,   0, 0
     5170,       46.821, 0.321, -0.091,  73,   0, 0
     5171,       46.850, 0.309, -1.022,  73,   0, 0
     5172,       46.856, 0.324,  0.173,  73,   0, 0
     5173,       46.862, 0.346,  1.859,  73,   0, 0
     5174,       46.868, 0.346,  1.874,  73,   0, 0
     5175,       46.874, 0.331,  0.732,  73,   0, 0
     5176,       46.880, 0.337,  1.255,  73,   0, 0
     5177,       46.886, 0.335,  1.058,  73,   0, 0
     5178,       46.891, 0.335,  1.096,  73,   0, 0
     5179,       46.898, 0.323,  0.151,  73,   0, 0
     5180,       46.904, 0.311, -0.911,  73,   0, 0
     5181,       46.933, 0.341,  1.721,  73,   0, 0
     5182,       46.941, 0.340,  1.648,  73,   0, 0
     5183,       46.951, 0.311, -0.901,  73,   0, 0
     5184,       46.957, 0.325,  0.340,  73,   0, 0
     5185,       46.963, 0.355,  2.870,  73,   0, 0
     5186,       46.969, 0.341,  1.604,  73,   0, 0
     5187,       46.975, 0.341,  1.571,  73,   0, 0
     5188,       46.982, 0.355,  2.720,  73,   0, 0
     5189,       46.988, 0.356,  2.698,  73,   0, 0
     5190,       46.994, 0.356,  2.676,  73,   0, 0
     5191,       47.024, 0.339,  1.256,  73,   0, 0
     5192,       47.030, 0.326,  0.215,  73,   0, 0
     5193,       47.036, 0.341,  1.386,  73,   0, 0
     5194,       47.043, 0.297, -2.000,  73,   0, 0
     5195,       47.050, 0.310, -0.934,  73,   0, 0
     5196,       47.058, 0.324,  0.132,  73,   0, 0
     5197,       47.065, 0.309, -1.008,  73,   0, 0
     5198,       47.071, 0.309, -1.008,  73,   0, 0
     5199,       47.077, 0.312, -0.780,  73,   0, 0
     5200,       47.083, 0.318, -0.290,  73,   0, 0
     5201,       47.112, 0.325,  0.251,  73,   0, 0
     5202,       47.118, 0.310, -0.879,  73,   0, 0
     5203,       47.125, 0.297, -1.901,  73,   0, 0
     5204,       47.130, 0.339,  1.297,  73,   0, 0
     5205,       47.136, 0.311, -0.841,  73,   0, 0
     5206,       47.142, 0.340,  1.304,  73,   0, 0
     5207,       47.148, 0.340,  1.281,  73,   0, 0
     5208,       47.154, 0.341,  1.366,  73,   0, 0
     5209,       47.160, 0.340,  1.276,  73,   0, 0
     5210,       47.167, 0.341,  1.337,  73,   0, 0
     5211,       47.195, 0.338,  1.119,  73,   0, 0
     5212,       47.203, 0.339,  1.238,  73,   0, 0
     5213,       47.208, 0.331,  0.612,  73,   0, 0
     5214,       47.214, 0.331,  0.601,  73,   0, 0
     5215,       47.221, 0.294, -2.111,  74,   1, 0
     5216,       47.232, 0.348,  1.807,  74,   0, 0
     5217,       47.238, 0.309, -1.011,  74,   0, 0
     5218,       47.244, 0.321, -0.132,  74,   0, 0
     5219,       47.250, 0.336,  0.958,  74,   0, 0
     5220,       47.256, 0.310, -0.910,  74,   0, 0
     5221,       47.284, 0.312, -0.769,  74,   0, 0
     5222,       47.290, 0.311, -0.861,  74,   0, 0
     5223,       47.296, 0.310, -0.856,  74,   0, 0
     5224,       47.303, 0.310, -0.850,  74,   0, 0
     5225,       47.309, 0.312, -0.758,  74,   0, 0
     5226,       47.317, 0.309, -0.953,  74,   0, 0
     5227,       47.324, 0.309, -0.941,  74,   0, 0
     5228,       47.330, 0.310, -0.836,  74,   0, 0
     5229,       47.336, 0.312, -0.713,  74,   0, 0
     5230,       47.342, 0.311, -0.821,  74,   0, 0
     5231,       47.370, 0.339,  1.284,  74,   0, 0
     5232,       47.376, 0.339,  1.267,  74,   0, 0
     5233,       47.383, 0.310, -0.831,  74,   0, 0
     5234,       47.388, 0.324,  0.169,  74,   0, 0
     5235,       47.395, 0.324,  0.171,  74,   0, 0
     5236,       47.401, 0.324,  0.171,  74,   0, 0
     5237,       47.407, 0.312, -0.705,  74,   0, 0
     5238,       47.414, 0.312, -0.705,  74,   0, 0
     5239,       47.420, 0.311, -0.813,  74,   0, 0
     5240,       47.428, 0.326,  0.280,  74,   0, 0
     5241,       47.459, 0.324,  0.164,  74,   0, 0
     5242,       47.466, 0.311, -0.820,  74,   0, 0
     5243,       47.472, 0.310, -0.836,  74,   0, 0
     5244,       47.479, 0.312, -0.690,  74,   0, 0
     5245,       47.485, 0.313, -0.599,  74,   0, 0
     5246,       47.492, 0.310, -0.809,  74,   0, 0
     5247,       47.498, 0.321,  0.002,  74,   0, 0
     5248,       47.503, 0.307, -0.996,  74,   0, 0
     5249,       47.510, 0.323,  0.114,  74,   0, 0
     5250,       47.516, 0.321, -0.006,  74,   0, 0
     5251,       47.545, 0.318, -0.245,  74,   0, 0
     5252,       47.552, 0.346,  1.800,  74,   0, 0
     5253,       47.557, 0.346,  1.760,  74,   0, 0
     5254,       47.563, 0.332,  0.751,  74,   0, 0
     5255,       47.569, 0.346,  1.708,  74,   0, 0
     5256,       47.576, 0.330,  0.574,  74,   0, 0
     5257,       47.585, 0.330,  0.564,  74,   0, 0
     5258,       47.591, 0.333,  0.766,  74,   0, 0
     5259,       47.597, 0.307, -1.084,  74,   0, 0
     5260,       47.603, 0.336,  0.969,  74,   0, 0
     5261,       47.633, 0.335,  0.850,  74,   0, 0
     5262,       47.640, 0.324,  0.094,  74,   0, 0
     5263,       47.647, 0.333,  0.725,  74,   0, 0
     5264,       47.652, 0.310, -0.944,  74,   0, 0
     5265,       47.658, 0.331,  0.552,  74,   0, 0
     5266,       47.664, 0.349,  1.810,  74,   0, 0
     5267,       47.672, 0.332,  0.590,  74,   0, 0
     5268,       47.677, 0.333,  0.669,  74,   0, 0
     5269,       47.684, 0.338,  1.000,  74,   0, 0
     5270,       47.692, 0.333,  0.642,  74,   0, 0
     5271,       47.723, 0.352,  1.901,  74,   0, 0
     5272,       47.731, 0.350,  1.719,  74,   0, 0
     5273,       47.739, 0.302, -1.565,  74,   0, 0
     5274,       47.748, 0.302, -1.551,  74,   0, 0
     5275,       47.762, 0.343,  1.224,  74,   0, 0
     5276,       47.774, 0.349,  1.613,  74,   0, 0
     5277,       47.787, 0.328,  0.231,  74,   0, 0
     5278,       47.798, 0.362,  2.480,  74,   0, 0
     5279,       47.808, 0.333,  0.506,  74,   0, 0
     5280,       47.815, 0.303, -1.468,  74,   0, 0
     5281,       47.845, 0.302, -1.538,  74,   0, 0
     5282,       47.853, 0.363,  2.454,  74,   0, 0
     5283,       47.861, 0.338,  0.751,  74,   0, 0
     5284,       47.868, 0.349,  1.453,  74,   0, 0
     5285,       47.874, 0.362,  2.255,  74,   0, 0
     5286,       47.879, 0.318, -0.540,  74,   0, 0
     5287,       47.886, 0.319, -0.480,  74,   0, 0
     5288,       47.892, 0.297, -1.854,  74,   0, 0
     5289,       47.898, 0.295, -1.908,  74,   0, 0
     5290,       47.903, 0.295, -1.881,  74,   0, 0
     5291,       47.931, 0.336,  0.618,  74,   0, 0
     5292,       47.937, 0.324, -0.111,  74,   0, 0
     5293,       47.942, 0.338,  0.702,  74,   0, 0
     5294,       47.948, 0.338,  0.703,  74,   0, 0
     5295,       47.954, 0.324, -0.123,  74,   0, 0
     5296,       47.961, 0.339,  0.790,  74,   0, 0
     5297,       47.969, 0.323, -0.210,  74,   0, 0
     5298,       47.977, 0.311, -0.933,  74,   0, 0
     5299,       47.984, 0.298, -1.660,  74,   0, 0
     5300,       47.990, 0.311, -0.896,  74,   0, 0
     5301,       48.018, 0.312, -0.807,  74,   0, 0
     5302,       48.025, 0.311, -0.882,  74,   0, 0
     5303,       48.031, 0.324, -0.058,  74,   0, 0
     5304,       48.036, 0.312, -0.788,  74,   0, 0
     5305,       48.043, 0.339,  0.838,  74,   0, 0
     5306,       48.049, 0.324, -0.051,  74,   0, 0
     5307,       48.055, 0.311, -0.864,  74,   0, 0
     5308,       48.060, 0.302, -1.388,  74,   0, 0
     5309,       48.067, 0.303, -1.294,  74,   0, 0
     5310,       48.073, 0.299, -1.540,  74,   0, 0
     5311,       48.103, 0.302, -1.320,  74,   0, 0
     5312,       48.110, 0.303, -1.235,  74,   0, 0
     5313,       48.119, 0.299, -1.476,  74,   0, 0
     5314,       48.125, 0.328,  0.361,  74,   0, 0
     5315,       48.131, 0.315, -0.468,  74,   0, 0
     5316,       48.137, 0.313, -0.619,  74,   0, 0
     5317,       48.144, 0.300, -1.376,  74,   0, 0
     5318,       48.151, 0.315, -0.446,  74,   0, 0
     5319,       48.156, 0.335,  0.781,  74,   0, 0
     5320,       48.163, 0.324,  0.065,  74,   0, 0
     5321,       48.191, 0.314, -0.536,  74,   0, 0
     5322,       48.198, 0.333,  0.614,  74,   0, 0
     5323,       48.203, 0.314, -0.542,  74,   0, 0
     5324,       48.209, 0.317, -0.363,  74,   0, 0
     5325,       48.218, 0.311, -0.768,  74,   0, 0
     5326,       48.224, 0.311, -0.768,  74,   0, 0
     5327,       48.232, 0.312, -0.683,  74,   0, 0
     5328,       48.239, 0.339,  1.052,  74,   0, 0
     5329,       48.246, 0.356,  2.109,  74,   0, 0
     5330,       48.252, 0.339,  1.031,  74,   0, 0
     5331,       48.281, 0.339,  1.033,  74,   0, 0
     5332,       48.286, 0.339,  1.032,  74,   0, 0
     5333,       48.292, 0.324,  0.100,  74,   0, 0
     5334,       48.298, 0.339,  1.036,  74,   0, 0
     5335,       48.304, 0.339,  1.029,  74,   0, 0
     5336,       48.311, 0.342,  1.203,  74,   0, 0
     5337,       48.317, 0.325,  0.157,  74,   0, 0
     5338,       48.323, 0.341,  1.119,  74,   0, 0
     5339,       48.329, 0.339,  1.001,  74,   0, 0
     5340,       48.349, 0.311, -0.788,  74,   0, 0
     5341,       48.378, 0.296, -1.663,  74,   0, 0
     5342,       48.384, 0.295, -1.721,  74,   0, 0
     5343,       48.392, 0.339,  1.001,  74,   0, 0
     5344,       48.398, 0.347,  1.449,  74,   0, 0
     5345,       48.404, 0.363,  2.415,  74,   0, 0
     5346,       48.410, 0.354,  1.757,  74,   0, 0
     5347,       48.416, 0.348,  1.386,  74,   0, 0
     5348,       48.423, 0.323, -0.091,  74,   0, 0
     5349,       48.429, 0.349,  1.407,  74,   0, 0
     5350,       48.435, 0.363,  2.236,  74,   0, 0
     5351,       48.464, 0.326,  0.035,  74,   0, 0
     5352,       48.470, 0.347,  1.242,  74,   0, 0
     5353,       48.477, 0.319, -0.380,  74,   0, 0
     5354,       48.484, 0.298, -1.578,  74,   0, 0
     5355,       48.490, 0.333,  0.417,  74,   0, 0
     5356,       48.496, 0.311, -0.838,  74,   0, 0
     5357,       48.502, 0.312, -0.752,  74,   0, 0
     5358,       48.508, 0.313, -0.670,  74,   0, 0
     5359,       48.514, 0.296, -1.648,  74,   0, 0
     5360,       48.521, 0.311, -0.808,  74,   0, 0
     5361,       48.549, 0.302, -1.297,  74,   0, 0
     5362,       48.555, 0.303, -1.197,  74,   0, 0
     5363,       48.561, 0.286, -2.130,  75,   1, 0
     5364,       48.572, 0.273, -2.794,  75,   2, 0
     5365,       48.584, 0.277, -2.511,  75,   3, 0
     5366,       48.598, 0.283, -2.121,  75,   4, 0
     5367,       48.610, 0.306, -0.887,  75,   0, 0
     5368,       48.617, 0.272, -2.635,  76,   1, 0
     5369,       48.629, 0.258, -3.213,  76,   2, 0
     5370,       48.641, 0.303, -0.923,  76,   0, 0
     5371,       48.669, 0.246, -3.639,  77,   1, 0
     5372,       48.680, 0.259, -2.833,  77,   2, 0
     5373,       48.691, 0.267, -2.379,  77,   3, 0
     5374,       48.702, 0.258, -2.698,  77,   4, 0
     5375,       48.714, 0.230, -3.772,  77,   5, 0
     5376,       48.725, 0.256, -2.509,  77,   6, 0
     5377,       48.737, 0.273, -1.743,  77,   0, 0
     5378,       48.743, 0.249, -2.638,  78,   1, 0
     5379,       48.756, 0.273, -1.650,  78,   0, 0
     5380,       48.762, 0.257, -2.198,  79,   1, 0
     5381,       48.796, 0.230, -3.135,  79,   2, 0
     5382,       48.808, 0.230, -2.996,  79,   3, 0
     5383,       48.820, 0.260, -1.850,  79,   0, 0
     5384,       48.827, 0.230, -2.784,  80,   1, 0
     5385,       48.838, 0.230, -2.683,  80,   2, 0
     5386,       48.850, 0.230, -2.603,  80,   3, 0
     5387,       48.860, 0.249, -1.921,  80,   0, 0
     5388,       48.868, 0.244, -2.030,  81,   1, 0
     5389,       48.878, 0.228, -2.458,  81,   2, 0
     5390,       48.891, 0.245, -1.889,  81,   0, 0
     5391,       48.920, 0.215, -2.698,  82,   1, 0
     5392,       48.932, 0.228, -2.243,  82,   2, 0
     5393,       48.943, 0.243, -1.749,  82,   0, 0
     5394,       48.950, 0.227, -2.157,  83,   1, 0
     5395,       48.961, 0.222, -2.242,  83,   2, 0
     5396,       48.972, 0.243, -1.612,  83,   0, 0
     5397,       48.978, 0.237, -1.753,  83,   0, 0
     5398,       48.984, 0.238, -1.688,  83,   0, 0
     5399,       48.990, 0.272, -0.780,  83,   0, 0
     5400,       48.996, 0.237, -1.662,  83,   0, 0
     5401,       49.024, 0.280, -0.534,  83,   0, 0
     5402,       49.030, 0.230, -1.821,  83,   0, 0
     5403,       49.037, 0.243, -1.432,  83,   0, 0
     5404,       49.045, 0.230, -1.761,  83,   0, 0
     5405,       49.051, 0.227, -1.784,  83,   0, 0
     5406,       49.057, 0.228, -1.740,  83,   0, 0
     5407,       49.062, 0.234, -1.539,  83,   0, 0
     5408,       49.068, 0.252, -1.063,  83,   0, 0
     5409,       49.074, 0.230, -1.609,  83,   0, 0
     5410,       49.080, 0.230, -1.579,  83,   0, 0
     5411,       49.108, 0.213, -1.948,  83,   0, 0
     5412,       49.114, 0.181, -2.675,  84,   1, 0
     5413,       49.125, 0.201, -2.119,  84,   2, 0
     5414,       49.135, 0.183, -2.478,  84,   3, 0
     5415,       49.147, 0.207, -1.842,  84,   0, 0
     5416,       49.153, 0.181, -2.391,  85,   1, 0
     5417,       49.165, 0.214, -1.605,  85,   0, 0
     5418,       49.171, 0.189, -2.120,  86,   1, 0
     5419,       49.182, 0.184, -2.165,  86,   2, 0
     5420,       49.193, 0.206, -1.645,  86,   0, 0
     5421,       49.221, 0.178, -2.177,  87,   1, 0
     5422,       49.232, 0.182, -2.051,  87,   2, 0
     5423,       49.243, 0.184, -1.947,  87,   0, 0
     5424,       49.248, 0.178, -2.022,  88,   1, 0
     5425,       49.259, 0.195, -1.639,  88,   0, 0
     5426,       49.266, 0.181, -1.887,  88,   0, 0
     5427,       49.273, 0.181, -1.834,  88,   0, 0
     5428,       49.280, 0.204, -1.354,  88,   0, 0
     5429,       49.286, 0.179, -1.810,  88,   0, 0
     5430,       49.292, 0.202, -1.323,  88,   0, 0
     5431,       49.320, 0.184, -1.652,  88,   0, 0
     5432,       49.327, 0.214, -1.058,  88,   0, 0
     5433,       49.333, 0.173, -1.791,  88,   0, 0
     5434,       49.340, 0.201, -1.245,  88,   0, 0
     5435,       49.346, 0.245, -0.418,  88,   0, 0
     5436,       49.353, 0.241, -0.476,  88,   0, 0
     5437,       49.359, 0.216, -0.931,  88,   0, 0
     5438,       49.365, 0.237, -0.540,  88,   0, 0
     5439,       49.371, 0.236, -0.540,  88,   0, 0
     5440,       49.377, 0.187, -1.425,  88,   0, 0
     5441,       49.412, 0.206, -1.053,  88,   0, 0
     5442,       49.421, 0.231, -0.575,  88,   0, 0
     5443,       49.430, 0.188, -1.365,  88,   0, 0
     5444,       49.437, 0.187, -1.355,  88,   0, 0
     5445,       49.445, 0.188, -1.322,  88,   0, 0
     5446,       49.452, 0.187, -1.307,  88,   0, 0
     5447,       49.460, 0.178, -1.448,  88,   0, 0
     5448,       49.468, 0.187, -1.259,  88,   0, 0
     5449,       49.475, 0.210, -0.814,  88,   0, 0
     5450,       49.483, 0.198, -1.028,  88,   0, 0
     5451,       49.513, 0.222, -0.571,  88,   0, 0
     5452,       49.520, 0.187, -1.211,  88,   0, 0
     5453,       49.529, 0.198, -0.983,  88,   0, 0
     5454,       49.537, 0.192, -1.083,  88,   0, 0
     5455,       49.544, 0.213, -0.672,  88,   0, 0
     5456,       49.551, 0.206, -0.784,  88,   0, 0
     5457,       49.559, 0.187, -1.148,  88,   0, 0
     5458,       49.566, 0.190, -1.064,  88,   0, 0
     5459,       49.572, 0.207, -0.729,  88,   0, 0
     5460,       49.579, 0.178, -1.289,  88,   0, 0
     5461,       49.610, 0.205, -0.731,  88,   0, 0
     5462,       49.617, 0.207, -0.682,  88,   0, 0
     5463,       49.622, 0.214, -0.526,  88,   0, 0
     5464,       49.628, 0.215, -0.492,  88,   0, 0
     5465,       49.634, 0.207, -0.637,  88,   0, 0
     5466,       49.641, 0.202, -0.749,  88,   0, 0
     5467,       49.649, 0.199, -0.808,  88,   0, 0
     5468,       49.654, 0.213, -0.471,  88,   0, 0
     5469,       49.660, 0.201, -0.734,  88,   0, 0
     5470,       49.666, 0.222, -0.235,  88,   0, 0
     5471,       49.695, 0.193, -0.932,  88,   0, 0
     5472,       49.701, 0.193, -0.925,  88,   0, 0
     5473,       49.707, 0.222, -0.177,  88,   0, 0
     5474,       49.713, 0.221, -0.164,  88,   0, 0
     5475,       49.719, 0.207, -0.544,  88,   0, 0
     5476,       49.725, 0.216, -0.267,  88,   0, 0
     5477,       49.731, 0.221, -0.106,  88,   0, 0
     5478,       49.738, 0.194, -0.897,  88,   0, 0
     5479,       49.743, 0.174, -1.484,  88,   0, 0
     5480,       49.751, 0.207, -0.451,  88,   0, 0
     5481,       49.782, 0.194, -0.869,  88,   0, 0
     5482,       49.788, 0.199, -0.706,  88,   0, 0
     5483,       49.794, 0.188, -1.049,  88,   0, 0
     5484,       49.801, 0.207, -0.407,  88,   0, 0
     5485,       49.807, 0.187, -1.053,  88,   0, 0
     5486,       49.812, 0.193, -0.850,  88,   0, 0
     5487,       49.818, 0.195, -0.755,  88,   0, 0
     5488,       49.824, 0.190, -0.925,  88,   0, 0
     5489,       49.830, 0.202, -0.507,  88,   0, 0
     5490,       49.835, 0.202, -0.494,  88,   0, 0
     5491,       49.865, 0.193, -0.822,  88,   0, 0
     5492,       49.871, 0.231,  0.665,  88,   0, 0
     5493,       49.876, 0.193, -0.815,  88,   0, 0
     5494,       49.883, 0.194, -0.764,  88,   0, 0
     5495,       49.891, 0.195, -0.693,  88,   0, 0
     5496,       49.898, 0.193, -0.772,  88,   0, 0
     5497,       49.905, 0.199, -0.501,  88,   0, 0
     5498,       49.912, 0.244,  1.414,  88,   0, 0
     5499,       49.918, 0.210, -0.007,  88,   0, 0
     5500,       49.924, 0.198, -0.522,  88,   0, 0
     5501,       49.952, 0.235,  1.137,  88,   0, 0
     5502,       49.960, 0.211,  0.072,  88,   0, 0
     5503,       49.968, 0.211,  0.079,  88,   0, 0
     5504,       49.976, 0.228,  0.853,  88,   0, 0
     5505,       49.986, 0.226,  0.768,  88,   0, 0
     5506,       49.993, 0.244,  1.592,  88,   0, 0
     5507,       50.002, 0.207, -0.079,  88,   0, 0
     5508,       50.011, 0.230,  0.980,  88,   0, 0
     5509,       50.019, 0.222,  0.614,  88,   0, 0
     5510,       50.025, 0.222,  0.617,  88,   0, 0
     5511,       50.052, 0.229,  0.945,  88,   0, 0
     5512,       50.058, 0.239,  1.393,  88,   0, 0
     5513,       50.065, 0.235,  1.214,  88,   0, 0
     5514,       50.071, 0.237,  1.308,  88,   0, 0
     5515,       50.077, 0.251,  1.964,  88,   0, 0
     5516,       50.083, 0.239,  1.352,  88,   0, 0
     5517,       50.090, 0.241,  1.494,  88,   0, 0
     5518,       50.095, 0.242,  1.530,  88,   0, 0
     5519,       50.102, 0.244,  1.591,  88,   0, 0
     5520,       50.108, 0.250,  1.945,  88,   0, 0
     5521,       50.137, 0.244,  1.630,  88,   0, 0
     5522,       50.145, 0.248,  1.882,  88,   0, 0
     5523,       50.153, 0.249,  1.911,  88,   0, 0
     5524,       50.159, 0.228,  0.935,  88,   0, 0
     5525,       50.165, 0.243,  1.641,  88,   0, 0
     5526,       50.171, 0.243,  1.622,  88,   0, 0
     5527,       50.178, 0.245,  1.693,  88,   0, 0
     5528,       50.184, 0.244,  1.623,  88,   0, 0
     5529,       50.191, 0.230,  0.958,  88,   0, 0
     5530,       50.198, 0.222,  0.605,  88,   0, 0
     5531,       50.225, 0.244,  1.643,  88,   0, 0
     5532,       50.231, 0.224,  0.676,  88,   0, 0
     5533,       50.237, 0.247,  1.743,  88,   0, 0
     5534,       50.244, 0.237,  1.236,  88,   0, 0
     5535,       50.251, 0.245,  1.602,  88,   0, 0
     5536,       50.260, 0.244,  1.518,  88,   0, 0
     5537,       50.268, 0.260,  2.211,  88,   0, 0
     5538,       50.275, 0.244,  1.445,  88,   0, 0
     5539,       50.281, 0.236,  1.062,  88,   0, 0
     5540,       50.286, 0.237,  1.072,  88,   0, 0
     5541,       50.314, 0.234,  0.950,  88,   0, 0
     5542,       50.320, 0.244,  1.372,  88,   0, 0
     5543,       50.326, 0.278,  2.875,  88,   0, 0
     5544,       50.332, 0.259,  1.942,  88,   0, 0
     5545,       50.338, 0.277,  2.647,  88,   0, 0
     5546,       50.344, 0.271,  2.313,  88,   0, 0
     5547,       50.350, 0.258,  1.737,  88,   0, 0
     5548,       50.356, 0.294,  3.192,  88,   0, 0
     5549,       50.362, 0.229,  0.423,  88,   0, 0
     5550,       50.368, 0.214, -0.189,  88,   0, 0
     5551,       50.398, 0.231,  0.504,  88,   0, 0
     5552,       50.406, 0.202, -0.710,  88,   0, 0
     5553,       50.413, 0.239,  0.806,  88,   0, 0
     5554,       50.420, 0.243,  0.987,  88,   0, 0
     5555,       50.428, 0.245,  1.037,  88,   0, 0
     5556,       50.436, 0.237,  0.692,  88,   0, 0
     5557,       50.442, 0.239,  0.794,  88,   0, 0
     5558,       50.448, 0.246,  1.064,  88,   0, 0
     5559,       50.454, 0.229,  0.386,  88,   0, 0
     5560,       50.461, 0.244,  0.987,  88,   0, 0
     5561,       50.491, 0.244,  0.971,  88,   0, 0
     5562,       50.497, 0.243,  0.926,  88,   0, 0
     5563,       50.503, 0.243,  0.919,  88,   0, 0
     5564,       50.509, 0.303,  3.363,  88,   0, 0
     5565,       50.517, 0.285,  2.496,  88,   0, 0
     5566,       50.526, 0.299,  2.959,  88,   0, 0
     5567,       50.532, 0.307,  3.152,  88,   0, 0
     5568,       50.537, 0.285,  2.192,  88,   0, 0
     5569,       50.543, 0.322,  3.495,  88,   0, 0
     5570,       50.550, 0.302,  2.607,  88,   0, 0
     5571,       50.577, 0.310,  2.793,  88,   0, 0
     5572,       50.584, 0.310,  2.684,  88,   0, 0
     5573,       50.589, 0.320,  2.918,  88,   0, 0
     5574,       50.595, 0.302,  2.232,  88,   0, 0
     5575,       50.601, 0.303,  2.215,  88,   0, 0
     5576,       50.607, 0.312,  2.400,  88,   0, 0
     5577,       50.614, 0.297,  1.899,  88,   0, 0
     5578,       50.619, 0.294,  1.774,  88,   0, 0
     5579,       50.625, 0.294,  1.739,  88,   0, 0
     5580,       50.632, 0.294,  1.701,  88,   0, 0
     5581,       50.662, 0.299,  1.818,  88,   0, 0
     5582,       50.669, 0.301,  1.817,  88,   0, 0
     5583,       50.675, 0.294,  1.595,  88,   0, 0
     5584,       50.682, 0.271,  0.907,  88,   0, 0
     5585,       50.687, 0.278,  1.101,  88,   0, 0
     5586,       50.693, 0.267,  0.768,  88,   0, 0
     5587,       50.700, 0.281,  1.153,  88,   0, 0
     5588,       50.705, 0.243,  0.056,  88,   0, 0
     5589,       50.712, 0.286,  1.265,  88,   0, 0
     5590,       50.718, 0.285,  1.203,  88,   0, 0
     5591,       50.746, 0.260,  0.499,  88,   0, 0
     5592,       50.752, 0.272,  0.805,  88,   0, 0
     5593,       50.758, 0.276,  0.929,  88,   0, 0
     5594,       50.763, 0.281,  1.056,  88,   0, 0
     5595,       50.769, 0.296,  1.444,  88,   0, 0
     5596,       50.778, 0.281,  1.014,  88,   0, 0
     5597,       50.785, 0.293,  1.319,  88,   0, 0
     5598,       50.792, 0.290,  1.220,  88,   0, 0
     5599,       50.798, 0.287,  1.126,  88,   0, 0
     5600,       50.804, 0.262,  0.392,  88,   0, 0
     5601,       50.832, 0.282,  0.964,  88,   0, 0
     5602,       50.838, 0.281,  0.917,  88,   0, 0
     5603,       50.844, 0.255,  0.150,  88,   0, 0
     5604,       50.850, 0.281,  0.900,  88,   0, 0
     5605,       50.857, 0.251, -0.001,  88,   0, 0
     5606,       50.864, 0.253,  0.037,  88,   0, 0
     5607,       50.870, 0.266,  0.412,  88,   0, 0
     5608,       50.876, 0.282,  0.882,  88,   0, 0
     5609,       50.882, 0.284,  0.951,  88,   0, 0
     5610,       50.888, 0.269,  0.450,  88,   0, 0
     5611,       50.917, 0.290,  1.114,  88,   0, 0
     5612,       50.925, 0.260,  0.146,  88,   0, 0
     5613,       50.931, 0.251, -0.175,  88,   0, 0
     5614,       50.937, 0.252, -0.150,  88,   0, 0
     5615,       50.943, 0.268,  0.356,  88,   0, 0
     5616,       50.950, 0.269,  0.382,  88,   0, 0
     5617,       50.956, 0.260,  0.069,  88,   0, 0
     5618,       50.962, 0.254, -0.180,  88,   0, 0
     5619,       50.968, 0.237, -0.777,  88,   0, 0
     5620,       50.974, 0.261,  0.071,  88,   0, 0
     5621,       51.002, 0.293,  1.205,  88,   0, 0
     5622,       51.008, 0.274,  0.513,  88,   0, 0
     5623,       51.015, 0.275,  0.523,  88,   0, 0
     5624,       51.021, 0.247, -0.522,  88,   0, 0
     5625,       51.026, 0.244, -0.644,  88,   0, 0
     5626,       51.035, 0.237, -0.932,  88,   0, 0
     5627,       51.042, 0.271,  0.368,  88,   0, 0
     5628,       51.049, 0.306,  1.663,  88,   0, 0
     5629,       51.054, 0.286,  0.869,  88,   0, 0
     5630,       51.060, 0.294,  1.161,  88,   0, 0
     5631,       51.088, 0.306,  1.607,  88,   0, 0
     5632,       51.094, 0.297,  1.256,  88,   0, 0
     5633,       51.100, 0.307,  1.594,  88,   0, 0
     5634,       51.106, 0.306,  1.554,  88,   0, 0
     5635,       51.112, 0.306,  1.525,  88,   0, 0
     5636,       51.118, 0.295,  1.068,  88,   0, 0
     5637,       51.123, 0.306,  1.477,  88,   0, 0
     5638,       51.129, 0.305,  1.395,  88,   0, 0
     5639,       51.135, 0.306,  1.424,  88,   0, 0
     5640,       51.141, 0.291,  0.838,  88,   0, 0
     5641,       51.170, 0.306,  1.356,  88,   0, 0
     5642,       51.178, 0.306,  1.360,  88,   0, 0
     5643,       51.184, 0.308,  1.388,  88,   0, 0
     5644,       51.190, 0.304,  1.230,  88,   0, 0
     5645,       51.196, 0.306,  1.292,  88,   0, 0
     5646,       51.202, 0.292,  0.734,  88,   0, 0
     5647,       51.209, 0.291,  0.705,  88,   0, 0
     5648,       51.215, 0.305,  1.193,  88,   0, 0
     5649,       51.221, 0.291,  0.673,  88,   0, 0
     5650,       51.226, 0.292,  0.676,  88,   0, 0
     5651,       51.255, 0.261, -0.468,  88,   0, 0
     5652,       51.260, 0.265, -0.327,  88,   0, 0
     5653,       51.266, 0.237, -1.424,  88,   0, 0
     5654,       51.272, 0.182, -3.519,  89,   1, 0
     5655,       51.283, 0.181, -3.390,  89,   2, 0
     5656,       51.295, 0.184, -3.116,  89,   3, 0
     5657,       51.307, 0.184, -2.993,  89,   4, 0
     5658,       51.319, 0.244, -0.933,  89,   0, 0
     5659,       51.325, 0.291,  0.620,  89,   0, 0
     5660,       51.332, 0.253, -0.655,  89,   0, 0
     5661,       51.360, 0.261, -0.374,  89,   0, 0
     5662,       51.367, 0.253, -0.674,  89,   0, 0
     5663,       51.372, 0.275,  0.066,  89,   0, 0
     5664,       51.378, 0.305,  1.055,  89,   0, 0
     5665,       51.384, 0.284,  0.343,  89,   0, 0
     5666,       51.391, 0.269, -0.162,  89,   0, 0
     5667,       51.398, 0.290,  0.552,  89,   0, 0
     5668,       51.406, 0.276,  0.072,  89,   0, 0
     5669,       51.412, 0.290,  0.535,  89,   0, 0
     5670,       51.418, 0.275,  0.040,  89,   0, 0
     5671,       51.446, 0.268, -0.232,  89,   0, 0
     5672,       51.452, 0.283,  0.273,  89,   0, 0
     5673,       51.458, 0.276, -0.002,  89,   0, 0
     5674,       51.464, 0.283,  0.248,  89,   0, 0
     5675,       51.471, 0.270, -0.223,  89,   0, 0
     5676,       51.478, 0.269, -0.265,  89,   0, 0
     5677,       51.484, 0.283,  0.223,  89,   0, 0
     5678,       51.489, 0.283,  0.212,  89,   0, 0
     5679,       51.495, 0.268, -0.351,  89,   0, 0
     5680,       51.501, 0.283,  0.192,  89,   0, 0
     5681,       51.530, 0.268, -0.382,  89,   0, 0
     5682,       51.536, 0.260, -0.684,  89,   0, 0
     5683,       51.542, 0.244, -1.309,  89,   0, 0
     5684,       51.548, 0.275, -0.115,  89,   0, 0
     5685,       51.554, 0.267, -0.431,  89,   0, 0
     5686,       51.561, 0.283,  0.186,  89,   0, 0
     5687,       51.567, 0.268, -0.381,  89,   0, 0
     5688,       51.572, 0.272, -0.199,  89,   0, 0
     5689,       51.578, 0.273, -0.166,  89,   0, 0
     5690,       51.584, 0.259, -0.675,  89,   0, 0
     5691,       51.613, 0.297,  0.777,  89,   0, 0
     5692,       51.618, 0.268, -0.340,  89,   0, 0
     5693,       51.624, 0.273, -0.117,  89,   0, 0
     5694,       51.630, 0.272, -0.138,  89,   0, 0
     5695,       51.636, 0.271, -0.186,  89,   0, 0
     5696,       51.642, 0.256, -0.759,  89,   0, 0
     5697,       51.649, 0.270, -0.189,  89,   0, 0
     5698,       51.655, 0.288,  0.535,  89,   0, 0
     5699,       51.662, 0.272, -0.114,  89,   0, 0
     5700,       51.670, 0.305,  1.236,  89,   0, 0
     5701,       51.699, 0.298,  0.956,  89,   0, 0
     5702,       51.706, 0.309,  1.400,  89,   0, 0
     5703,       51.712, 0.306,  1.280,  89,   0, 0
     5704,       51.717, 0.306,  1.271,  89,   0, 0
     5705,       51.723, 0.308,  1.309,  89,   0, 0
     5706,       51.728, 0.313,  1.485,  89,   0, 0
     5707,       51.735, 0.306,  1.207,  89,   0, 0
     5708,       51.741, 0.303,  1.073,  89,   0, 0
     5709,       51.747, 0.294,  0.705,  89,   0, 0
     5710,       51.753, 0.296,  0.773,  89,   0, 0
     5711,       51.781, 0.305,  1.108,  89,   0, 0
     5712,       51.787, 0.313,  1.392,  89,   0, 0
     5713,       51.793, 0.306,  1.124,  89,   0, 0
     5714,       51.800, 0.307,  1.144,  89,   0, 0
     5715,       51.807, 0.298,  0.766,  89,   0, 0
     5716,       51.813, 0.298,  0.765,  89,   0, 0
     5717,       51.822, 0.287,  0.346,  89,   0, 0
     5718,       51.832, 0.309,  1.186,  89,   0, 0
     5719,       51.839, 0.296,  0.677,  89,   0, 0
     5720,       51.849, 0.296,  0.699,  89,   0, 0
     5721,       51.898, 0.294,  0.608,  89,   0, 0
     5722,       51.910, 0.296,  0.658,  89,   0, 0
     5723,       51.919, 0.307,  1.085,  89,   0, 0
     5724,       51.926, 0.305,  0.978,  89,   0, 0
     5725,       51.934, 0.282,  0.098,  89,   0, 0
     5726,       51.940, 0.269, -0.384,  89,   0, 0
     5727,       51.947, 0.320,  1.535,  89,   0, 0
     5728,       51.954, 0.303,  0.875,  89,   0, 0
     5729,       51.960, 0.295,  0.568,  89,   0, 0
     5730,       51.969, 0.305,  0.918,  89,   0, 0
     5731,       52.000, 0.306,  0.962,  89,   0, 0
     5732,       52.006, 0.305,  0.906,  89,   0, 0
     5733,       52.015, 0.297,  0.600,  89,   0, 0
     5734,       52.024, 0.303,  0.789,  89,   0, 0
     5735,       52.031, 0.301,  0.707,  89,   0, 0
     5736,       52.038, 0.297,  0.548,  89,   0, 0
     5737,       52.044, 0.306,  0.866,  89,   0, 0
     5738,       52.053, 0.307,  0.906,  89,   0, 0
     5739,       52.059, 0.336,  1.959,  89,   0, 0
     5740,       52.066, 0.326,  1.547,  89,   0, 0
     5741,       52.095, 0.313,  1.066,  89,   0, 0
     5742,       52.103, 0.327,  1.567,  89,   0, 0
     5743,       52.109, 0.303,  0.648,  89,   0, 0
     5744,       52.116, 0.280, -0.188,  89,   0, 0
     5745,       52.122, 0.283, -0.097,  89,   0, 0
     5746,       52.129, 0.289,  0.124,  89,   0, 0
     5747,       52.139, 0.306,  0.723,  89,   0, 0
     5748,       52.145, 0.274, -0.461,  89,   0, 0
     5749,       52.152, 0.266, -0.760,  89,   0, 0
     5750,       52.158, 0.290,  0.128,  89,   0, 0
     5751,       52.186, 0.259, -1.022,  89,   0, 0
     5752,       52.192, 0.236, -1.852,  89,   0, 0
     5753,       52.198, 0.243, -1.541,  89,   0, 0
     5754,       52.203, 0.276, -0.305,  89,   0, 0
     5755,       52.209, 0.289,  0.151,  89,   0, 0
     5756,       52.215, 0.254, -1.116,  89,   0, 0
     5757,       52.221, 0.282, -0.066,  89,   0, 0
     5758,       52.227, 0.239, -1.660,  89,   0, 0
     5759,       52.233, 0.235, -1.757,  89,   0, 0
     5760,       52.239, 0.249, -1.215,  89,   0, 0
     5761,       52.271, 0.249, -1.195,  89,   0, 0
     5762,       52.279, 0.265, -0.589,  89,   0, 0
     5763,       52.285, 0.269, -0.462,  89,   0, 0
     5764,       52.291, 0.238, -1.551,  89,   0, 0
     5765,       52.298, 0.240, -1.456,  89,   0, 0
     5766,       52.303, 0.238, -1.493,  89,   0, 0
     5767,       52.309, 0.245, -1.208,  89,   0, 0
     5768,       52.315, 0.272, -0.235,  89,   0, 0
     5769,       52.322, 0.280,  0.051,  89,   0, 0
     5770,       52.327, 0.267, -0.415,  89,   0, 0
     5771,       52.356, 0.257, -0.756,  89,   0, 0
     5772,       52.361, 0.258, -0.730,  89,   0, 0
     5773,       52.367, 0.245, -1.167,  89,   0, 0
     5774,       52.373, 0.247, -1.110,  89,   0, 0
     5775,       52.379, 0.243, -1.314,  89,   0, 0
     5776,       52.389, 0.274, -0.218,  89,   0, 0
     5777,       52.395, 0.261, -0.782,  89,   0, 0
     5778,       52.402, 0.246, -1.542,  89,   0, 0
     5779,       52.408, 0.276, -0.240,  89,   0, 0
     5780,       52.414, 0.244, -1.619,  89,   0, 0
     5781,       52.443, 0.243, -1.641,  89,   0, 0
     5782,       52.448, 0.241, -1.704,  89,   0, 0
     5783,       52.455, 0.243, -1.608,  89,   0, 0
     5784,       52.461, 0.243, -1.580,  89,   0, 0
     5785,       52.468, 0.274, -0.248,  89,   0, 0
     5786,       52.474, 0.274, -0.245,  89,   0, 0
     5787,       52.480, 0.274, -0.247,  89,   0, 0
     5788,       52.487, 0.274, -0.241,  89,   0, 0
     5789,       52.493, 0.274, -0.241,  89,   0, 0
     5790,       52.502, 0.288,  0.362,  89,   0, 0
     5791,       52.535, 0.288,  0.358,  89,   0, 0
     5792,       52.542, 0.284,  0.185,  89,   0, 0
     5793,       52.550, 0.262, -0.745,  89,   0, 0
     5794,       52.556, 0.280,  0.028,  89,   0, 0
     5795,       52.562, 0.288,  0.373,  89,   0, 0
     5796,       52.569, 0.263, -0.720,  89,   0, 0
     5797,       52.575, 0.290,  0.449,  89,   0, 0
     5798,       52.584, 0.250, -1.267,  89,   0, 0
     5799,       52.590, 0.288,  0.357,  89,   0, 0
     5800,       52.596, 0.305,  1.053,  89,   0, 0
     5801,       52.625, 0.267, -0.562,  89,   0, 0
     5802,       52.633, 0.293,  0.542,  89,   0, 0
     5803,       52.639, 0.275, -0.219,  89,   0, 0
     5804,       52.645, 0.268, -0.549,  89,   0, 0
     5805,       52.655, 0.274, -0.270,  89,   0, 0
     5806,       52.663, 0.278, -0.096,  89,   0, 0
     5807,       52.670, 0.267, -0.588,  89,   0, 0
     5808,       52.676, 0.282,  0.060,  89,   0, 0
     5809,       52.684, 0.272, -0.350,  89,   0, 0
     5810,       52.690, 0.270, -0.440,  89,   0, 0
     5811,       52.720, 0.243, -1.579,  89,   0, 0
     5812,       52.726, 0.272, -0.361,  89,   0, 0
     5813,       52.734, 0.253, -1.161,  89,   0, 0
     5814,       52.740, 0.245, -1.457,  89,   0, 0
     5815,       52.746, 0.283,  0.124,  89,   0, 0
     5816,       52.753, 0.306,  1.101,  89,   0, 0
     5817,       52.759, 0.281,  0.036,  89,   0, 0
     5818,       52.767, 0.251, -1.203,  89,   0, 0
     5819,       52.775, 0.253, -1.136,  89,   0, 0
     5820,       52.783, 0.253, -1.093,  89,   0, 0
     5821,       52.813, 0.265, -0.596,  89,   0, 0
     5822,       52.819, 0.250, -1.223,  89,   0, 0
     5823,       52.825, 0.255, -0.994,  89,   0, 0
     5824,       52.831, 0.260, -0.775,  89,   0, 0
     5825,       52.837, 0.265, -0.550,  89,   0, 0
     5826,       52.843, 0.251, -1.116,  89,   0, 0
     5827,       52.849, 0.281,  0.183,  89,   0, 0
     5828,       52.855, 0.278,  0.035,  89,   0, 0
     5829,       52.860, 0.266, -0.438,  89,   0, 0
     5830,       52.867, 0.284,  0.324,  89,   0, 0
     5831,       52.895, 0.298,  0.912,  89,   0, 0
     5832,       52.903, 0.298,  0.910,  89,   0, 0
     5833,       52.910, 0.244, -1.371,  89,   0, 0
     5834,       52.916, 0.243, -1.379,  89,   0, 0
     5835,       52.922, 0.252, -0.987,  89,   0, 0
     5836,       52.928, 0.239, -1.537,  89,   0, 0
     5837,       52.934, 0.275,  0.034,  89,   0, 0
     5838,       52.940, 0.305,  1.311,  89,   0, 0
     5839,       52.945, 0.275,  0.039,  89,   0, 0
     5840,       52.952, 0.273, -0.019,  89,   0, 0
     5841,       52.980, 0.282,  0.368,  89,   0, 0
     5842,       52.986, 0.274,  0.037,  89,   0, 0
     5843,       52.992, 0.259, -0.606,  89,   0, 0
     5844,       52.998, 0.268, -0.202,  89,   0, 0
     5845,       53.003, 0.261, -0.496,  89,   0, 0
     5846,       53.009, 0.246, -1.176,  89,   0, 0
     5847,       53.017, 0.248, -1.077,  89,   0, 0
     5848,       53.023, 0.273,  0.075,  89,   0, 0
     5849,       53.030, 0.246, -1.149,  89,   0, 0
     5850,       53.036, 0.246, -1.125,  89,   0, 0
     5851,       53.065, 0.242, -1.276,  89,   0, 0
     5852,       53.071, 0.244, -1.176,  89,   0, 0
     5853,       53.077, 0.235, -1.573,  89,   0, 0
     5854,       53.084, 0.242, -1.213,  89,   0, 0
     5855,       53.090, 0.250, -0.862,  89,   0, 0
     5856,       53.096, 0.265, -0.135,  89,   0, 0
     5857,       53.102, 0.288,  0.934,  89,   0, 0
     5858,       53.109, 0.260, -0.374,  89,   0, 0
     5859,       53.115, 0.268,  0.012,  89,   0, 0
     5860,       53.121, 0.287,  1.010,  89,   0, 0
     5861,       53.150, 0.288,  1.106,  89,   0, 0
     5862,       53.156, 0.306,  2.053,  89,   0, 0
     5863,       53.165, 0.251, -0.777,  89,   0, 0
     5864,       53.171, 0.239, -1.461,  89,   0, 0
     5865,       53.177, 0.276,  0.568,  89,   0, 0
     5866,       53.183, 0.297,  1.727,  89,   0, 0
     5867,       53.189, 0.262, -0.168,  89,   0, 0
     5868,       53.196, 0.282,  0.948,  89,   0, 0
     5869,       53.202, 0.282,  0.942,  89,   0, 0
     5870,       53.207, 0.326,  3.291,  89,   0, 0
     5871,       53.235, 0.262, -0.171,  89,   0, 0
     5872,       53.242, 0.259, -0.349,  89,   0, 0
     5873,       53.248, 0.292,  1.378,  89,   0, 0
     5874,       53.253, 0.306,  2.096,  89,   0, 0
     5875,       53.259, 0.307,  2.129,  89,   0, 0
     5876,       53.265, 0.295,  1.471,  89,   0, 0
     5877,       53.273, 0.295,  1.456,  89,   0, 0
     5878,       53.282, 0.257, -0.502,  89,   0, 0
     5879,       53.288, 0.276,  0.447,  89,   0, 0
     5880,       53.294, 0.292,  1.249,  89,   0, 0
     5881,       53.323, 0.289,  1.076,  89,   0, 0
     5882,       53.328, 0.304,  1.858,  89,   0, 0
     5883,       53.335, 0.253, -0.756,  89,   0, 0
     5884,       53.340, 0.289,  1.031,  89,   0, 0
     5885,       53.346, 0.246, -1.151,  89,   0, 0
     5886,       53.352, 0.244, -1.255,  89,   0, 0
     5887,       53.358, 0.250, -0.981,  89,   0, 0
     5888,       53.364, 0.277,  0.423,  89,   0, 0
     5889,       53.370, 0.283,  0.710,  89,   0, 0
     5890,       53.376, 0.275,  0.303,  89,   0, 0
     5891,       53.406, 0.263, -0.302,  89,   0, 0
     5892,       53.414, 0.300,  1.607,  89,   0, 0
     5893,       53.424, 0.266, -0.149,  89,   0, 0
     5894,       53.431, 0.277,  0.393,  89,   0, 0
     5895,       53.439, 0.284,  0.759,  89,   0, 0
     5896,       53.444, 0.299,  1.492,  89,   0, 0
     5897,       53.452, 0.284,  0.728,  89,   0, 0
     5898,       53.458, 0.244, -1.342,  89,   0, 0
     5899,       53.466, 0.283,  0.625,  89,   0, 0
     5900,       53.473, 0.314,  2.199,  89,   0, 0
     5901,       53.503, 0.305,  1.713,  89,   0, 0
     5902,       53.509, 0.315,  2.182,  89,   0, 0
     5903,       53.517, 0.302,  1.474,  89,   0, 0
     5904,       53.523, 0.314,  2.034,  89,   0, 0
     5905,       53.529, 0.323,  2.466,  89,   0, 0
     5906,       53.540, 0.304,  1.440,  89,   0, 0
     5907,       53.547, 0.297,  1.090,  89,   0, 0
     5908,       53.554, 0.336,  2.949,  89,   0, 0
     5909,       53.561, 0.303,  1.317,  89,   0, 0
     5910,       53.569, 0.338,  2.872,  89,   0, 0
     5911,       53.600, 0.326,  2.230,  89,   0, 0
     5912,       53.606, 0.311,  1.529,  89,   0, 0
     5913,       53.612, 0.303,  1.180,  89,   0, 0
     5914,       53.618, 0.311,  1.474,  89,   0, 0
     5915,       53.624, 0.305,  1.212,  89,   0, 0
     5916,       53.630, 0.318,  1.727,  89,   0, 0
     5917,       53.637, 0.295,  0.759,  89,   0, 0
     5918,       53.642, 0.303,  1.095,  89,   0, 0
     5919,       53.649, 0.304,  1.087,  89,   0, 0
     5920,       53.657, 0.282,  0.167,  89,   0, 0
     5921,       53.686, 0.309,  1.321,  89,   0, 0
     5922,       53.692, 0.309,  1.298,  89,   0, 0
     5923,       53.698, 0.282,  0.154,  89,   0, 0
     5924,       53.704, 0.302,  0.982,  89,   0, 0
     5925,       53.709, 0.293,  0.598,  89,   0, 0
     5926,       53.716, 0.294,  0.635,  89,   0, 0
     5927,       53.722, 0.281,  0.116,  89,   0, 0
     5928,       53.728, 0.280,  0.048,  89,   0, 0
     5929,       53.735, 0.281,  0.111,  89,   0, 0
     5930,       53.740, 0.281,  0.108,  89,   0, 0
     5931,       53.769, 0.274, -0.197,  89,   0, 0
     5932,       53.774, 0.250, -1.182,  89,   0, 0
     5933,       53.780, 0.290,  0.469,  89,   0, 0
     5934,       53.786, 0.276, -0.145,  89,   0, 0
     5935,       53.792, 0.289,  0.394,  89,   0, 0
     5936,       53.799, 0.259, -0.853,  89,   0, 0
     5937,       53.805, 0.236, -1.804,  89,   0, 0
     5938,       53.812, 0.239, -1.615,  89,   0, 0
     5939,       53.819, 0.271, -0.325,  89,   0, 0
     5940,       53.825, 0.260, -0.757,  89,   0, 0
     5941,       53.852, 0.287,  0.351,  89,   0, 0
     5942,       53.858, 0.258, -0.856,  89,   0, 0
     5943,       53.866, 0.273, -0.236,  89,   0, 0
     5944,       53.871, 0.277, -0.108,  89,   0, 0
     5945,       53.877, 0.292,  0.532,  89,   0, 0
     5946,       53.883, 0.291,  0.462,  89,   0, 0
     5947,       53.889, 0.291,  0.447,  89,   0, 0
     5948,       53.896, 0.273, -0.278,  89,   0, 0
     5949,       53.903, 0.242, -1.582,  89,   0, 0
     5950,       53.909, 0.280, -0.003,  89,   0, 0
     5951,       53.943, 0.246, -1.409,  89,   0, 0
     5952,       53.954, 0.291,  0.481,  89,   0, 0
     5953,       53.965, 0.272, -0.282,  89,   0, 0
     5954,       53.976, 0.257, -0.934,  89,   0, 0
     5955,       53.998, 0.276, -0.155,  89,   0, 0
     5956,       54.007, 0.276, -0.158,  89,   0, 0
     5957,       54.015, 0.294,  0.578,  89,   0, 0
     5958,       54.023, 0.242, -1.624,  89,   0, 0
     5959,       54.029, 0.257, -0.970,  89,   0, 0
     5960,       54.038, 0.257, -0.956,  89,   0, 0
     5961,       54.069, 0.295,  0.635,  89,   0, 0
     5962,       54.075, 0.259, -0.857,  89,   0, 0
     5963,       54.082, 0.257, -0.941,  89,   0, 0
     5964,       54.088, 0.259, -0.867,  89,   0, 0
     5965,       54.095, 0.246, -1.401,  89,   0, 0
     5966,       54.107, 0.276, -0.137,  89,   0, 0
     5967,       54.122, 0.242, -1.560,  89,   0, 0
     5968,       54.132, 0.246, -1.403,  89,   0, 0
     5969,       54.139, 0.296,  0.686,  89,   0, 0
     5970,       54.144, 0.268, -0.481,  89,   0, 0
     5971,       54.173, 0.236, -1.851,  89,   0, 0
     5972,       54.178, 0.251, -1.205,  89,   0, 0
     5973,       54.184, 0.239, -1.707,  89,   0, 0
     5974,       54.189, 0.251, -1.201,  89,   0, 0
     5975,       54.196, 0.253, -1.130,  89,   0, 0
     5976,       54.202, 0.236, -1.872,  89,   0, 0
     5977,       54.208, 0.236, -1.838,  89,   0, 0
     5978,       54.214, 0.236, -1.796,  89,   0, 0
     5979,       54.219, 0.283,  0.149,  89,   0, 0
     5980,       54.225, 0.281,  0.088,  89,   0, 0
     5981,       54.254, 0.280,  0.027,  89,   0, 0
     5982,       54.262, 0.250, -1.169,  89,   0, 0
     5983,       54.268, 0.261, -0.736,  89,   0, 0
     5984,       54.274, 0.272, -0.256,  89,   0, 0
     5985,       54.280, 0.296,  0.709,  89,   0, 0
     5986,       54.287, 0.271, -0.346,  89,   0, 0
     5987,       54.293, 0.239, -1.674,  89,   0, 0
     5988,       54.299, 0.297,  0.747,  89,   0, 0
     5989,       54.305, 0.290,  0.460,  89,   0, 0
     5990,       54.311, 0.316,  1.522,  89,   0, 0
     5991,       54.338, 0.294,  0.605,  89,   0, 0
     5992,       54.344, 0.297,  0.714,  89,   0, 0
     5993,       54.351, 0.291,  0.478,  89,   0, 0
     5994,       54.357, 0.279, -0.022,  89,   0, 0
     5995,       54.364, 0.293,  0.563,  89,   0, 0
     5996,       54.369, 0.285,  0.233,  89,   0, 0
     5997,       54.376, 0.286,  0.297,  89,   0, 0
     5998,       54.384, 0.295,  0.679,  89,   0, 0
     5999,       54.390, 0.274, -0.219,  89,   0, 0
     6000,       54.397, 0.286,  0.289,  89,   0, 0
     6001,       54.425, 0.305,  1.073,  89,   0, 0
     6002,       54.431, 0.294,  0.622,  89,   0, 0
     6003,       54.437, 0.265, -0.597,  89,   0, 0
     6004,       54.442, 0.257, -0.936,  89,   0, 0
     6005,       54.448, 0.271, -0.344,  89,   0, 0
     6006,       54.468, 0.274, -0.211,  89,   0, 0
     6007,       54.474, 0.215, -2.723,  90,   1, 0
     6008,       54.485, 0.232, -1.953,  90,   0, 0
     6009,       54.491, 0.227, -2.125,  91,   1, 0
     6010,       54.503, 0.244, -1.371,  91,   0, 0
     6011,       54.532, 0.202, -3.034,  92,   1, 0
     6012,       54.543, 0.220, -2.205,  92,   2, 0
     6013,       54.555, 0.229, -1.827,  92,   0, 0
     6014,       54.561, 0.213, -2.366,  93,   1, 0
     6015,       54.574, 0.230, -1.693,  93,   0, 0
     6016,       54.581, 0.226, -1.791,  93,   0, 0
     6017,       54.587, 0.229, -1.639,  93,   0, 0
     6018,       54.592, 0.228, -1.631,  93,   0, 0
     6019,       54.598, 0.233, -1.452,  93,   0, 0
     6020,       54.604, 0.241, -1.134,  93,   0, 0
     6021,       54.633, 0.243, -1.053,  93,   0, 0
     6022,       54.638, 0.226, -1.640,  93,   0, 0
     6023,       54.645, 0.259, -0.445,  93,   0, 0
     6024,       54.650, 0.274,  0.091,  93,   0, 0
     6025,       54.656, 0.285,  0.467,  93,   0, 0
     6026,       54.662, 0.260, -0.396,  93,   0, 0
     6027,       54.668, 0.259, -0.410,  93,   0, 0
     6028,       54.674, 0.274,  0.113,  93,   0, 0
     6029,       54.680, 0.290,  0.739,  93,   0, 0
     6030,       54.685, 0.306,  1.348,  93,   0, 0
     6031,       54.714, 0.290,  0.771,  93,   0, 0
     6032,       54.720, 0.291,  0.825,  93,   0, 0
     6033,       54.726, 0.305,  1.378,  93,   0, 0
     6034,       54.733, 0.284,  0.584,  93,   0, 0
     6035,       54.738, 0.284,  0.598,  93,   0, 0
     6036,       54.744, 0.315,  1.808,  93,   0, 0
     6037,       54.752, 0.274,  0.206,  93,   0, 0
     6038,       54.760, 0.278,  0.357,  93,   0, 0
     6039,       54.767, 0.291,  0.895,  93,   0, 0
     6040,       54.772, 0.294,  1.012,  93,   0, 0
     6041,       54.801, 0.283,  0.571,  93,   0, 0
     6042,       54.807, 0.255, -0.514,  93,   0, 0
     6043,       54.813, 0.256, -0.468,  93,   0, 0
     6044,       54.820, 0.263, -0.186,  93,   0, 0
     6045,       54.826, 0.276,  0.379,  93,   0, 0
     6046,       54.832, 0.292,  1.015,  93,   0, 0
     6047,       54.838, 0.246, -0.872,  93,   0, 0
     6048,       54.844, 0.259, -0.328,  93,   0, 0
     6049,       54.850, 0.262, -0.183,  93,   0, 0
     6050,       54.856, 0.260, -0.251,  93,   0, 0
     6051,       54.884, 0.261, -0.199,  93,   0, 0
     6052,       54.891, 0.276,  0.414,  93,   0, 0
     6053,       54.900, 0.255, -0.452,  93,   0, 0
     6054,       54.905, 0.269,  0.140,  93,   0, 0
     6055,       54.911, 0.262, -0.163,  93,   0, 0
     6056,       54.918, 0.283,  0.734,  93,   0, 0
     6057,       54.923, 0.282,  0.690,  93,   0, 0
     6058,       54.929, 0.273,  0.299,  93,   0, 0
     6059,       54.935, 0.260, -0.291,  93,   0, 0
     6060,       54.941, 0.259, -0.338,  93,   0, 0
     6061,       54.969, 0.254, -0.515,  93,   0, 0
     6062,       54.974, 0.276,  0.416,  93,   0, 0
     6063,       54.980, 0.266, -0.017,  93,   0, 0
     6064,       54.986, 0.268,  0.088,  93,   0, 0
     6065,       54.992, 0.244, -0.936,  93,   0, 0
     6066,       54.999, 0.276,  0.422,  93,   0, 0
     6067,       55.005, 0.259, -0.295,  93,   0, 0
     6068,       55.014, 0.282,  0.698,  93,   0, 0
     6069,       55.020, 0.266,  0.019,  93,   0, 0
     6070,       55.027, 0.266,  0.010,  93,   0, 0
     6071,       55.055, 0.290,  1.037,  93,   0, 0
     6072,       55.062, 0.282,  0.678,  93,   0, 0
     6073,       55.067, 0.276,  0.421,  93,   0, 0
     6074,       55.073, 0.239, -1.177,  93,   0, 0
     6075,       55.080, 0.178, -3.741,  94,   1, 0
     6076,       55.091, 0.152, -4.588,  94,   2, 0
     6077,       55.104, 0.172, -3.438,  94,   3, 0
     6078,       55.115, 0.176, -3.130,  94,   4, 0
     6079,       55.128, 0.230, -1.106,  94,   0, 0
     6080,       55.136, 0.245, -0.572,  94,   0, 0
     6081,       55.165, 0.237, -0.870,  94,   0, 0
     6082,       55.170, 0.292,  1.034,  94,   0, 0
     6083,       55.176, 0.230, -1.085,  94,   0, 0
     6084,       55.183, 0.277,  0.516,  94,   0, 0
     6085,       55.189, 0.268,  0.196,  94,   0, 0
     6086,       55.194, 0.294,  1.088,  94,   0, 0
     6087,       55.200, 0.288,  0.892,  94,   0, 0
     6088,       55.206, 0.290,  0.927,  94,   0, 0
     6089,       55.212, 0.288,  0.864,  94,   0, 0
     6090,       55.218, 0.294,  1.045,  94,   0, 0
     6091,       55.246, 0.304,  1.391,  94,   0, 0
     6092,       55.253, 0.295,  1.058,  94,   0, 0
     6093,       55.259, 0.307,  1.452,  94,   0, 0
     6094,       55.266, 0.306,  1.373,  94,   0, 0
     6095,       55.272, 0.304,  1.297,  94,   0, 0
     6096,       55.279, 0.303,  1.228,  94,   0, 0
     6097,       55.285, 0.294,  0.907,  94,   0, 0
     6098,       55.291, 0.285,  0.625,  94,   0, 0
     6099,       55.297, 0.315,  1.579,  94,   0, 0
     6100,       55.303, 0.296,  0.934,  94,   0, 0
     6101,       55.333, 0.296,  0.950,  94,   0, 0
     6102,       55.339, 0.294,  0.873,  94,   0, 0
     6103,       55.344, 0.295,  0.882,  94,   0, 0
     6104,       55.351, 0.280,  0.399,  94,   0, 0
     6105,       55.356, 0.280,  0.397,  94,   0, 0
     6106,       55.363, 0.291,  0.750,  94,   0, 0
     6107,       55.369, 0.296,  0.892,  94,   0, 0
     6108,       55.376, 0.280,  0.356,  94,   0, 0
     6109,       55.383, 0.297,  0.931,  94,   0, 0
     6110,       55.391, 0.268, -0.021,  94,   0, 0
     6111,       55.419, 0.305,  1.202,  94,   0, 0
     6112,       55.424, 0.296,  0.919,  94,   0, 0
     6113,       55.431, 0.284,  0.502,  94,   0, 0
     6114,       55.437, 0.296,  0.922,  94,   0, 0
     6115,       55.443, 0.265, -0.109,  94,   0, 0
     6116,       55.449, 0.265, -0.101,  94,   0, 0
     6117,       55.454, 0.237, -1.017,  94,   0, 0
     6118,       55.460, 0.251, -0.524,  94,   0, 0
     6119,       55.467, 0.244, -0.752,  94,   0, 0
     6120,       55.472, 0.264, -0.085,  94,   0, 0
     6121,       55.502, 0.237, -0.977,  94,   0, 0
     6122,       55.509, 0.237, -0.961,  94,   0, 0
     6123,       55.517, 0.251, -0.466,  94,   0, 0
     6124,       55.523, 0.251, -0.462,  94,   0, 0
     6125,       55.529, 0.250, -0.519,  94,   0, 0
     6126,       55.535, 0.243, -0.714,  94,   0, 0
     6127,       55.540, 0.236, -0.942,  94,   0, 0
     6128,       55.546, 0.265,  0.003,  94,   0, 0
     6129,       55.552, 0.253, -0.417,  94,   0, 0
     6130,       55.558, 0.245, -0.675,  94,   0, 0
     6131,       55.585, 0.245, -0.675,  94,   0, 0
     6132,       55.591, 0.260, -0.204,  94,   0, 0
     6133,       55.598, 0.253, -0.450,  94,   0, 0
     6134,       55.604, 0.245, -0.729,  94,   0, 0
     6135,       55.610, 0.272,  0.171,  94,   0, 0
     6136,       55.616, 0.250, -0.616,  94,   0, 0
     6137,       55.623, 0.243, -0.850,  94,   0, 0
     6138,       55.630, 0.264, -0.116,  94,   0, 0
     6139,       55.636, 0.242, -0.906,  94,   0, 0
     6140,       55.642, 0.249, -0.679,  94,   0, 0
     6141,       55.671, 0.266, -0.081,  94,   0, 0
     6142,       55.676, 0.280,  0.424,  94,   0, 0
     6143,       55.682, 0.281,  0.464,  94,   0, 0
     6144,       55.689, 0.277,  0.307,  94,   0, 0
     6145,       55.694, 0.293,  0.893,  94,   0, 0
     6146,       55.700, 0.250, -0.698,  94,   0, 0
     6147,       55.706, 0.285,  0.601,  94,   0, 0
     6148,       55.712, 0.287,  0.645,  94,   0, 0
     6149,       55.718, 0.271,  0.062,  94,   0, 0
     6150,       55.724, 0.285,  0.595,  94,   0, 0
     6151,       55.752, 0.291,  0.788,  94,   0, 0
     6152,       55.761, 0.288,  0.692,  94,   0, 0
     6153,       55.767, 0.305,  1.312,  94,   0, 0
     6154,       55.773, 0.322,  1.937,  94,   0, 0
     6155,       55.779, 0.329,  2.132,  94,   0, 0
     6156,       55.785, 0.337,  2.387,  94,   0, 0
     6157,       55.790, 0.316,  1.599,  94,   0, 0
     6158,       55.796, 0.298,  0.946,  94,   0, 0
     6159,       55.803, 0.307,  1.263,  94,   0, 0
     6160,       55.809, 0.298,  0.928,  94,   0, 0
     6161,       55.839, 0.303,  1.102,  94,   0, 0
     6162,       55.847, 0.336,  2.214,  94,   0, 0
     6163,       55.852, 0.288,  0.572,  94,   0, 0
     6164,       55.858, 0.284,  0.410,  94,   0, 0
     6165,       55.866, 0.313,  1.377,  94,   0, 0
     6166,       55.872, 0.303,  1.038,  94,   0, 0
     6167,       55.880, 0.283,  0.363,  94,   0, 0
     6168,       55.887, 0.298,  0.853,  94,   0, 0
     6169,       55.893, 0.299,  0.856,  94,   0, 0
     6170,       55.900, 0.285,  0.399,  94,   0, 0
     6171,       55.928, 0.292,  0.616,  94,   0, 0
     6172,       55.934, 0.319,  1.507,  94,   0, 0
     6173,       55.939, 0.312,  1.239,  94,   0, 0
     6174,       55.946, 0.320,  1.484,  94,   0, 0
     6175,       55.952, 0.319,  1.410,  94,   0, 0
     6176,       55.958, 0.319,  1.385,  94,   0, 0
     6177,       55.964, 0.303,  0.883,  94,   0, 0
     6178,       55.970, 0.303,  0.874,  94,   0, 0
     6179,       55.975, 0.303,  0.864,  94,   0, 0
     6180,       55.981, 0.309,  1.025,  94,   0, 0
     6181,       56.011, 0.311,  1.068,  94,   0, 0
     6182,       56.019, 0.285,  0.260,  94,   0, 0
     6183,       56.026, 0.312,  1.071,  94,   0, 0
     6184,       56.032, 0.306,  0.891,  94,   0, 0
     6185,       56.038, 0.306,  0.879,  94,   0, 0
     6186,       56.044, 0.321,  1.316,  94,   0, 0
     6187,       56.050, 0.280,  0.049,  94,   0, 0
     6188,       56.056, 0.314,  1.083,  94,   0, 0
     6189,       56.062, 0.282,  0.075,  94,   0, 0
     6190,       56.068, 0.319,  1.227,  94,   0, 0
     6191,       56.096, 0.323,  1.321,  94,   0, 0
     6192,       56.102, 0.293,  0.407,  94,   0, 0
     6193,       56.108, 0.303,  0.687,  94,   0, 0
     6194,       56.114, 0.301,  0.614,  94,   0, 0
     6195,       56.120, 0.318,  1.128,  94,   0, 0
     6196,       56.126, 0.288,  0.202,  94,   0, 0
     6197,       56.135, 0.324,  1.392,  94,   0, 0
     6198,       56.143, 0.318,  1.203,  94,   0, 0
     6199,       56.149, 0.317,  1.215,  94,   0, 0
     6200,       56.155, 0.274, -0.482,  94,   0, 0
     6201,       56.184, 0.289,  0.081,  94,   0, 0
     6202,       56.189, 0.273, -0.543,  94,   0, 0
     6203,       56.195, 0.259, -1.122,  94,   0, 0
     6204,       56.201, 0.259, -1.150,  94,   0, 0
     6205,       56.207, 0.273, -0.546,  94,   0, 0
     6206,       56.213, 0.257, -1.219,  94,   0, 0
     6207,       56.220, 0.259, -1.123,  94,   0, 0
     6208,       56.225, 0.259, -1.107,  94,   0, 0
     6209,       56.232, 0.259, -1.092,  94,   0, 0
     6210,       56.238, 0.259, -1.077,  94,   0, 0
     6211,       56.266, 0.259, -1.060,  94,   0, 0
     6212,       56.273, 0.273, -0.466,  94,   0, 0
     6213,       56.280, 0.259, -1.047,  94,   0, 0
     6214,       56.286, 0.259, -1.029,  94,   0, 0
     6215,       56.292, 0.274, -0.405,  94,   0, 0
     6216,       56.299, 0.259, -1.005,  94,   0, 0
     6217,       56.304, 0.274, -0.381,  94,   0, 0
     6218,       56.311, 0.259, -0.982,  94,   0, 0
     6219,       56.317, 0.274, -0.364,  94,   0, 0
     6220,       56.323, 0.259, -0.962,  94,   0, 0
     6221,       56.351, 0.289,  0.235,  94,   0, 0
     6222,       56.356, 0.274, -0.349,  94,   0, 0
     6223,       56.363, 0.285,  0.118,  94,   0, 0
     6224,       56.369, 0.354,  2.804,  94,   0, 0
     6225,       56.374, 0.329,  1.745,  94,   0, 0
     6226,       56.381, 0.337,  2.018,  94,   0, 0
     6227,       56.387, 0.339,  2.024,  94,   0, 0
     6228,       56.394, 0.353,  2.491,  94,   0, 0
     6229,       56.401, 0.337,  1.858,  94,   0, 0
     6230,       56.409, 0.329,  1.534,  94,   0, 0
     6231,       56.438, 0.337,  1.798,  94,   0, 0
     6232,       56.444, 0.328,  1.430,  94,   0, 0
     6233,       56.450, 0.327,  1.408,  94,   0, 0
     6234,       56.455, 0.329,  1.425,  94,   0, 0
     6235,       56.461, 0.327,  1.359,  94,   0, 0
     6236,       56.468, 0.340,  1.763,  94,   0, 0
     6237,       56.473, 0.340,  1.725,  94,   0, 0
     6238,       56.479, 0.357,  2.235,  94,   0, 0
     6239,       56.486, 0.351,  1.992,  94,   0, 0
     6240,       56.491, 0.365,  2.410,  94,   0, 0
     6241,       56.520, 0.365,  2.335,  94,   0, 0
     6242,       56.527, 0.340,  1.497,  94,   0, 0
     6243,       56.533, 0.350,  1.780,  94,   0, 0
     6244,       56.541, 0.352,  1.805,  94,   0, 0
     6245,       56.549, 0.350,  1.709,  94,   0, 0
     6246,       56.555, 0.350,  1.677,  94,   0, 0
     6247,       56.561, 0.350,  1.649,  94,   0, 0
     6248,       56.567, 0.350,  1.625,  94,   0, 0
     6249,       56.573, 0.350,  1.593,  94,   0, 0
     6250,       56.579, 0.365,  2.036,  94,   0, 0
     6251,       56.607, 0.351,  1.563,  94,   0, 0
     6252,       56.613, 0.351,  1.529,  94,   0, 0
     6253,       56.619, 0.336,  1.054,  94,   0, 0
     6254,       56.625, 0.338,  1.106,  94,   0, 0
     6255,       56.632, 0.323,  0.617,  94,   0, 0
     6256,       56.638, 0.327,  0.715,  94,   0, 0
     6257,       56.646, 0.338,  1.047,  94,   0, 0
     6258,       56.653, 0.336,  0.987,  94,   0, 0
     6259,       56.659, 0.325,  0.622,  94,   0, 0
     6260,       56.666, 0.336,  0.965,  94,   0, 0
     6261,       56.694, 0.338,  0.999,  94,   0, 0
     6262,       56.700, 0.337,  0.960,  94,   0, 0
     6263,       56.706, 0.337,  0.945,  94,   0, 0
     6264,       56.712, 0.337,  0.929,  94,   0, 0
     6265,       56.718, 0.328,  0.622,  94,   0, 0
     6266,       56.723, 0.336,  0.879,  94,   0, 0
     6267,       56.729, 0.337,  0.892,  94,   0, 0
     6268,       56.735, 0.336,  0.852,  94,   0, 0
     6269,       56.740, 0.325,  0.473,  94,   0, 0
     6270,       56.746, 0.336,  0.828,  94,   0, 0
     6271,       56.775, 0.338,  0.877,  94,   0, 0
     6272,       56.781, 0.306, -0.223,  94,   0, 0
     6273,       56.790, 0.325,  0.414,  94,   0, 0
     6274,       56.796, 0.297, -0.517,  94,   0, 0
     6275,       56.802, 0.289, -0.786,  94,   0, 0
     6276,       56.807, 0.289, -0.774,  94,   0, 0
     6277,       56.814, 0.298, -0.459,  94,   0, 0
     6278,       56.820, 0.297, -0.502,  94,   0, 0
     6279,       56.826, 0.299, -0.405,  94,   0, 0
     6280,       56.832, 0.297, -0.500,  94,   0, 0
     6281,       56.861, 0.290, -0.726,  94,   0, 0
     6282,       56.867, 0.298, -0.446,  94,   0, 0
     6283,       56.873, 0.328,  0.571,  94,   0, 0
     6284,       56.879, 0.288, -0.794,  94,   0, 0
     6285,       56.885, 0.296, -0.524,  94,   0, 0
     6286,       56.891, 0.285, -0.864,  94,   0, 0
     6287,       56.897, 0.324,  0.440,  94,   0, 0
     6288,       56.903, 0.327,  0.511,  94,   0, 0
     6289,       56.913, 0.336,  0.822,  94,   0, 0
     6290,       56.919, 0.324,  0.388,  94,   0, 0
     6291,       56.947, 0.323,  0.352,  94,   0, 0
     6292,       56.953, 0.297, -0.515,  94,   0, 0
     6293,       56.958, 0.315,  0.100,  94,   0, 0
     6294,       56.965, 0.315,  0.077,  94,   0, 0
     6295,       56.970, 0.309, -0.115,  94,   0, 0
     6296,       56.977, 0.307, -0.161,  94,   0, 0
     6297,       56.983, 0.294, -0.600,  94,   0, 0
     6298,       56.988, 0.322,  0.321,  94,   0, 0
     6299,       56.994, 0.283, -0.986,  94,   0, 0
     6300,       57.001, 0.292, -0.670,  94,   0, 0
     6301,       57.029, 0.312, -0.012,  94,   0, 0
     6302,       57.037, 0.322,  0.324,  94,   0, 0
     6303,       57.043, 0.312, -0.022,  94,   0, 0
     6304,       57.050, 0.338,  0.863,  94,   0, 0
     6305,       57.057, 0.306, -0.204,  94,   0, 0
     6306,       57.063, 0.306, -0.204,  94,   0, 0
     6307,       57.069, 0.283, -0.985,  94,   0, 0
     6308,       57.075, 0.296, -0.556,  94,   0, 0
     6309,       57.081, 0.289, -0.786,  94,   0, 0
     6310,       57.088, 0.267, -1.524,  94,   0, 0
     6311,       57.116, 0.280, -1.068,  94,   0, 0
     6312,       57.122, 0.263, -1.584,  94,   0, 0
     6313,       57.128, 0.273, -1.245,  94,   0, 0
     6314,       57.134, 0.274, -1.202,  94,   0, 0
     6315,       57.139, 0.271, -1.291,  94,   0, 0
     6316,       57.145, 0.287, -0.756,  94,   0, 0
     6317,       57.153, 0.282, -0.916,  94,   0, 0
     6318,       57.161, 0.297, -0.432,  94,   0, 0
     6319,       57.167, 0.281, -0.909,  94,   0, 0
     6320,       57.174, 0.290, -0.619,  94,   0, 0
     6321,       57.202, 0.289, -0.675,  94,   0, 0
     6322,       57.208, 0.263, -1.486,  94,   0, 0
     6323,       57.214, 0.307, -0.073,  94,   0, 0
     6324,       57.220, 0.261, -1.590,  94,   0, 0
     6325,       57.226, 0.273, -1.180,  94,   0, 0
     6326,       57.232, 0.275, -1.118,  94,   0, 0
     6327,       57.238, 0.273, -1.194,  94,   0, 0
     6328,       57.244, 0.289, -0.706,  94,   0, 0
     6329,       57.250, 0.297, -0.463,  94,   0, 0
     6330,       57.255, 0.276, -1.149,  94,   0, 0
     6331,       57.285, 0.276, -1.162,  94,   0, 0
     6332,       57.292, 0.283, -0.967,  94,   0, 0
     6333,       57.299, 0.304, -0.239,  94,   0, 0
     6334,       57.305, 0.285, -0.901,  94,   0, 0
     6335,       57.311, 0.295, -0.584,  94,   0, 0
     6336,       57.317, 0.294, -0.645,  94,   0, 0
     6337,       57.323, 0.282, -1.069,  94,   0, 0
     6338,       57.329, 0.285, -0.958,  94,   0, 0
     6339,       57.335, 0.285, -0.977,  94,   0, 0
     6340,       57.341, 0.288, -0.879,  94,   0, 0
     6341,       57.369, 0.285, -1.006,  94,   0, 0
     6342,       57.375, 0.306, -0.259,  94,   0, 0
     6343,       57.382, 0.273, -1.500,  94,   0, 0
     6344,       57.388, 0.286, -0.988,  94,   0, 0
     6345,       57.394, 0.294, -0.672,  94,   0, 0
     6346,       57.401, 0.299, -0.476,  94,   0, 0
     6347,       57.407, 0.286, -0.956,  94,   0, 0
     6348,       57.415, 0.286, -0.940,  94,   0, 0
     6349,       57.424, 0.286, -0.925,  94,   0, 0
     6350,       57.431, 0.294, -0.603,  94,   0, 0
     6351,       57.459, 0.306, -0.142,  94,   0, 0
     6352,       57.465, 0.318,  0.298,  94,   0, 0
     6353,       57.472, 0.318,  0.302,  94,   0, 0
     6354,       57.477, 0.306, -0.156,  94,   0, 0
     6355,       57.483, 0.295, -0.549,  94,   0, 0
     6356,       57.489, 0.294, -0.594,  94,   0, 0
     6357,       57.495, 0.321,  0.452,  94,   0, 0
     6358,       57.501, 0.306, -0.091,  94,   0, 0
     6359,       57.507, 0.306, -0.076,  94,   0, 0
     6360,       57.513, 0.306, -0.092,  94,   0, 0
     6361,       57.542, 0.299, -0.325,  94,   0, 0
     6362,       57.550, 0.294, -0.515,  94,   0, 0
     6363,       57.558, 0.299, -0.296,  94,   0, 0
     6364,       57.564, 0.315,  0.382,  94,   0, 0
     6365,       57.570, 0.314,  0.343,  94,   0, 0
     6366,       57.576, 0.313,  0.333,  94,   0, 0
     6367,       57.582, 0.327,  0.940,  94,   0, 0
     6368,       57.588, 0.321,  0.694,  94,   0, 0
     6369,       57.594, 0.337,  1.432,  94,   0, 0
     6370,       57.600, 0.314,  0.417,  94,   0, 0
     6371,       57.628, 0.333,  1.328,  94,   0, 0
     6372,       57.634, 0.312,  0.393,  94,   0, 0
     6373,       57.640, 0.285, -0.878,  94,   0, 0
     6374,       57.646, 0.333,  1.425,  94,   0, 0
     6375,       57.652, 0.328,  1.187,  94,   0, 0
     6376,       57.659, 0.315,  0.547,  94,   0, 0
     6377,       57.666, 0.312,  0.447,  94,   0, 0
     6378,       57.674, 0.327,  1.179,  94,   0, 0
     6379,       57.681, 0.340,  1.821,  94,   0, 0
     6380,       57.687, 0.328,  1.209,  94,   0, 0
     6381,       57.715, 0.364,  2.973,  94,   0, 0
     6382,       57.721, 0.327,  1.143,  94,   0, 0
     6383,       57.726, 0.343,  1.916,  94,   0, 0
     6384,       57.733, 0.330,  1.295,  94,   0, 0
     6385,       57.738, 0.342,  1.888,  94,   0, 0
     6386,       57.744, 0.342,  1.866,  94,   0, 0
     6387,       57.750, 0.353,  2.348,  94,   0, 0
     6388,       57.755, 0.365,  2.899,  94,   0, 0
     6389,       57.761, 0.350,  2.118,  94,   0, 0
     6390,       57.768, 0.350,  2.078,  94,   0, 0
     6391,       57.796, 0.348,  1.980,  94,   0, 0
     6392,       57.802, 0.335,  1.358,  94,   0, 0
     6393,       57.811, 0.350,  2.011,  94,   0, 0
     6394,       57.817, 0.350,  1.975,  94,   0, 0
     6395,       57.822, 0.341,  1.543,  94,   0, 0
     6396,       57.829, 0.355,  2.116,  94,   0, 0
     6397,       57.835, 0.344,  1.615,  94,   0, 0
     6398,       57.841, 0.339,  1.335,  94,   0, 0
     6399,       57.847, 0.340,  1.364,  94,   0, 0
     6400,       57.853, 0.329,  0.897,  94,   0, 0
     6401,       57.883, 0.353,  1.863,  94,   0, 0
     6402,       57.889, 0.350,  1.695,  94,   0, 0
     6403,       57.895, 0.354,  1.831,  94,   0, 0
     6404,       57.900, 0.365,  2.234,  94,   0, 0
     6405,       57.906, 0.354,  1.746,  94,   0, 0
     6406,       57.913, 0.351,  1.604,  94,   0, 0
     6407,       57.919, 0.352,  1.576,  94,   0, 0
     6408,       57.926, 0.343,  1.226,  94,   0, 0
     6409,       57.934, 0.329,  0.681,  94,   0, 0
     6410,       57.940, 0.325,  0.554,  94,   0, 0
     6411,       57.968, 0.301, -0.368,  94,   0, 0
     6412,       57.974, 0.286, -0.911,  94,   0, 0
     6413,       57.980, 0.294, -0.597,  94,   0, 0
     6414,       57.987, 0.310, -0.011,  94,   0, 0
     6415,       57.992, 0.320,  0.368,  94,   0, 0
     6416,       57.998, 0.320,  0.390,  94,   0, 0
     6417,       58.004, 0.306, -0.172,  94,   0, 0
     6418,       58.010, 0.306, -0.175,  94,   0, 0
     6419,       58.016, 0.306, -0.171,  94,   0, 0
     6420,       58.022, 0.290, -0.749,  94,   0, 0
     6421,       58.051, 0.307, -0.115,  94,   0, 0
     6422,       58.057, 0.310, -0.021,  94,   0, 0
     6423,       58.063, 0.339,  1.102,  94,   0, 0
     6424,       58.071, 0.368,  2.173,  94,   0, 0
     6425,       58.077, 0.335,  0.908,  94,   0, 0
     6426,       58.083, 0.321,  0.366,  94,   0, 0
     6427,       58.089, 0.299, -0.428,  94,   0, 0
     6428,       58.095, 0.297, -0.542,  94,   0, 0
     6429,       58.101, 0.304, -0.266,  94,   0, 0
     6430,       58.106, 0.295, -0.603,  94,   0, 0
     6431,       58.134, 0.309, -0.099,  94,   0, 0
     6432,       58.140, 0.285, -0.992,  94,   0, 0
     6433,       58.146, 0.303, -0.325,  94,   0, 0
     6434,       58.152, 0.295, -0.659,  94,   0, 0
     6435,       58.158, 0.325,  0.494,  94,   0, 0
     6436,       58.164, 0.321,  0.302,  94,   0, 0
     6437,       58.170, 0.351,  1.474,  94,   0, 0
     6438,       58.178, 0.355,  1.617,  94,   0, 0
     6439,       58.186, 0.341,  1.036,  94,   0, 0
     6440,       58.192, 0.366,  1.994,  94,   0, 0
     6441,       58.221, 0.337,  0.827,  94,   0, 0
     6442,       58.226, 0.352,  1.385,  94,   0, 0
     6443,       58.232, 0.336,  0.774,  94,   0, 0
     6444,       58.238, 0.336,  0.728,  94,   0, 0
     6445,       58.244, 0.324,  0.253,  94,   0, 0
     6446,       58.250, 0.325,  0.270,  94,   0, 0
     6447,       58.256, 0.336,  0.701,  94,   0, 0
     6448,       58.262, 0.323,  0.188,  94,   0, 0
     6449,       58.268, 0.325,  0.247,  94,   0, 0
     6450,       58.274, 0.336,  0.673,  94,   0, 0
     6451,       58.303, 0.340,  0.839,  94,   0, 0
     6452,       58.310, 0.341,  0.862,  94,   0, 0
     6453,       58.317, 0.338,  0.734,  94,   0, 0
     6454,       58.323, 0.312, -0.363,  94,   0, 0
     6455,       58.329, 0.326,  0.219,  94,   0, 0
     6456,       58.335, 0.342,  0.888,  94,   0, 0
     6457,       58.341, 0.337,  0.660,  94,   0, 0
     6458,       58.347, 0.343,  0.916,  94,   0, 0
     6459,       58.353, 0.324,  0.060,  94,   0, 0
     6460,       58.359, 0.350,  1.191,  94,   0, 0
     6461,       58.387, 0.365,  1.856,  94,   0, 0
     6462,       58.393, 0.321, -0.134,  94,   0, 0
     6463,       58.399, 0.321, -0.140,  94,   0, 0
     6464,       58.404, 0.333,  0.392,  94,   0, 0
     6465,       58.410, 0.336,  0.505,  94,   0, 0
     6466,       58.416, 0.323, -0.133,  94,   0, 0
     6467,       58.423, 0.336,  0.478,  94,   0, 0
     6468,       58.430, 0.337,  0.522,  94,   0, 0
     6469,       58.438, 0.313, -0.647,  94,   0, 0
     6470,       58.444, 0.325, -0.073,  94,   0, 0
     6471,       58.473, 0.298, -1.473,  94,   0, 0
     6472,       58.479, 0.321, -0.284,  94,   0, 0
     6473,       58.485, 0.303, -1.216,  94,   0, 0
     6474,       58.491, 0.295, -1.594,  94,   0, 0
     6475,       58.497, 0.305, -1.075,  94,   0, 0
     6476,       58.502, 0.363,  1.799,  94,   0, 0
     6477,       58.509, 0.341,  0.659,  94,   0, 0
     6478,       58.515, 0.323, -0.242,  94,   0, 0
     6479,       58.521, 0.337,  0.457,  94,   0, 0
     6480,       58.527, 0.332,  0.219,  94,   0, 0
     6481,       58.555, 0.304, -1.201,  94,   0, 0
     6482,       58.562, 0.297, -1.554,  94,   0, 0
     6483,       58.570, 0.297, -1.574,  94,   0, 0
     6484,       58.575, 0.341,  0.617,  94,   0, 0
     6485,       58.582, 0.303, -1.254,  94,   0, 0
     6486,       58.587, 0.295, -1.647,  94,   0, 0
     6487,       58.593, 0.338,  0.476,  94,   0, 0
     6488,       58.599, 0.239, -4.428,  95,   1, 0
     6489,       58.610, 0.187, -6.445,  95,   2, 0
     6490,       58.622, 0.187, -5.522,  95,   3, 0
     6491,       58.656, 0.230, -3.354,  95,   4, 0
     6492,       58.667, 0.303, -0.740,  95,   0, 0
     6493,       58.673, 0.304, -0.691,  95,   0, 0
     6494,       58.680, 0.327,  0.084,  95,   0, 0
     6495,       58.687, 0.341,  0.554,  95,   0, 0
     6496,       58.692, 0.288, -1.229,  95,   0, 0
     6497,       58.698, 0.287, -1.264,  95,   0, 0
     6498,       58.704, 0.299, -0.843,  95,   0, 0
     6499,       58.710, 0.322, -0.076,  95,   0, 0
     6500,       58.716, 0.322, -0.071,  95,   0, 0
     6501,       58.744, 0.321, -0.080,  95,   0, 0
     6502,       58.751, 0.306, -0.576,  95,   0, 0
     6503,       58.756, 0.335,  0.379,  95,   0, 0
     6504,       58.762, 0.312, -0.392,  95,   0, 0
     6505,       58.768, 0.363,  1.327,  95,   0, 0
     6506,       58.774, 0.321, -0.080,  95,   0, 0
     6507,       58.780, 0.342,  0.632,  95,   0, 0
     6508,       58.785, 0.341,  0.595,  95,   0, 0
     6509,       58.792, 0.339,  0.565,  95,   0, 0
     6510,       58.800, 0.353,  1.026,  95,   0, 0
     6511,       58.829, 0.340,  0.570,  95,   0, 0
     6512,       58.836, 0.365,  1.428,  95,   0, 0
     6513,       58.842, 0.355,  1.083,  95,   0, 0
     6514,       58.848, 0.360,  1.235,  95,   0, 0
     6515,       58.853, 0.345,  0.745,  95,   0, 0
     6516,       58.859, 0.343,  0.667,  95,   0, 0
     6517,       58.866, 0.357,  1.141,  95,   0, 0
     6518,       58.872, 0.343,  0.677,  95,   0, 0
     6519,       58.879, 0.344,  0.713,  95,   0, 0
     6520,       58.885, 0.348,  0.839,  95,   0, 0
     6521,       58.912, 0.329,  0.179,  95,   0, 0
     6522,       58.918, 0.361,  1.261,  95,   0, 0
     6523,       58.924, 0.378,  1.843,  95,   0, 0
     6524,       58.931, 0.325,  0.069,  95,   0, 0
     6525,       58.939, 0.365,  1.398,  95,   0, 0
     6526,       58.947, 0.378,  1.829,  95,   0, 0
     6527,       58.954, 0.348,  0.815,  95,   0, 0
     6528,       58.959, 0.394,  2.328,  95,   0, 0
     6529,       58.966, 0.393,  2.228,  95,   0, 0
     6530,       58.973, 0.380,  1.744,  95,   0, 0
     6531,       59.001, 0.410,  2.665,  95,   0, 0
     6532,       59.006, 0.395,  2.103,  95,   0, 0
     6533,       59.012, 0.398,  2.151,  95,   0, 0
     6534,       59.018, 0.410,  2.448,  95,   0, 0
     6535,       59.024, 0.425,  2.791,  95,   0, 0
     6536,       59.030, 0.425,  2.681,  95,   0, 0
     6537,       59.036, 0.396,  1.791,  95,   0, 0
     6538,       59.042, 0.379,  1.305,  95,   0, 0
     6539,       59.048, 0.380,  1.315,  95,   0, 0
     6540,       59.056, 0.380,  1.291,  95,   0, 0
     6541,       59.086, 0.395,  1.658,  95,   0, 0
     6542,       59.094, 0.410,  2.028,  95,   0, 0
     6543,       59.100, 0.395,  1.578,  95,   0, 0
     6544,       59.106, 0.409,  1.911,  95,   0, 0
     6545,       59.113, 0.383,  1.205,  95,   0, 0
     6546,       59.118, 0.368,  0.832,  95,   0, 0
     6547,       59.124, 0.380,  1.122,  95,   0, 0
     6548,       59.130, 0.380,  1.103,  95,   0, 0
     6549,       59.136, 0.382,  1.124,  95,   0, 0
     6550,       59.141, 0.386,  1.205,  95,   0, 0
     6551,       59.169, 0.400,  1.531,  95,   0, 0
     6552,       59.175, 0.396,  1.418,  95,   0, 0
     6553,       59.181, 0.358,  0.435,  95,   0, 0
     6554,       59.187, 0.380,  0.988,  95,   0, 0
     6555,       59.193, 0.364,  0.558,  95,   0, 0
     6556,       59.200, 0.365,  0.580,  95,   0, 0
     6557,       59.206, 0.365,  0.571,  95,   0, 0
     6558,       59.213, 0.380,  0.949,  95,   0, 0
     6559,       59.219, 0.380,  0.941,  95,   0, 0
     6560,       59.225, 0.381,  0.952,  95,   0, 0
     6561,       59.253, 0.370,  0.675,  95,   0, 0
     6562,       59.258, 0.367,  0.594,  95,   0, 0
     6563,       59.264, 0.380,  0.911,  95,   0, 0
     6564,       59.270, 0.364,  0.493,  95,   0, 0
     6565,       59.276, 0.367,  0.573,  95,   0, 0
     6566,       59.282, 0.395,  1.242,  95,   0, 0
     6567,       59.288, 0.337, -0.193,  95,   0, 0
     6568,       59.294, 0.353,  0.187,  95,   0, 0
     6569,       59.300, 0.365,  0.485,  95,   0, 0
     6570,       59.306, 0.365,  0.477,  95,   0, 0
     6571,       59.335, 0.370,  0.594,  95,   0, 0
     6572,       59.341, 0.365,  0.463,  95,   0, 0
     6573,       59.349, 0.343, -0.074,  95,   0, 0
     6574,       59.355, 0.360,  0.325,  95,   0, 0
     6575,       59.362, 0.353,  0.152,  95,   0, 0
     6576,       59.369, 0.353,  0.147,  95,   0, 0
     6577,       59.374, 0.354,  0.174,  95,   0, 0
     6578,       59.380, 0.355,  0.192,  95,   0, 0
     6579,       59.386, 0.343, -0.098,  95,   0, 0
     6580,       59.392, 0.334, -0.330,  95,   0, 0
     6581,       59.419, 0.387,  0.968,  95,   0, 0
     6582,       59.425, 0.343, -0.103,  95,   0, 0
     6583,       59.431, 0.329, -0.448,  95,   0, 0
     6584,       59.437, 0.354,  0.157,  95,   0, 0
     6585,       59.444, 0.353,  0.123,  95,   0, 0
     6586,       59.450, 0.344, -0.098,  95,   0, 0
     6587,       59.460, 0.317, -0.775,  95,   0, 0
     6588,       59.467, 0.363,  0.358,  95,   0, 0
     6589,       59.474, 0.359,  0.273,  95,   0, 0
     6590,       59.480, 0.359,  0.256,  95,   0, 0
     6591,       59.508, 0.358,  0.213,  95,   0, 0
     6592,       59.514, 0.353,  0.079,  95,   0, 0
     6593,       59.520, 0.344, -0.141,  95,   0, 0
     6594,       59.526, 0.354,  0.095,  95,   0, 0
     6595,       59.533, 0.344, -0.164,  95,   0, 0
     6596,       59.538, 0.344, -0.173,  95,   0, 0
     6597,       59.544, 0.340, -0.262,  95,   0, 0
     6598,       59.550, 0.354,  0.079,  95,   0, 0
     6599,       59.556, 0.355,  0.111,  95,   0, 0
     6600,       59.562, 0.360,  0.219,  95,   0, 0
     6601,       59.591, 0.343, -0.222,  95,   0, 0
     6602,       59.599, 0.327, -0.624,  95,   0, 0
     6603,       59.607, 0.349, -0.073,  95,   0, 0
     6604,       59.616, 0.359,  0.165,  95,   0, 0
     6605,       59.622, 0.358,  0.131,  95,   0, 0
     6606,       59.628, 0.363,  0.257,  95,   0, 0
     6607,       59.634, 0.343, -0.279,  95,   0, 0
     6608,       59.641, 0.344, -0.249,  95,   0, 0
     6609,       59.647, 0.369,  0.386,  95,   0, 0
     6610,       59.654, 0.354, -0.063,  95,   0, 0
     6611,       59.683, 0.354, -0.119,  95,   0, 0
     6612,       59.688, 0.355, -0.134,  95,   0, 0
     6613,       59.693, 0.367,  0.319,  95,   0, 0
     6614,       59.700, 0.382,  0.870,  95,   0, 0
     6615,       59.706, 0.353, -0.276,  95,   0, 0
     6616,       59.714, 0.354, -0.234,  95,   0, 0
     6617,       59.724, 0.355, -0.215,  95,   0, 0
     6618,       59.731, 0.344, -0.705,  95,   0, 0
     6619,       59.737, 0.344, -0.737,  95,   0, 0
     6620,       59.743, 0.352, -0.423,  95,   0, 0
     6621,       59.771, 0.331, -1.333,  95,   0, 0
     6622,       59.777, 0.347, -0.650,  95,   0, 0
     6623,       59.784, 0.316, -2.072,  96,   1, 0
     6624,       59.799, 0.303, -2.633,  96,   2, 0
     6625,       59.810, 0.355, -0.319,  96,   0, 0
     6626,       59.817, 0.314, -2.094,  97,   1, 0
     6627,       59.835, 0.309, -2.317,  97,   2, 0
     6628,       59.847, 0.355, -0.294,  97,   0, 0
     6629,       59.853, 0.327, -1.504,  97,   0, 0
     6630,       59.860, 0.337, -1.069,  97,   0, 0
     6631,       59.890, 0.355, -0.287,  97,   0, 0
     6632,       59.896, 0.293, -2.936,  98,   1, 0
     6633,       59.906, 0.341, -0.841,  98,   0, 0
     6634,       59.914, 0.325, -1.487,  98,   0, 0
     6635,       59.920, 0.326, -1.431,  98,   0, 0
     6636,       59.926, 0.343, -0.719,  98,   0, 0
     6637,       59.933, 0.363,  0.122,  98,   0, 0
     6638,       59.940, 0.365,  0.163,  98,   0, 0
     6639,       59.948, 0.353, -0.327,  98,   0, 0
     6640,       59.953, 0.352, -0.343,  98,   0, 0
     6641,       59.982, 0.365,  0.153,  98,   0, 0
     6642,       59.988, 0.339, -0.903,  98,   0, 0
     6643,       59.994, 0.330, -1.250,  98,   0, 0
     6644,       60.000, 0.306, -2.230,  99,   1, 0
     6645,       60.011, 0.330, -1.228,  99,   0, 0
     6646,       60.017, 0.344, -0.653,  99,   0, 0
     6647,       60.023, 0.344, -0.642,  99,   0, 0
     6648,       60.029, 0.352, -0.296,  99,   0, 0
     6649,       60.035, 0.344, -0.631,  99,   0, 0
     6650,       60.041, 0.345, -0.569,  99,   0, 0
     6651,       60.069, 0.310, -1.961,  99,   0, 0
     6652,       60.077, 0.329, -1.170,  99,   0, 0
     6653,       60.084, 0.344, -0.555,  99,   0, 0
     6654,       60.090, 0.301, -2.291, 100,   1, 0
     6655,       60.101, 0.311, -1.860, 100,   0, 0
     6656,       60.108, 0.345, -0.424, 100,   0, 0
     6657,       60.116, 0.344, -0.464, 100,   0, 0
     6658,       60.122, 0.329, -1.098, 100,   0, 0
     6659,       60.128, 0.330, -1.048, 100,   0, 0
     6660,       60.137, 0.344, -0.415, 100,   0, 0
     6661,       60.165, 0.357,  0.199, 100,   0, 0
     6662,       60.171, 0.287, -2.975, 101,   1, 0
     6663,       60.183, 0.288, -2.843, 101,   2, 0
     6664,       60.195, 0.290, -2.694, 101,   3, 0
     6665,       60.207, 0.297, -2.348, 101,   4, 0
     6666,       60.218, 0.287, -2.695, 101,   5, 0
     6667,       60.230, 0.295, -2.260, 101,   6, 0
     6668,       60.242, 0.302, -1.897, 101,   0, 0
     6669,       60.250, 0.297, -2.099, 102,   1, 0
     6670,       60.261, 0.286, -2.479, 102,   2, 0
     6671,       60.294, 0.308, -1.508, 102,   0, 0
     6672,       60.301, 0.310, -1.435, 102,   0, 0
     6673,       60.311, 0.311, -1.360, 102,   0, 0
     6674,       60.320, 0.356,  0.525, 102,   0, 0
     6675,       60.328, 0.330, -0.540, 102,   0, 0
     6676,       60.338, 0.327, -0.672, 102,   0, 0
     6677,       60.343, 0.303, -1.647, 102,   0, 0
     6678,       60.352, 0.327, -0.634, 102,   0, 0
     6679,       60.358, 0.290, -2.185, 103,   1, 0
     6680,       60.371, 0.304, -1.532, 103,   0, 0
     6681,       60.403, 0.318, -0.937, 103,   0, 0
     6682,       60.410, 0.339, -0.037, 103,   0, 0
     6683,       60.419, 0.344,  0.179, 103,   0, 0
     6684,       60.425, 0.343,  0.145, 103,   0, 0
     6685,       60.433, 0.323, -0.691, 103,   0, 0
     6686,       60.440, 0.318, -0.910, 103,   0, 0
     6687,       60.446, 0.338, -0.016, 103,   0, 0
     6688,       60.453, 0.294, -1.963, 103,   0, 0
     6689,       60.458, 0.288, -2.142, 104,   1, 0
     6690,       60.473, 0.286, -2.178, 104,   2, 0
     6691,       60.509, 0.311, -1.063, 104,   0, 0
     6692,       60.520, 0.308, -1.171, 104,   0, 0
     6693,       60.529, 0.308, -1.152, 104,   0, 0
     6694,       60.537, 0.310, -1.072, 104,   0, 0
     6695,       60.543, 0.295, -1.678, 104,   0, 0
     6696,       60.551, 0.298, -1.521, 104,   0, 0
     6697,       60.557, 0.297, -1.541, 104,   0, 0
     6698,       60.563, 0.294, -1.614, 104,   0, 0
     6699,       60.569, 0.266, -2.748, 105,   1, 0
     6700,       60.580, 0.312, -0.784, 105,   0, 0
     6701,       60.610, 0.327, -0.198, 105,   0, 0
     6702,       60.616, 0.326, -0.230, 105,   0, 0
     6703,       60.621, 0.316, -0.610, 105,   0, 0
     6704,       60.627, 0.308, -0.928, 105,   0, 0
     6705,       60.634, 0.308, -0.913, 105,   0, 0
     6706,       60.641, 0.301, -1.199, 105,   0, 0
     6707,       60.649, 0.302, -1.153, 105,   0, 0
     6708,       60.654, 0.297, -1.346, 105,   0, 0
     6709,       60.660, 0.310, -0.788, 105,   0, 0
     6710,       60.667, 0.297, -1.312, 105,   0, 0
     6711,       60.694, 0.320, -0.346, 105,   0, 0
     6712,       60.700, 0.311, -0.695, 105,   0, 0
     6713,       60.706, 0.324, -0.146, 105,   0, 0
     6714,       60.712, 0.311, -0.667, 105,   0, 0
     6715,       60.718, 0.311, -0.643, 105,   0, 0
     6716,       60.724, 0.325, -0.060, 105,   0, 0
     6717,       60.730, 0.312, -0.589, 105,   0, 0
     6718,       60.736, 0.297, -1.223, 105,   0, 0
     6719,       60.741, 0.326, -0.015, 105,   0, 0
     6720,       60.748, 0.324, -0.065, 105,   0, 0
     6721,       60.777, 0.327,  0.069, 105,   0, 0
     6722,       60.784, 0.310, -0.633, 105,   0, 0
     6723,       60.790, 0.309, -0.687, 105,   0, 0
     6724,       60.796, 0.294, -1.279, 105,   0, 0
     6725,       60.802, 0.296, -1.198, 105,   0, 0
     6726,       60.807, 0.297, -1.147, 105,   0, 0
     6727,       60.813, 0.306, -0.744, 105,   0, 0
     6728,       60.819, 0.297, -1.118, 105,   0, 0
     6729,       60.826, 0.305, -0.762, 105,   0, 0
     6730,       60.832, 0.304, -0.763, 105,   0, 0
     6731,       60.860, 0.303, -0.782, 105,   0, 0
     6732,       60.868, 0.303, -0.798, 105,   0, 0
     6733,       60.874, 0.302, -0.817, 105,   0, 0
     6734,       60.879, 0.294, -1.176, 105,   0, 0
     6735,       60.886, 0.293, -1.197, 105,   0, 0
     6736,       60.893, 0.296, -1.058, 105,   0, 0
     6737,       60.899, 0.293, -1.176, 105,   0, 0
     6738,       60.906, 0.296, -1.025, 105,   0, 0
     6739,       60.912, 0.303, -0.653, 105,   0, 0
     6740,       60.918, 0.334,  0.764, 105,   0, 0
     6741,       60.947, 0.332,  0.705, 105,   0, 0
     6742,       60.953, 0.317,  0.017, 105,   0, 0
     6743,       60.959, 0.319,  0.105, 105,   0, 0
     6744,       60.965, 0.304, -0.629, 105,   0, 0
     6745,       60.971, 0.309, -0.369, 105,   0, 0
     6746,       60.977, 0.293, -1.131, 105,   0, 0
     6747,       60.983, 0.303, -0.613, 105,   0, 0
     6748,       60.989, 0.303, -0.643, 105,   0, 0
     6749,       60.994, 0.295, -0.987, 105,   0, 0
     6750,       61.001, 0.315, -0.028, 105,   0, 0
     6751,       61.029, 0.294, -1.017, 105,   0, 0
     6752,       61.037, 0.296, -0.922, 105,   0, 0
     6753,       61.044, 0.294, -1.007, 105,   0, 0
     6754,       61.051, 0.286, -1.387, 105,   0, 0
     6755,       61.057, 0.295, -0.931, 105,   0, 0
     6756,       61.063, 0.295, -0.916, 105,   0, 0
     6757,       61.069, 0.320,  0.306, 105,   0, 0
     6758,       61.075, 0.311, -0.099, 105,   0, 0
     6759,       61.081, 0.338,  1.300, 105,   0, 0
     6760,       61.087, 0.322,  0.482, 105,   0, 0
     6761,       61.115, 0.294, -0.956, 105,   0, 0
     6762,       61.121, 0.305, -0.375, 105,   0, 0
     6763,       61.126, 0.304, -0.400, 105,   0, 0
     6764,       61.132, 0.306, -0.300, 105,   0, 0
     6765,       61.138, 0.303, -0.432, 105,   0, 0
     6766,       61.144, 0.306, -0.273, 105,   0, 0
     6767,       61.151, 0.304, -0.376, 105,   0, 0
     6768,       61.159, 0.304, -0.391, 105,   0, 0
     6769,       61.167, 0.303, -0.382, 105,   0, 0
     6770,       61.172, 0.319,  0.557, 105,   0, 0
     6771,       61.203, 0.308, -0.069, 105,   0, 0
     6772,       61.208, 0.304, -0.315, 105,   0, 0
     6773,       61.216, 0.309, -0.028, 105,   0, 0
     6774,       61.222, 0.303, -0.382, 105,   0, 0
     6775,       61.228, 0.297, -0.725, 105,   0, 0
     6776,       61.236, 0.297, -0.717, 105,   0, 0
     6777,       61.241, 0.324,  0.992, 105,   0, 0
     6778,       61.249, 0.338,  1.913, 105,   0, 0
     6779,       61.255, 0.333,  1.558, 105,   0, 0
     6780,       61.261, 0.315,  0.420, 105,   0, 0
     6781,       61.294, 0.338,  1.909, 105,   0, 0
     6782,       61.304, 0.367,  3.941, 105,   0, 0
     6783,       61.311, 0.367,  3.697, 105,   0, 0
     6784,       61.319, 0.323,  0.837, 105,   0, 0
     6785,       61.326, 0.307, -0.183, 105,   0, 0
     6786,       61.334, 0.355,  2.731, 105,   0, 0
     6787,       61.341, 0.356,  2.727, 105,   0, 0
     6788,       61.347, 0.357,  2.679, 105,   0, 0
     6789,       61.354, 0.368,  3.204, 105,   0, 0
     6790,       61.359, 0.338,  1.390, 105,   0, 0
     6791,       61.389, 0.336,  1.307, 105,   0, 0
     6792,       61.395, 0.309, -0.198, 105,   0, 0
     6793,       61.402, 0.336,  1.237, 105,   0, 0
     6794,       61.408, 0.351,  2.019, 105,   0, 0
     6795,       61.417, 0.366,  2.867, 105,   0, 0
     6796,       61.424, 0.367,  2.835, 105,   0, 0
     6797,       61.435, 0.324,  0.548, 105,   0, 0
     6798,       61.442, 0.352,  1.946, 105,   0, 0
     6799,       61.449, 0.351,  1.864, 105,   0, 0
     6800,       61.455, 0.341,  1.308, 105,   0, 0
     6801,       61.486, 0.352,  1.847, 105,   0, 0
     6802,       61.492, 0.367,  2.550, 105,   0, 0
     6803,       61.499, 0.361,  2.198, 105,   0, 0
     6804,       61.504, 0.351,  1.674, 105,   0, 0
     6805,       61.510, 0.352,  1.706, 105,   0, 0
     6806,       61.517, 0.352,  1.675, 105,   0, 0
     6807,       61.522, 0.365,  2.251, 105,   0, 0
     6808,       61.528, 0.323,  0.301, 105,   0, 0
     6809,       61.537, 0.304, -0.537, 105,   0, 0
     6810,       61.544, 0.310, -0.296, 105,   0, 0
     6811,       61.572, 0.295, -0.975, 105,   0, 0
     6812,       61.578, 0.295, -0.966, 105,   0, 0
     6813,       61.584, 0.302, -0.644, 105,   0, 0
     6814,       61.590, 0.320,  0.192, 105,   0, 0
     6815,       61.596, 0.304, -0.541, 105,   0, 0
     6816,       61.602, 0.310, -0.271, 105,   0, 0
     6817,       61.608, 0.295, -0.971, 105,   0, 0
     6818,       61.614, 0.306, -0.485, 105,   0, 0
     6819,       61.621, 0.310, -0.320, 105,   0, 0
     6820,       61.627, 0.335,  0.854, 105,   0, 0
     6821,       61.656, 0.311, -0.284, 105,   0, 0
     6822,       61.663, 0.306, -0.520, 105,   0, 0
     6823,       61.670, 0.313, -0.175, 105,   0, 0
     6824,       61.676, 0.288, -1.351, 105,   0, 0
     6825,       61.682, 0.313, -0.164, 105,   0, 0
     6826,       61.688, 0.297, -0.896, 105,   0, 0
     6827,       61.694, 0.312, -0.193, 105,   0, 0
     6828,       61.700, 0.336,  0.870, 105,   0, 0
     6829,       61.705, 0.341,  1.122, 105,   0, 0
     6830,       61.711, 0.326,  0.385, 105,   0, 0
     6831,       61.740, 0.294, -1.071, 105,   0, 0
     6832,       61.745, 0.293, -1.123, 105,   0, 0
     6833,       61.751, 0.286, -1.414, 105,   0, 0
     6834,       61.757, 0.293, -1.087, 105,   0, 0
     6835,       61.763, 0.293, -1.075, 105,   0, 0
     6836,       61.769, 0.308, -0.370, 105,   0, 0
     6837,       61.778, 0.300, -0.758, 105,   0, 0
     6838,       61.787, 0.294, -1.016, 105,   0, 0
     6839,       61.792, 0.307, -0.394, 105,   0, 0
     6840,       61.799, 0.322,  0.267, 105,   0, 0
     6841,       61.839, 0.307, -0.386, 105,   0, 0
     6842,       61.850, 0.293, -1.034, 105,   0, 0
     6843,       61.862, 0.299, -0.764, 105,   0, 0
     6844,       61.874, 0.307, -0.367, 105,   0, 0
     6845,       61.883, 0.314, -0.064, 105,   0, 0
     6846,       61.889, 0.312, -0.157, 105,   0, 0
     6847,       61.899, 0.352,  1.630, 105,   0, 0
     6848,       61.905, 0.299, -0.794, 105,   0, 0
     6849,       61.912, 0.297, -0.890, 105,   0, 0
     6850,       61.918, 0.300, -0.723, 105,   0, 0
     6851,       61.945, 0.300, -0.721, 105,   0, 0
     6852,       61.951, 0.307, -0.395, 105,   0, 0
     6853,       61.957, 0.343,  1.180, 105,   0, 0
     6854,       61.962, 0.338,  0.939, 105,   0, 0
     6855,       61.968, 0.355,  1.681, 105,   0, 0
     6856,       61.974, 0.342,  1.052, 105,   0, 0
     6857,       61.980, 0.350,  1.387, 105,   0, 0
     6858,       61.986, 0.295, -1.027, 105,   0, 0
     6859,       61.992, 0.315, -0.160, 105,   0, 0
     6860,       62.000, 0.315, -0.149, 105,   0, 0
     6861,       62.029, 0.287, -1.389, 105,   0, 0
     6862,       62.036, 0.327,  0.397, 105,   0, 0
     6863,       62.041, 0.307, -0.466, 105,   0, 0
     6864,       62.048, 0.307, -0.461, 105,   0, 0
     6865,       62.054, 0.300, -0.767, 105,   0, 0
     6866,       62.060, 0.299, -0.813, 105,   0, 0
     6867,       62.065, 0.303, -0.640, 105,   0, 0
     6868,       62.071, 0.356,  1.658, 105,   0, 0
     6869,       62.077, 0.356,  1.623, 105,   0, 0
     6870,       62.085, 0.297, -0.967, 105,   0, 0
     6871,       62.113, 0.320,  0.032, 105,   0, 0
     6872,       62.118, 0.299, -0.878, 105,   0, 0
     6873,       62.124, 0.332,  0.566, 105,   0, 0
     6874,       62.130, 0.293, -1.147, 105,   0, 0
     6875,       62.136, 0.301, -0.784, 105,   0, 0
     6876,       62.144, 0.344,  1.056, 105,   0, 0
     6877,       62.152, 0.345,  1.089, 105,   0, 0
     6878,       62.158, 0.331,  0.474, 105,   0, 0
     6879,       62.164, 0.288, -1.411, 105,   0, 0
     6880,       62.170, 0.294, -1.099, 105,   0, 0
     6881,       62.198, 0.350,  1.296, 105,   0, 0
     6882,       62.204, 0.344,  1.023, 105,   0, 0
     6883,       62.209, 0.316, -0.186, 105,   0, 0
     6884,       62.216, 0.345,  1.046, 105,   0, 0
     6885,       62.222, 0.330,  0.387, 105,   0, 0
     6886,       62.227, 0.341,  0.849, 105,   0, 0
     6887,       62.234, 0.343,  0.914, 105,   0, 0
     6888,       62.240, 0.343,  0.899, 105,   0, 0
     6889,       62.246, 0.313, -0.374, 105,   0, 0
     6890,       62.252, 0.298, -1.031, 105,   0, 0
     6891,       62.281, 0.337,  0.634, 105,   0, 0
     6892,       62.287, 0.299, -0.964, 105,   0, 0
     6893,       62.295, 0.325,  0.111, 105,   0, 0
     6894,       62.301, 0.299, -1.000, 105,   0, 0
     6895,       62.307, 0.314, -0.346, 105,   0, 0
     6896,       62.314, 0.299, -0.978, 105,   0, 0
     6897,       62.320, 0.299, -1.009, 105,   0, 0
     6898,       62.325, 0.336,  0.566, 105,   0, 0
     6899,       62.332, 0.322, -0.003, 105,   0, 0
     6900,       62.337, 0.314, -0.344, 105,   0, 0
     6901,       62.366, 0.325,  0.108, 105,   0, 0
     6902,       62.371, 0.323,  0.057, 105,   0, 0
     6903,       62.377, 0.338,  0.708, 105,   0, 0
     6904,       62.383, 0.336,  0.622, 105,   0, 0
     6905,       62.389, 0.344,  0.968, 105,   0, 0
     6906,       62.394, 0.334,  0.549, 105,   0, 0
     6907,       62.401, 0.321, -0.029, 105,   0, 0
     6908,       62.407, 0.349,  1.246, 105,   0, 0
     6909,       62.415, 0.339,  0.788, 105,   0, 0
     6910,       62.421, 0.333,  0.535, 105,   0, 0
     6911,       62.450, 0.337,  0.709, 105,   0, 0
     6912,       62.456, 0.338,  0.774, 105,   0, 0
     6913,       62.461, 0.338,  0.763, 105,   0, 0
     6914,       62.467, 0.335,  0.646, 105,   0, 0
     6915,       62.473, 0.337,  0.737, 105,   0, 0
     6916,       62.479, 0.336,  0.725, 105,   0, 0
     6917,       62.485, 0.335,  0.689, 105,   0, 0
     6918,       62.491, 0.336,  0.699, 105,   0, 0
     6919,       62.497, 0.323,  0.131, 105,   0, 0
     6920,       62.504, 0.323,  0.143, 105,   0, 0
     6921,       62.532, 0.324,  0.209, 105,   0, 0
     6922,       62.540, 0.354,  1.643, 105,   0, 0
     6923,       62.548, 0.349,  1.441, 105,   0, 0
     6924,       62.554, 0.309, -0.532, 105,   0, 0
     6925,       62.560, 0.293, -1.319, 105,   0, 0
     6926,       62.566, 0.340,  1.074, 105,   0, 0
     6927,       62.572, 0.334,  0.783, 105,   0, 0
     6928,       62.578, 0.334,  0.812, 105,   0, 0
     6929,       62.584, 0.354,  1.807, 105,   0, 0
     6930,       62.590, 0.365,  2.307, 105,   0, 0
     6931,       62.619, 0.365,  2.252, 105,   0, 0
     6932,       62.625, 0.367,  2.318, 105,   0, 0
     6933,       62.631, 0.337,  0.775, 105,   0, 0
     6934,       62.637, 0.337,  0.760, 105,   0, 0
     6935,       62.643, 0.320, -0.061, 105,   0, 0
     6936,       62.651, 0.337,  0.749, 105,   0, 0
     6937,       62.659, 0.353,  1.505, 105,   0, 0
     6938,       62.665, 0.339,  0.842, 105,   0, 0
     6939,       62.671, 0.340,  0.872, 105,   0, 0
     6940,       62.676, 0.354,  1.493, 105,   0, 0
     6941,       62.704, 0.354,  1.475, 105,   0, 0
     6942,       62.710, 0.338,  0.721, 105,   0, 0
     6943,       62.717, 0.321, -0.088, 105,   0, 0
     6944,       62.722, 0.353,  1.396, 105,   0, 0
     6945,       62.728, 0.356,  1.529, 105,   0, 0
     6946,       62.735, 0.355,  1.456, 105,   0, 0
     6947,       62.740, 0.355,  1.430, 105,   0, 0
     6948,       62.746, 0.366,  1.915, 105,   0, 0
     6949,       62.752, 0.365,  1.818, 105,   0, 0
     6950,       62.757, 0.354,  1.293, 105,   0, 0
     6951,       62.792, 0.344,  0.829, 105,   0, 0
     6952,       62.798, 0.345,  0.870, 105,   0, 0
     6953,       62.804, 0.330,  0.165, 105,   0, 0
     6954,       62.810, 0.317, -0.484, 105,   0, 0
     6955,       62.817, 0.344,  0.794, 105,   0, 0
     6956,       62.823, 0.343,  0.729, 105,   0, 0
     6957,       62.829, 0.314, -0.675, 105,   0, 0
     6958,       62.835, 0.351,  1.119, 105,   0, 0
     6959,       62.841, 0.342,  0.653, 105,   0, 0
     6960,       62.848, 0.329,  0.014, 105,   0, 0
     6961,       62.877, 0.338,  0.453, 105,   0, 0
     6962,       62.884, 0.337,  0.372, 105,   0, 0
     6963,       62.889, 0.354,  1.209, 105,   0, 0
     6964,       62.896, 0.350,  0.966, 105,   0, 0
     6965,       62.903, 0.364,  1.644, 105,   0, 0
     6966,       62.909, 0.354,  1.131, 105,   0, 0
     6967,       62.915, 0.382,  2.461, 105,   0, 0
     6968,       62.921, 0.291, -1.900, 105,   0, 0
     6969,       62.928, 0.194, -6.522, 106,   1, 0
     6970,       62.940, 0.152, -7.342, 106,   2, 0
     6971,       62.973, 0.141, -6.472, 106,   3, 0
     6972,       62.985, 0.197, -3.892, 106,   4, 0
     6973,       62.996, 0.214, -3.161, 106,   5, 0
     6974,       63.008, 0.244, -2.201, 106,   6, 0
     6975,       63.022, 0.291, -0.888, 106,   0, 0
     6976,       63.028, 0.297, -0.737, 106,   0, 0
     6977,       63.034, 0.320, -0.112, 106,   0, 0
     6978,       63.040, 0.309, -0.391, 106,   0, 0
     6979,       63.046, 0.310, -0.357, 106,   0, 0
     6980,       63.052, 0.307, -0.434, 106,   0, 0
     6981,       63.082, 0.307, -0.432, 106,   0, 0
     6982,       63.088, 0.295, -0.767, 106,   0, 0
     6983,       63.094, 0.322, -0.041, 106,   0, 0
     6984,       63.102, 0.309, -0.395, 106,   0, 0
     6985,       63.108, 0.307, -0.434, 106,   0, 0
     6986,       63.116, 0.324,  0.015, 106,   0, 0
     6987,       63.122, 0.339,  0.392, 106,   0, 0
     6988,       63.133, 0.335,  0.292, 106,   0, 0
     6989,       63.141, 0.336,  0.314, 106,   0, 0
     6990,       63.148, 0.332,  0.223, 106,   0, 0
     6991,       63.178, 0.353,  0.757, 106,   0, 0
     6992,       63.186, 0.350,  0.689, 106,   0, 0
     6993,       63.192, 0.353,  0.735, 106,   0, 0
     6994,       63.200, 0.334,  0.242, 106,   0, 0
     6995,       63.206, 0.325, -0.016, 106,   0, 0
     6996,       63.211, 0.325, -0.022, 106,   0, 0
     6997,       63.219, 0.355,  0.781, 106,   0, 0
     6998,       63.225, 0.339,  0.360, 106,   0, 0
     6999,       63.234, 0.332,  0.178, 106,   0, 0
     7000,       63.241, 0.365,  1.041, 106,   0, 0
     7001,       63.271, 0.322, -0.125, 106,   0, 0
     7002,       63.277, 0.351,  0.670, 106,   0, 0
     7003,       63.286, 0.324, -0.082, 106,   0, 0
     7004,       63.292, 0.337,  0.272, 106,   0, 0
     7005,       63.300, 0.337,  0.274, 106,   0, 0
     7006,       63.306, 0.322, -0.122, 106,   0, 0
     7007,       63.312, 0.300, -0.717, 106,   0, 0
     7008,       63.319, 0.302, -0.651, 106,   0, 0
     7009,       63.325, 0.295, -0.824, 106,   0, 0
     7010,       63.332, 0.294, -0.838, 106,   0, 0
     7011,       63.360, 0.296, -0.798, 106,   0, 0
     7012,       63.367, 0.312, -0.365, 106,   0, 0
     7013,       63.373, 0.325, -0.010, 106,   0, 0
     7014,       63.382, 0.338,  0.337, 106,   0, 0
     7015,       63.388, 0.354,  0.755, 106,   0, 0
     7016,       63.395, 0.343,  0.451, 106,   0, 0
     7017,       63.401, 0.344,  0.476, 106,   0, 0
     7018,       63.407, 0.326, -0.015, 106,   0, 0
     7019,       63.413, 0.326, -0.013, 106,   0, 0
     7020,       63.419, 0.327,  0.019, 106,   0, 0
     7021,       63.447, 0.309, -0.480, 106,   0, 0
     7022,       63.453, 0.314, -0.351, 106,   0, 0
     7023,       63.459, 0.323, -0.089, 106,   0, 0
     7024,       63.468, 0.301, -0.676, 106,   0, 0
     7025,       63.475, 0.324, -0.072, 106,   0, 0
     7026,       63.482, 0.322, -0.104, 106,   0, 0
     7027,       63.489, 0.329,  0.074, 106,   0, 0
     7028,       63.501, 0.329,  0.073, 106,   0, 0
     7029,       63.509, 0.338,  0.332, 106,   0, 0
     7030,       63.518, 0.324, -0.037, 106,   0, 0
     7031,       63.548, 0.338,  0.334, 106,   0, 0
     7032,       63.554, 0.336,  0.268, 106,   0, 0
     7033,       63.560, 0.334,  0.230, 106,   0, 0
     7034,       63.568, 0.334,  0.210, 106,   0, 0
     7035,       63.574, 0.339,  0.368, 106,   0, 0
     7036,       63.580, 0.309, -0.449, 106,   0, 0
     7037,       63.587, 0.335,  0.255, 106,   0, 0
     7038,       63.593, 0.337,  0.312, 106,   0, 0
     7039,       63.601, 0.349,  0.638, 106,   0, 0
     7040,       63.607, 0.322, -0.103, 106,   0, 0
     7041,       63.641, 0.337,  0.290, 106,   0, 0
     7042,       63.649, 0.337,  0.302, 106,   0, 0
     7043,       63.655, 0.367,  1.119, 106,   0, 0
     7044,       63.661, 0.366,  1.079, 106,   0, 0
     7045,       63.667, 0.366,  1.062, 106,   0, 0
     7046,       63.673, 0.350,  0.624, 106,   0, 0
     7047,       63.679, 0.352,  0.675, 106,   0, 0
     7048,       63.685, 0.323, -0.119, 106,   0, 0
     7049,       63.691, 0.338,  0.290, 106,   0, 0
     7050,       63.696, 0.352,  0.677, 106,   0, 0
     7051,       63.724, 0.366,  1.048, 106,   0, 0
     7052,       63.730, 0.348,  0.564, 106,   0, 0
     7053,       63.736, 0.337,  0.269, 106,   0, 0
     7054,       63.743, 0.351,  0.661, 106,   0, 0
     7055,       63.751, 0.353,  0.689, 106,   0, 0
     7056,       63.758, 0.337,  0.274, 106,   0, 0
     7057,       63.765, 0.337,  0.274, 106,   0, 0
     7058,       63.771, 0.351,  0.653, 106,   0, 0
     7059,       63.776, 0.353,  0.682, 106,   0, 0
     7060,       63.783, 0.353,  0.678, 106,   0, 0
     7061,       63.810, 0.352,  0.654, 106,   0, 0
     7062,       63.817, 0.351,  0.647, 106,   0, 0
     7063,       63.823, 0.336,  0.231, 106,   0, 0
     7064,       63.828, 0.361,  0.902, 106,   0, 0
     7065,       63.835, 0.351,  0.618, 106,   0, 0
     7066,       63.841, 0.306, -0.576, 106,   0, 0
     7067,       63.847, 0.309, -0.484, 106,   0, 0
     7068,       63.852, 0.309, -0.474, 106,   0, 0
     7069,       63.860, 0.323, -0.081, 106,   0, 0
     7070,       63.871, 0.335,  0.259, 106,   0, 0
     7071,       63.904, 0.338,  0.333, 106,   0, 0
     7072,       63.913, 0.339,  0.373, 106,   0, 0
     7073,       63.920, 0.326,  0.012, 106,   0, 0
     7074,       63.926, 0.354,  0.756, 106,   0, 0
     7075,       63.935, 0.311, -0.391, 106,   0, 0
     7076,       63.941, 0.312, -0.351, 106,   0, 0
     7077,       63.951, 0.324, -0.022, 106,   0, 0
     7078,       63.956, 0.324, -0.024, 106,   0, 0
     7079,       63.963, 0.324, -0.039, 106,   0, 0
     7080,       63.970, 0.348,  0.628, 106,   0, 0
     7081,       64.001, 0.325, -0.000, 106,   0, 0
     7082,       64.007, 0.324, -0.036, 106,   0, 0
     7083,       64.014, 0.296, -0.785, 106,   0, 0
     7084,       64.021, 0.310, -0.378, 106,   0, 0
     7085,       64.027, 0.311, -0.348, 106,   0, 0
     7086,       64.036, 0.309, -0.399, 106,   0, 0
     7087,       64.041, 0.345,  0.580, 106,   0, 0
     7088,       64.049, 0.295, -0.765, 106,   0, 0
     7089,       64.055, 0.310, -0.346, 106,   0, 0
     7090,       64.061, 0.310, -0.394, 106,   0, 0
     7091,       64.090, 0.295, -0.985, 106,   0, 0
     7092,       64.096, 0.325, -0.046, 106,   0, 0
     7093,       64.102, 0.297, -1.363, 106,   0, 0
     7094,       64.108, 0.297, -1.550, 106,   0, 0
     7095,       64.114, 0.306, -1.201, 106,   0, 0
     7096,       64.122, 0.297, -1.699, 106,   0, 0
     7097,       64.128, 0.295, -1.775, 106,   0, 0
     7098,       64.136, 0.295, -1.743, 106,   0, 0
     7099,       64.145, 0.297, -1.648, 106,   0, 0
     7100,       64.152, 0.320, -0.418, 106,   0, 0
     7101,       64.180, 0.296, -1.681, 106,   0, 0
     7102,       64.186, 0.296, -1.664, 106,   0, 0
     7103,       64.192, 0.295, -1.701, 106,   0, 0
     7104,       64.198, 0.297, -1.597, 106,   0, 0
     7105,       64.204, 0.310, -0.901, 106,   0, 0
     7106,       64.209, 0.307, -1.045, 106,   0, 0
     7107,       64.215, 0.304, -1.183, 106,   0, 0
     7108,       64.221, 0.306, -1.086, 106,   0, 0
     7109,       64.227, 0.304, -1.146, 106,   0, 0
     7110,       64.233, 0.332,  0.240, 106,   0, 0
     7111,       64.261, 0.319, -0.406, 106,   0, 0
     7112,       64.269, 0.303, -1.197, 106,   0, 0
     7113,       64.277, 0.304, -1.138, 106,   0, 0
     7114,       64.283, 0.318, -0.396, 106,   0, 0
     7115,       64.290, 0.318, -0.389, 106,   0, 0
     7116,       64.296, 0.306, -1.000, 106,   0, 0
     7117,       64.301, 0.306, -0.984, 106,   0, 0
     7118,       64.307, 0.305, -1.010, 106,   0, 0
     7119,       64.313, 0.295, -1.470, 106,   0, 0
     7120,       64.319, 0.290, -1.682, 106,   0, 0
     7121,       64.348, 0.313, -0.573, 106,   0, 0
     7122,       64.353, 0.334,  0.474, 106,   0, 0
     7123,       64.359, 0.305, -0.943, 106,   0, 0
     7124,       64.366, 0.310, -0.700, 106,   0, 0
     7125,       64.372, 0.296, -1.372, 106,   0, 0
     7126,       64.379, 0.310, -0.668, 106,   0, 0
     7127,       64.386, 0.295, -1.373, 106,   0, 0
     7128,       64.392, 0.310, -0.617, 106,   0, 0
     7129,       64.399, 0.343,  0.971, 106,   0, 0
     7130,       64.405, 0.339,  0.769, 106,   0, 0
     7131,       64.433, 0.297, -1.356, 106,   0, 0
     7132,       64.439, 0.339,  0.755, 106,   0, 0
     7133,       64.446, 0.314, -0.479, 106,   0, 0
     7134,       64.452, 0.338,  0.669, 106,   0, 0
     7135,       64.458, 0.336,  0.594, 106,   0, 0
     7136,       64.465, 0.356,  1.613, 106,   0, 0
     7137,       64.471, 0.355,  1.536, 106,   0, 0
     7138,       64.476, 0.339,  0.741, 106,   0, 0
     7139,       64.483, 0.340,  0.790, 106,   0, 0
     7140,       64.490, 0.339,  0.726, 106,   0, 0
     7141,       64.520, 0.353,  1.378, 106,   0, 0
     7142,       64.527, 0.353,  1.353, 106,   0, 0
     7143,       64.538, 0.337,  0.561, 106,   0, 0
     7144,       64.544, 0.353,  1.322, 106,   0, 0
     7145,       64.552, 0.338,  0.592, 106,   0, 0
     7146,       64.557, 0.310, -0.772, 106,   0, 0
     7147,       64.565, 0.334,  0.397, 106,   0, 0
     7148,       64.571, 0.329,  0.137, 106,   0, 0
     7149,       64.577, 0.314, -0.582, 106,   0, 0
     7150,       64.586, 0.314, -0.572, 106,   0, 0
     7151,       64.617, 0.342,  0.785, 106,   0, 0
     7152,       64.623, 0.341,  0.739, 106,   0, 0
     7153,       64.629, 0.342,  0.780, 106,   0, 0
     7154,       64.636, 0.322, -0.167, 106,   0, 0
     7155,       64.645, 0.323, -0.105, 106,   0, 0
     7156,       64.656, 0.314, -0.562, 106,   0, 0
     7157,       64.662, 0.314, -0.564, 106,   0, 0
     7158,       64.670, 0.338,  0.614, 106,   0, 0
     7159,       64.676, 0.343,  0.843, 106,   0, 0
     7160,       64.685, 0.323, -0.121, 106,   0, 0
     7161,       64.720, 0.313, -0.577, 106,   0, 0
     7162,       64.726, 0.326,  0.044, 106,   0, 0
     7163,       64.734, 0.311, -0.657, 106,   0, 0
     7164,       64.740, 0.324,  0.001, 106,   0, 0
     7165,       64.746, 0.325,  0.053, 106,   0, 0
     7166,       64.752, 0.309, -0.746, 106,   0, 0
     7167,       64.758, 0.354,  1.537, 106,   0, 0
     7168,       64.767, 0.297, -1.367, 106,   0, 0
     7169,       64.775, 0.295, -1.419, 106,   0, 0
     7170,       64.783, 0.325,  0.131, 106,   0, 0
     7171,       64.810, 0.281, -2.103, 107,   1, 0
     7172,       64.822, 0.239, -4.224, 107,   2, 0
     7173,       64.834, 0.219, -4.890, 107,   3, 0
     7174,       64.846, 0.236, -3.668, 107,   4, 0
     7175,       64.857, 0.239, -3.356, 107,   5, 0
     7176,       64.870, 0.236, -3.313, 107,   6, 0
     7177,       64.885, 0.191, -4.881, 107,   7, 0
     7178,       64.899, 0.234, -2.909, 107,   8, 0
     7179,       64.911, 0.208, -3.707, 107,   9, 0
     7180,       64.925, 0.214, -3.279, 107,  10, 0
     7181,       64.964, 0.191, -3.860, 107,  11, 0
     7182,       64.976, 0.208, -3.109, 107,  12, 0
     7183,       64.992, 0.206, -3.045, 107,  13, 0
     7184,       65.006, 0.229, -2.265, 107,  14, 0
     7185,       65.021, 0.227, -2.259, 107,  15, 0
     7186,       65.033, 0.202, -2.872, 107,  16, 0
     7187,       65.046, 0.222, -2.226, 107,  17, 0
     7188,       65.062, 0.229, -1.996, 107,   0, 0
     7189,       65.070, 0.234, -1.806, 107,   0, 0
     7190,       65.076, 0.222, -2.067, 108,   1, 0
     7191,       65.112, 0.244, -1.463, 108,   0, 0
     7192,       65.119, 0.229, -1.823, 108,   0, 0
     7193,       65.125, 0.234, -1.647, 108,   0, 0
     7194,       65.131, 0.230, -1.703, 108,   0, 0
     7195,       65.137, 0.260, -0.955, 108,   0, 0
     7196,       65.142, 0.246, -1.275, 108,   0, 0
     7197,       65.148, 0.227, -1.717, 108,   0, 0
     7198,       65.154, 0.205, -2.187, 109,   1, 0
     7199,       65.168, 0.212, -1.970, 109,   0, 0
     7200,       65.174, 0.208, -2.016, 110,   1, 0
     7201,       65.211, 0.198, -2.205, 110,   2, 0
     7202,       65.225, 0.208, -1.921, 110,   0, 0
     7203,       65.235, 0.229, -1.409, 110,   0, 0
     7204,       65.241, 0.244, -1.044, 110,   0, 0
     7205,       65.250, 0.198, -2.044, 111,   1, 0
     7206,       65.261, 0.212, -1.680, 111,   0, 0
     7207,       65.270, 0.230, -1.269, 111,   0, 0
     7208,       65.276, 0.200, -1.880, 111,   0, 0
     7209,       65.284, 0.198, -1.887, 111,   0, 0
     7210,       65.290, 0.212, -1.543, 111,   0, 0
     7211,       65.320, 0.242, -0.893, 111,   0, 0
     7212,       65.326, 0.212, -1.499, 111,   0, 0
     7213,       65.336, 0.227, -1.173, 111,   0, 0
     7214,       65.342, 0.235, -0.985, 111,   0, 0
     7215,       65.350, 0.210, -1.476, 111,   0, 0
     7216,       65.356, 0.246, -0.738, 111,   0, 0
     7217,       65.362, 0.306,  0.462, 111,   0, 0
     7218,       65.369, 0.322,  0.775, 111,   0, 0
     7219,       65.375, 0.336,  1.049, 111,   0, 0
     7220,       65.382, 0.355,  1.412, 111,   0, 0
     7221,       65.409, 0.311,  0.538, 111,   0, 0
     7222,       65.417, 0.327,  0.856, 111,   0, 0
     7223,       65.422, 0.340,  1.103, 111,   0, 0
     7224,       65.428, 0.337,  1.024, 111,   0, 0
     7225,       65.434, 0.328,  0.849, 111,   0, 0
     7226,       65.441, 0.325,  0.787, 111,   0, 0
     7227,       65.453, 0.337,  1.000, 111,   0, 0
     7228,       65.458, 0.297,  0.230, 111,   0, 0
     7229,       65.466, 0.310,  0.475, 111,   0, 0
     7230,       65.473, 0.285,  0.008, 111,   0, 0
     7231,       65.503, 0.258, -0.518, 111,   0, 0
     7232,       65.509, 0.227, -1.106, 111,   0, 0
     7233,       65.517, 0.191, -1.776, 111,   0, 0
     7234,       65.522, 0.230, -1.003, 111,   0, 0
     7235,       65.529, 0.220, -1.162, 111,   0, 0
     7236,       65.536, 0.197, -1.580, 111,   0, 0
     7237,       65.542, 0.220, -1.116, 111,   0, 0
     7238,       65.550, 0.230, -0.928, 111,   0, 0
     7239,       65.556, 0.246, -0.606, 111,   0, 0
     7240,       65.566, 0.244, -0.637, 111,   0, 0
     7241,       65.597, 0.229, -0.914, 111,   0, 0
     7242,       65.604, 0.229, -0.900, 111,   0, 0
     7243,       65.610, 0.244, -0.596, 111,   0, 0
     7244,       65.618, 0.212, -1.180, 111,   0, 0
     7245,       65.624, 0.212, -1.161, 111,   0, 0
     7246,       65.632, 0.229, -0.839, 111,   0, 0
     7247,       65.638, 0.228, -0.842, 111,   0, 0
     7248,       65.643, 0.242, -0.566, 111,   0, 0
     7249,       65.651, 0.282,  0.180, 111,   0, 0
     7250,       65.657, 0.302,  0.556, 111,   0, 0
     7251,       65.685, 0.337,  1.211, 111,   0, 0
     7252,       65.690, 0.303,  0.564, 111,   0, 0
     7253,       65.696, 0.304,  0.599, 111,   0, 0
     7254,       65.702, 0.342,  1.298, 111,   0, 0
     7255,       65.708, 0.338,  1.218, 111,   0, 0
     7256,       65.716, 0.325,  0.993, 111,   0, 0
     7257,       65.724, 0.297,  0.475, 111,   0, 0
     7258,       65.730, 0.295,  0.451, 111,   0, 0
     7259,       65.735, 0.285,  0.280, 111,   0, 0
     7260,       65.741, 0.320,  0.957, 111,   0, 0
     7261,       65.769, 0.320,  0.950, 111,   0, 0
     7262,       65.774, 0.303,  0.647, 111,   0, 0
     7263,       65.781, 0.311,  0.811, 111,   0, 0
     7264,       65.788, 0.297,  0.533, 111,   0, 0
     7265,       65.793, 0.296,  0.540, 111,   0, 0
     7266,       65.800, 0.296,  0.543, 111,   0, 0
     7267,       65.806, 0.303,  0.699, 111,   0, 0
     7268,       65.811, 0.335,  1.344, 111,   0, 0
     7269,       65.817, 0.314,  0.911, 111,   0, 0
     7270,       65.824, 0.308,  0.792, 111,   0, 0
     7271,       65.853, 0.294,  0.524, 111,   0, 0
     7272,       65.862, 0.285,  0.359, 111,   0, 0
     7273,       65.869, 0.294,  0.544, 111,   0, 0
     7274,       65.874, 0.293,  0.534, 111,   0, 0
     7275,       65.881, 0.308,  0.848, 111,   0, 0
     7276,       65.887, 0.308,  0.847, 111,   0, 0
     7277,       65.892, 0.300,  0.686, 111,   0, 0
     7278,       65.898, 0.258, -0.173, 111,   0, 0
     7279,       65.904, 0.244, -0.443, 111,   0, 0
     7280,       65.911, 0.202, -1.316, 111,   0, 0
     7281,       65.939, 0.228, -0.756, 111,   0, 0
     7282,       65.945, 0.250, -0.279, 111,   0, 0
     7283,       65.951, 0.212, -1.066, 111,   0, 0
     7284,       65.957, 0.191, -1.497, 111,   0, 0
     7285,       65.964, 0.199, -1.304, 111,   0, 0
     7286,       65.971, 0.229, -0.652, 111,   0, 0
     7287,       65.979, 0.197, -1.303, 111,   0, 0
     7288,       65.985, 0.215, -0.922, 111,   0, 0
     7289,       65.991, 0.212, -0.958, 111,   0, 0
     7290,       65.998, 0.237, -0.411, 111,   0, 0
     7291,       66.026, 0.199, -1.218, 111,   0, 0
     7292,       66.032, 0.200, -1.180, 111,   0, 0
     7293,       66.038, 0.230, -0.530, 111,   0, 0
     7294,       66.043, 0.194, -1.305, 111,   0, 0
     7295,       66.050, 0.194, -1.289, 111,   0, 0
     7296,       66.056, 0.214, -0.841, 111,   0, 0
     7297,       66.062, 0.216, -0.795, 111,   0, 0
     7298,       66.068, 0.229, -0.532, 111,   0, 0
     7299,       66.074, 0.191, -1.326, 111,   0, 0
     7300,       66.080, 0.165, -1.867, 111,   0, 0
     7301,       66.114, 0.206, -0.991, 111,   0, 0
     7302,       66.120, 0.218, -0.732, 111,   0, 0
     7303,       66.126, 0.198, -1.170, 111,   0, 0
     7304,       66.133, 0.222, -0.651, 111,   0, 0
     7305,       66.139, 0.194, -1.250, 111,   0, 0
     7306,       66.144, 0.194, -1.237, 111,   0, 0
     7307,       66.151, 0.200, -1.109, 111,   0, 0
     7308,       66.156, 0.187, -1.367, 111,   0, 0
     7309,       66.162, 0.204, -0.989, 111,   0, 0
     7310,       66.168, 0.165, -1.783, 111,   0, 0
     7311,       66.196, 0.214, -0.756, 111,   0, 0
     7312,       66.202, 0.155, -1.944, 111,   0, 0
     7313,       66.207, 0.191, -1.191, 111,   0, 0
     7314,       66.214, 0.242, -0.157, 111,   0, 0
     7315,       66.220, 0.197, -1.068, 111,   0, 0
     7316,       66.228, 0.215, -0.700, 111,   0, 0
     7317,       66.236, 0.197, -1.030, 111,   0, 0
     7318,       66.242, 0.199, -0.984, 111,   0, 0
     7319,       66.248, 0.184, -1.280, 111,   0, 0
     7320,       66.254, 0.179, -1.381, 111,   0, 0
     7321,       66.281, 0.187, -1.212, 111,   0, 0
     7322,       66.287, 0.182, -1.297, 111,   0, 0
     7323,       66.293, 0.219, -0.577, 111,   0, 0
     7324,       66.299, 0.187, -1.193, 111,   0, 0
     7325,       66.305, 0.187, -1.177, 111,   0, 0
     7326,       66.310, 0.184, -1.219, 111,   0, 0
     7327,       66.316, 0.187, -1.161, 111,   0, 0
     7328,       66.322, 0.187, -1.148, 111,   0, 0
     7329,       66.328, 0.193, -1.020, 111,   0, 0
     7330,       66.334, 0.191, -1.064, 111,   0, 0
     7331,       66.363, 0.186, -1.147, 111,   0, 0
     7332,       66.371, 0.191, -1.040, 111,   0, 0
     7333,       66.377, 0.182, -1.206, 111,   0, 0
     7334,       66.384, 0.196, -0.936, 111,   0, 0
     7335,       66.390, 0.184, -1.138, 111,   0, 0
     7336,       66.396, 0.200, -0.844, 111,   0, 0
     7337,       66.402, 0.235, -0.184, 111,   0, 0
     7338,       66.408, 0.191, -0.995, 111,   0, 0
     7339,       66.414, 0.214, -0.549, 111,   0, 0
     7340,       66.420, 0.200, -0.799, 111,   0, 0
     7341,       66.448, 0.217, -0.460, 111,   0, 0
     7342,       66.454, 0.170, -1.362, 111,   0, 0
     7343,       66.461, 0.187, -1.012, 111,   0, 0
     7344,       66.467, 0.191, -0.916, 111,   0, 0
     7345,       66.474, 0.179, -1.145, 111,   0, 0
     7346,       66.479, 0.182, -1.071, 111,   0, 0
     7347,       66.486, 0.220, -0.276, 111,   0, 0
     7348,       66.493, 0.244,  0.230, 111,   0, 0
     7349,       66.500, 0.184, -1.005, 111,   0, 0
     7350,       66.508, 0.184, -0.986, 111,   0, 0
     7351,       66.537, 0.193, -0.794, 111,   0, 0
     7352,       66.542, 0.229, -0.018, 111,   0, 0
     7353,       66.549, 0.218, -0.265, 111,   0, 0
     7354,       66.554, 0.206, -0.515, 111,   0, 0
     7355,       66.560, 0.206, -0.514, 111,   0, 0
     7356,       66.568, 0.214, -0.343, 111,   0, 0
     7357,       66.574, 0.208, -0.476, 111,   0, 0
     7358,       66.579, 0.214, -0.335, 111,   0, 0
     7359,       66.585, 0.182, -1.004, 111,   0, 0
     7360,       66.591, 0.179, -1.055, 111,   0, 0
     7361,       66.620, 0.200, -0.604, 111,   0, 0
     7362,       66.626, 0.191, -0.784, 111,   0, 0
     7363,       66.634, 0.201, -0.557, 111,   0, 0
     7364,       66.641, 0.208, -0.412, 111,   0, 0
     7365,       66.648, 0.191, -0.760, 111,   0, 0
     7366,       66.654, 0.190, -0.779, 111,   0, 0
     7367,       66.659, 0.188, -0.806, 111,   0, 0
     7368,       66.665, 0.176, -1.042, 111,   0, 0
     7369,       66.671, 0.197, -0.615, 111,   0, 0
     7370,       66.677, 0.191, -0.715, 111,   0, 0
     7371,       66.704, 0.216, -0.192, 111,   0, 0
     7372,       66.711, 0.207, -0.349, 111,   0, 0
     7373,       66.717, 0.216, -0.143, 111,   0, 0
     7374,       66.723, 0.185, -0.821, 111,   0, 0
     7375,       66.729, 0.197, -0.526, 111,   0, 0
     7376,       66.735, 0.200, -0.460, 111,   0, 0
     7377,       66.741, 0.182, -0.865, 111,   0, 0
     7378,       66.749, 0.200, -0.429, 111,   0, 0
     7379,       66.756, 0.199, -0.427, 111,   0, 0
     7380,       66.762, 0.187, -0.707, 111,   0, 0
     7381,       66.790, 0.184, -0.775, 111,   0, 0
     7382,       66.797, 0.187, -0.698, 111,   0, 0
     7383,       66.803, 0.197, -0.413, 111,   0, 0
     7384,       66.808, 0.200, -0.334, 111,   0, 0
     7385,       66.814, 0.214,  0.070, 111,   0, 0
     7386,       66.820, 0.207, -0.096, 111,   0, 0
     7387,       66.826, 0.190, -0.576, 111,   0, 0
     7388,       66.832, 0.190, -0.565, 111,   0, 0
     7389,       66.839, 0.202, -0.194, 111,   0, 0
     7390,       66.845, 0.214,  0.234, 111,   0, 0
     7391,       66.875, 0.199, -0.237, 111,   0, 0
     7392,       66.883, 0.200, -0.196, 111,   0, 0
     7393,       66.891, 0.184, -0.761, 111,   0, 0
     7394,       66.897, 0.193, -0.407, 111,   0, 0
     7395,       66.903, 0.197, -0.267, 111,   0, 0
     7396,       66.909, 0.227,  1.119, 111,   0, 0
     7397,       66.915, 0.281,  3.954, 111,   0, 0
     7398,       66.921, 0.306,  5.436, 111,   0, 0
     7399,       66.927, 0.318,  5.550, 111,   0, 0
     7400,       66.934, 0.366,  7.072, 111,   0, 0
     7401,       66.961, 0.311,  3.904, 111,   0, 0
     7402,       66.967, 0.355,  5.159, 111,   0, 0
     7403,       66.973, 0.339,  4.193, 111,   0, 0
     7404,       66.978, 0.326,  3.492, 111,   0, 0
     7405,       66.985, 0.310,  2.856, 111,   0, 0
     7406,       66.992, 0.355,  3.964, 111,   0, 0
     7407,       67.000, 0.353,  3.645, 111,   0, 0
     7408,       67.008, 0.365,  3.717, 111,   0, 0
     7409,       67.015, 0.294,  1.886, 111,   0, 0
     7410,       67.022, 0.310,  2.198, 111,   0, 0
     7411,       67.050, 0.309,  2.121, 111,   0, 0
     7412,       67.056, 0.303,  1.944, 111,   0, 0
     7413,       67.062, 0.364,  3.185, 111,   0, 0
     7414,       67.068, 0.310,  1.936, 111,   0, 0
     7415,       67.073, 0.325,  2.185, 111,   0, 0
     7416,       67.079, 0.302,  1.671, 111,   0, 0
     7417,       67.086, 0.340,  2.394, 111,   0, 0
     7418,       67.092, 0.353,  2.561, 111,   0, 0
     7419,       67.098, 0.310,  1.665, 111,   0, 0
     7420,       67.104, 0.354,  2.449, 111,   0, 0
     7421,       67.133, 0.310,  1.570, 111,   0, 0
     7422,       67.142, 0.305,  1.452, 111,   0, 0
     7423,       67.148, 0.350,  2.235, 111,   0, 0
     7424,       67.154, 0.339,  1.973, 111,   0, 0
     7425,       67.161, 0.312,  1.453, 111,   0, 0
     7426,       67.167, 0.355,  2.167, 111,   0, 0
     7427,       67.173, 0.356,  2.132, 111,   0, 0
     7428,       67.178, 0.325,  1.563, 111,   0, 0
     7429,       67.184, 0.365,  2.179, 111,   0, 0
     7430,       67.190, 0.297,  1.023, 111,   0, 0
     7431,       67.218, 0.337,  1.651, 111,   0, 0
     7432,       67.225, 0.339,  1.653, 111,   0, 0
     7433,       67.231, 0.354,  1.858, 111,   0, 0
     7434,       67.237, 0.354,  1.814, 111,   0, 0
     7435,       67.243, 0.343,  1.606, 111,   0, 0
     7436,       67.251, 0.334,  1.435, 111,   0, 0
     7437,       67.257, 0.354,  1.715, 111,   0, 0
     7438,       67.263, 0.312,  1.050, 111,   0, 0
     7439,       67.269, 0.311,  1.014, 111,   0, 0
     7440,       67.275, 0.323,  1.170, 111,   0, 0
     7441,       67.303, 0.350,  1.562, 111,   0, 0
     7442,       67.308, 0.351,  1.543, 111,   0, 0
     7443,       67.314, 0.304,  0.823, 111,   0, 0
     7444,       67.320, 0.357,  1.589, 111,   0, 0
     7445,       67.326, 0.304,  0.783, 111,   0, 0
     7446,       67.332, 0.334,  1.203, 111,   0, 0
     7447,       67.338, 0.364,  1.624, 111,   0, 0
     7448,       67.344, 0.347,  1.346, 111,   0, 0
     7449,       67.351, 0.342,  1.250, 111,   0, 0
     7450,       67.356, 0.309,  0.751, 111,   0, 0
     7451,       67.385, 0.335,  1.114, 111,   0, 0
     7452,       67.393, 0.338,  1.144, 111,   0, 0
     7453,       67.400, 0.355,  1.370, 111,   0, 0
     7454,       67.406, 0.321,  0.856, 111,   0, 0
     7455,       67.412, 0.366,  1.488, 111,   0, 0
     7456,       67.418, 0.334,  1.005, 111,   0, 0
     7457,       67.424, 0.304,  0.554, 111,   0, 0
     7458,       67.430, 0.339,  1.054, 111,   0, 0
     7459,       67.436, 0.323,  0.803, 111,   0, 0
     7460,       67.442, 0.309,  0.578, 111,   0, 0
     7461,       67.470, 0.308,  0.556, 111,   0, 0
     7462,       67.476, 0.338,  0.982, 111,   0, 0
     7463,       67.482, 0.295,  0.335, 111,   0, 0
     7464,       67.488, 0.293,  0.302, 111,   0, 0
     7465,       67.494, 0.307,  0.489, 111,   0, 0
     7466,       67.500, 0.279,  0.071, 111,   0, 0
     7467,       67.506, 0.308,  0.492, 111,   0, 0
     7468,       67.513, 0.319,  0.645, 111,   0, 0
     7469,       67.521, 0.299,  0.341, 111,   0, 0
     7470,       67.527, 0.306,  0.431, 111,   0, 0
     7471,       67.556, 0.302,  0.358, 111,   0, 0
     7472,       67.562, 0.280,  0.002, 111,   0, 0
     7473,       67.567, 0.304,  0.375, 111,   0, 0
     7474,       67.573, 0.298,  0.261, 111,   0, 0
     7475,       67.578, 0.321,  0.618, 111,   0, 0
     7476,       67.585, 0.291,  0.133, 111,   0, 0
     7477,       67.592, 0.306,  0.359, 111,   0, 0
     7478,       67.598, 0.295,  0.181, 111,   0, 0
     7479,       67.604, 0.274, -0.165, 111,   0, 0
     7480,       67.609, 0.302,  0.269, 111,   0, 0
     7481,       67.638, 0.278, -0.127, 111,   0, 0
     7482,       67.644, 0.280, -0.115, 111,   0, 0
     7483,       67.653, 0.275, -0.211, 111,   0, 0
     7484,       67.659, 0.293,  0.080, 111,   0, 0
     7485,       67.665, 0.292,  0.054, 111,   0, 0
     7486,       67.671, 0.282, -0.138, 111,   0, 0
     7487,       67.676, 0.278, -0.224, 111,   0, 0
     7488,       67.682, 0.276, -0.271, 111,   0, 0
     7489,       67.689, 0.292,  0.001, 111,   0, 0
     7490,       67.695, 0.244, -0.872, 111,   0, 0
     7491,       67.723, 0.282, -0.212, 111,   0, 0
     7492,       67.729, 0.296,  0.033, 111,   0, 0
     7493,       67.735, 0.242, -0.965, 111,   0, 0
     7494,       67.741, 0.297,  0.031, 111,   0, 0
     7495,       67.747, 0.258, -0.716, 111,   0, 0
     7496,       67.754, 0.305,  0.168, 111,   0, 0
     7497,       67.766, 0.312,  0.289, 111,   0, 0
     7498,       67.771, 0.320,  0.430, 111,   0, 0
     7499,       67.778, 0.313,  0.267, 111,   0, 0
     7500,       67.784, 0.306,  0.119, 111,   0, 0
     7501,       67.812, 0.303,  0.031, 111,   0, 0
     7502,       67.819, 0.297, -0.122, 111,   0, 0
     7503,       67.824, 0.283, -0.447, 111,   0, 0
     7504,       67.830, 0.304, -0.005, 111,   0, 0
     7505,       67.836, 0.311,  0.151, 111,   0, 0
     7506,       67.842, 0.313,  0.171, 111,   0, 0
     7507,       67.849, 0.377,  1.689, 111,   0, 0
     7508,       67.854, 0.313,  0.111, 111,   0, 0
     7509,       67.860, 0.313,  0.113, 111,   0, 0
     7510,       67.867, 0.304, -0.147, 111,   0, 0
     7511,       67.900, 0.297, -0.374, 111,   0, 0
     7512,       67.906, 0.312,  0.012, 111,   0, 0
     7513,       67.913, 0.309, -0.099, 111,   0, 0
     7514,       67.919, 0.318,  0.152, 111,   0, 0
     7515,       67.924, 0.332,  0.579, 111,   0, 0
     7516,       67.930, 0.375,  2.083, 111,   0, 0
     7517,       67.936, 0.301, -0.575, 111,   0, 0
     7518,       67.942, 0.297, -0.746, 111,   0, 0
     7519,       67.948, 0.327,  0.379, 111,   0, 0
     7520,       67.954, 0.317,  0.015, 111,   0, 0
     7521,       67.982, 0.308, -0.334, 111,   0, 0
     7522,       67.988, 0.333,  0.599, 111,   0, 0
     7523,       67.993, 0.312, -0.167, 111,   0, 0
     7524,       68.000, 0.342,  0.959, 111,   0, 0
     7525,       68.007, 0.335,  0.707, 111,   0, 0
     7526,       68.013, 0.320,  0.124, 111,   0, 0
     7527,       68.022, 0.288, -1.049, 111,   0, 0
     7528,       68.028, 0.306, -0.375, 111,   0, 0
     7529,       68.034, 0.304, -0.442, 111,   0, 0
     7530,       68.041, 0.336,  0.778, 111,   0, 0
     7531,       68.069, 0.319,  0.119, 111,   0, 0
     7532,       68.074, 0.295, -0.794, 111,   0, 0
     7533,       68.080, 0.306, -0.369, 111,   0, 0
     7534,       68.088, 0.295, -0.765, 111,   0, 0
     7535,       68.094, 0.313, -0.056, 111,   0, 0
     7536,       68.100, 0.296, -0.720, 111,   0, 0
     7537,       68.106, 0.310, -0.196, 111,   0, 0
     7538,       68.112, 0.306, -0.339, 111,   0, 0
     7539,       68.117, 0.310, -0.169, 111,   0, 0
     7540,       68.123, 0.311, -0.112, 111,   0, 0
     7541,       68.152, 0.326,  0.465, 111,   0, 0
     7542,       68.160, 0.342,  1.081, 111,   0, 0
     7543,       68.169, 0.326,  0.446, 111,   0, 0
     7544,       68.174, 0.323,  0.344, 111,   0, 0
     7545,       68.180, 0.352,  1.491, 111,   0, 0
     7546,       68.186, 0.306, -0.325, 111,   0, 0
     7547,       68.192, 0.299, -0.595, 111,   0, 0
     7548,       68.199, 0.328,  0.598, 111,   0, 0
     7549,       68.206, 0.339,  1.016, 111,   0, 0
     7550,       68.213, 0.320,  0.285, 111,   0, 0
     7551,       68.240, 0.324,  0.436, 111,   0, 0
     7552,       68.247, 0.291, -0.892, 111,   0, 0
     7553,       68.253, 0.293, -0.808, 111,   0, 0
     7554,       68.258, 0.302, -0.421, 111,   0, 0
     7555,       68.264, 0.263, -2.009, 112,   1, 0
     7556,       68.277, 0.295, -0.661, 112,   0, 0
     7557,       68.285, 0.328,  0.706, 112,   0, 0
     7558,       68.293, 0.336,  1.033, 112,   0, 0
     7559,       68.299, 0.330,  0.776, 112,   0, 0
     7560,       68.305, 0.303, -0.314, 112,   0, 0
     7561,       68.334, 0.319,  0.323, 112,   0, 0
     7562,       68.339, 0.334,  0.976, 112,   0, 0
     7563,       68.345, 0.305, -0.213, 112,   0, 0
     7564,       68.351, 0.318,  0.333, 112,   0, 0
     7565,       68.357, 0.307, -0.113, 112,   0, 0
     7566,       68.363, 0.299, -0.462, 112,   0, 0
     7567,       68.369, 0.326,  0.714, 112,   0, 0
     7568,       68.374, 0.335,  1.132, 112,   0, 0
     7569,       68.380, 0.334,  1.079, 112,   0, 0
     7570,       68.388, 0.294, -0.667, 112,   0, 0
     7571,       68.418, 0.323,  0.619, 112,   0, 0
     7572,       68.424, 0.296, -0.594, 112,   0, 0
     7573,       68.430, 0.294, -0.646, 112,   0, 0
     7574,       68.437, 0.324,  0.733, 112,   0, 0
     7575,       68.442, 0.312,  0.187, 112,   0, 0
     7576,       68.448, 0.335,  1.281, 112,   0, 0
     7577,       68.454, 0.334,  1.213, 112,   0, 0
     7578,       68.461, 0.302, -0.284, 112,   0, 0
     7579,       68.467, 0.310,  0.107, 112,   0, 0
     7580,       68.473, 0.311,  0.151, 112,   0, 0
     7581,       68.501, 0.334,  1.211, 112,   0, 0
     7582,       68.508, 0.354,  2.134, 112,   0, 0
     7583,       68.513, 0.324,  0.751, 112,   0, 0
     7584,       68.520, 0.324,  0.739, 112,   0, 0
     7585,       68.528, 0.347,  1.752, 112,   0, 0
     7586,       68.534, 0.324,  0.706, 112,   0, 0
     7587,       68.541, 0.294, -0.685, 112,   0, 0
     7588,       68.547, 0.309, -0.024, 112,   0, 0
     7589,       68.553, 0.324,  0.701, 112,   0, 0
     7590,       68.558, 0.311,  0.075, 112,   0, 0
     7591,       68.586, 0.325,  0.703, 112,   0, 0
     7592,       68.592, 0.323,  0.624, 112,   0, 0
     7593,       68.598, 0.332,  1.012, 112,   0, 0
     7594,       68.604, 0.322,  0.547, 112,   0, 0
     7595,       68.610, 0.334,  1.061, 112,   0, 0
     7596,       68.616, 0.332,  0.998, 112,   0, 0
     7597,       68.622, 0.334,  1.036, 112,   0, 0
     7598,       68.627, 0.334,  1.021, 112,   0, 0
     7599,       68.634, 0.319,  0.357, 112,   0, 0
     7600,       68.640, 0.320,  0.382, 112,   0, 0
     7601,       68.668, 0.334,  0.993, 112,   0, 0
     7602,       68.674, 0.334,  0.977, 112,   0, 0
     7603,       68.682, 0.319,  0.299, 112,   0, 0
     7604,       68.688, 0.350,  1.729, 112,   0, 0
     7605,       68.693, 0.319,  0.261, 112,   0, 0
     7606,       68.700, 0.321,  0.344, 112,   0, 0
     7607,       68.705, 0.334,  0.913, 112,   0, 0
     7608,       68.711, 0.351,  1.700, 112,   0, 0
     7609,       68.717, 0.325,  0.467, 112,   0, 0
     7610,       68.723, 0.349,  1.607, 112,   0, 0
     7611,       68.752, 0.321,  0.217, 112,   0, 0
     7612,       68.758, 0.319,  0.126, 112,   0, 0
     7613,       68.764, 0.306, -0.561, 112,   0, 0
     7614,       68.770, 0.373,  2.996, 112,   0, 0
     7615,       68.776, 0.362,  2.300, 112,   0, 0
     7616,       68.782, 0.311, -0.426, 112,   0, 0
     7617,       68.788, 0.309, -0.523, 112,   0, 0
     7618,       68.795, 0.322,  0.167, 112,   0, 0
     7619,       68.802, 0.353,  1.791, 112,   0, 0
     7620,       68.808, 0.353,  1.767, 112,   0, 0
     7621,       68.837, 0.353,  1.728, 112,   0, 0
     7622,       68.843, 0.351,  1.567, 112,   0, 0
     7623,       68.848, 0.364,  2.224, 112,   0, 0
     7624,       68.855, 0.343,  1.128, 112,   0, 0
     7625,       68.860, 0.355,  1.694, 112,   0, 0
     7626,       68.868, 0.355,  1.658, 112,   0, 0
     7627,       68.888, 0.355,  1.623, 112,   0, 0
     7628,       68.898, 0.354,  1.620, 112,   0, 0
     7629,       68.909, 0.355,  1.633, 112,   0, 0
     7630,       68.929, 0.325,  0.128, 112,   0, 0
     7631,       68.971, 0.298, -1.260, 112,   0, 0
     7632,       68.977, 0.297, -1.334, 112,   0, 0
     7633,       68.984, 0.354,  1.533, 112,   0, 0
     7634,       68.990, 0.354,  1.518, 112,   0, 0
     7635,       68.998, 0.353,  1.445, 112,   0, 0
     7636,       69.004, 0.339,  0.756, 112,   0, 0
     7637,       69.010, 0.306, -0.885, 112,   0, 0
     7638,       69.017, 0.324,  0.030, 112,   0, 0
     7639,       69.024, 0.311, -0.632, 112,   0, 0
     7640,       69.030, 0.311, -0.624, 112,   0, 0
     7641,       69.059, 0.339,  0.772, 112,   0, 0
     7642,       69.065, 0.304, -0.982, 112,   0, 0
     7643,       69.072, 0.312, -0.605, 112,   0, 0
     7644,       69.080, 0.333,  0.467, 112,   0, 0
     7645,       69.087, 0.363,  2.005, 112,   0, 0
     7646,       69.093, 0.302, -1.076, 112,   0, 0
     7647,       69.099, 0.317, -0.343, 112,   0, 0
     7648,       69.105, 0.332,  0.416, 112,   0, 0
     7649,       69.111, 0.366,  2.098, 112,   0, 0
     7650,       69.117, 0.340,  0.752, 112,   0, 0
     7651,       69.145, 0.303, -1.078, 112,   0, 0
     7652,       69.151, 0.334,  0.467, 112,   0, 0
     7653,       69.157, 0.337,  0.609, 112,   0, 0
     7654,       69.164, 0.334,  0.462, 112,   0, 0
     7655,       69.170, 0.334,  0.449, 112,   0, 0
     7656,       69.176, 0.320, -0.287, 112,   0, 0
     7657,       69.181, 0.323, -0.156, 112,   0, 0
     7658,       69.187, 0.298, -1.414, 112,   0, 0
     7659,       69.195, 0.306, -1.012, 112,   0, 0
     7660,       69.203, 0.309, -0.857, 112,   0, 0
     7661,       69.231, 0.304, -1.084, 112,   0, 0
     7662,       69.237, 0.323, -0.113, 112,   0, 0
     7663,       69.243, 0.336,  0.509, 112,   0, 0
     7664,       69.249, 0.332,  0.334, 112,   0, 0
     7665,       69.255, 0.306, -0.990, 112,   0, 0
     7666,       69.262, 0.321, -0.234, 112,   0, 0
     7667,       69.268, 0.321, -0.207, 112,   0, 0
     7668,       69.274, 0.324, -0.070, 112,   0, 0
     7669,       69.280, 0.306, -1.008, 112,   0, 0
     7670,       69.287, 0.339,  0.713, 112,   0, 0
     7671,       69.316, 0.349,  1.214, 112,   0, 0
     7672,       69.325, 0.320, -0.274, 112,   0, 0
     7673,       69.333, 0.321, -0.231, 112,   0, 0
     7674,       69.339, 0.325, -0.031, 112,   0, 0
     7675,       69.346, 0.296, -1.585, 112,   0, 0
     7676,       69.352, 0.319, -0.392, 112,   0, 0
     7677,       69.358, 0.324, -0.135, 112,   0, 0
     7678,       69.364, 0.310, -0.921, 112,   0, 0
     7679,       69.371, 0.320, -0.360, 112,   0, 0
     7680,       69.377, 0.295, -1.725, 112,   0, 0
     7681,       69.405, 0.293, -1.807, 112,   0, 0
     7682,       69.411, 0.294, -1.732, 112,   0, 0
     7683,       69.417, 0.293, -1.734, 112,   0, 0
     7684,       69.423, 0.294, -1.676, 112,   0, 0
     7685,       69.430, 0.306, -1.023, 112,   0, 0
     7686,       69.438, 0.293, -1.684, 112,   0, 0
     7687,       69.447, 0.294, -1.636, 112,   0, 0
     7688,       69.453, 0.282, -2.204, 113,   1, 0
     7689,       69.464, 0.306, -0.917, 113,   0, 0
     7690,       69.472, 0.305, -0.974, 113,   0, 0
     7691,       69.500, 0.297, -1.404, 113,   0, 0
     7692,       69.506, 0.293, -1.564, 113,   0, 0
     7693,       69.512, 0.293, -1.560, 113,   0, 0
     7694,       69.518, 0.305, -0.960, 113,   0, 0
     7695,       69.524, 0.306, -0.910, 113,   0, 0
     7696,       69.531, 0.308, -0.776, 113,   0, 0
     7697,       69.536, 0.318, -0.268, 113,   0, 0
     7698,       69.542, 0.304, -0.986, 113,   0, 0
     7699,       69.548, 0.365,  2.019, 113,   0, 0
     7700,       69.556, 0.327,  0.134, 113,   0, 0
     7701,       69.586, 0.324, -0.007, 113,   0, 0
     7702,       69.593, 0.312, -0.573, 113,   0, 0
     7703,       69.599, 0.323, -0.058, 113,   0, 0
     7704,       69.605, 0.339,  0.724, 113,   0, 0
     7705,       69.611, 0.339,  0.717, 113,   0, 0
     7706,       69.617, 0.323, -0.033, 113,   0, 0
     7707,       69.623, 0.306, -0.857, 113,   0, 0
     7708,       69.630, 0.307, -0.829, 113,   0, 0
     7709,       69.637, 0.297, -1.356, 113,   0, 0
     7710,       69.643, 0.294, -1.443, 113,   0, 0
     7711,       69.672, 0.285, -1.888, 113,   0, 0
     7712,       69.677, 0.296, -1.321, 113,   0, 0
     7713,       69.683, 0.207, -5.517, 114,   1, 0
     7714,       69.699, 0.174, -6.299, 114,   2, 0
     7715,       69.711, 0.188, -4.936, 114,   3, 0
     7716,       69.723, 0.214, -3.565, 114,   4, 0
     7717,       69.734, 0.244, -2.392, 114,   5, 0
     7718,       69.745, 0.260, -1.824, 114,   0, 0
     7719,       69.751, 0.276, -1.281, 114,   0, 0
     7720,       69.758, 0.276, -1.261, 114,   0, 0
     7721,       69.786, 0.276, -1.241, 114,   0, 0
     7722,       69.793, 0.306, -0.315, 114,   0, 0
     7723,       69.799, 0.288, -0.836, 114,   0, 0
     7724,       69.806, 0.306, -0.290, 114,   0, 0
     7725,       69.812, 0.306, -0.280, 114,   0, 0
     7726,       69.819, 0.260, -1.696, 114,   0, 0
     7727,       69.825, 0.276, -1.164, 114,   0, 0
     7728,       69.831, 0.276, -1.145, 114,   0, 0
     7729,       69.837, 0.277, -1.087, 114,   0, 0
     7730,       69.843, 0.277, -1.070, 114,   0, 0
     7731,       69.873, 0.292, -0.622, 114,   0, 0
     7732,       69.878, 0.306, -0.185, 114,   0, 0
     7733,       69.885, 0.279, -1.003, 114,   0, 0
     7734,       69.891, 0.290, -0.656, 114,   0, 0
     7735,       69.897, 0.262, -1.494, 114,   0, 0
     7736,       69.902, 0.261, -1.478, 114,   0, 0
     7737,       69.908, 0.251, -1.756, 114,   0, 0
     7738,       69.914, 0.265, -1.303, 114,   0, 0
     7739,       69.925, 0.260, -1.451, 114,   0, 0
     7740,       69.931, 0.274, -1.011, 114,   0, 0
     7741,       69.959, 0.277, -0.889, 114,   0, 0
     7742,       69.965, 0.260, -1.398, 114,   0, 0
     7743,       69.971, 0.260, -1.374, 114,   0, 0
     7744,       69.977, 0.261, -1.301, 114,   0, 0
     7745,       69.984, 0.262, -1.271, 114,   0, 0
     7746,       69.990, 0.276, -0.833, 114,   0, 0
     7747,       69.995, 0.258, -1.349, 114,   0, 0
     7748,       70.001, 0.276, -0.797, 114,   0, 0
     7749,       70.007, 0.261, -1.218, 114,   0, 0
     7750,       70.012, 0.258, -1.310, 114,   0, 0
     7751,       70.042, 0.260, -1.232, 114,   0, 0
     7752,       70.048, 0.257, -1.297, 114,   0, 0
     7753,       70.057, 0.257, -1.278, 114,   0, 0
     7754,       70.063, 0.258, -1.232, 114,   0, 0
     7755,       70.069, 0.265, -0.994, 114,   0, 0
     7756,       70.075, 0.264, -1.005, 114,   0, 0
     7757,       70.082, 0.272, -0.738, 114,   0, 0
     7758,       70.089, 0.264, -0.971, 114,   0, 0
     7759,       70.095, 0.250, -1.409, 114,   0, 0
     7760,       70.101, 0.251, -1.329, 114,   0, 0
     7761,       70.129, 0.251, -1.306, 114,   0, 0
     7762,       70.135, 0.257, -1.117, 114,   0, 0
     7763,       70.142, 0.264, -0.882, 114,   0, 0
     7764,       70.151, 0.264, -0.868, 114,   0, 0
     7765,       70.162, 0.266, -0.810, 114,   0, 0
     7766,       70.173, 0.272, -0.593, 114,   0, 0
     7767,       70.184, 0.264, -0.835, 114,   0, 0
     7768,       70.191, 0.272, -0.571, 114,   0, 0
     7769,       70.197, 0.288, -0.083, 114,   0, 0
     7770,       70.204, 0.279, -0.350, 114,   0, 0
     7771,       70.232, 0.268, -0.697, 114,   0, 0
     7772,       70.237, 0.268, -0.680, 114,   0, 0
     7773,       70.243, 0.264, -0.770, 114,   0, 0
     7774,       70.250, 0.280, -0.249, 114,   0, 0
     7775,       70.256, 0.266, -0.698, 114,   0, 0
     7776,       70.262, 0.251, -1.173, 114,   0, 0
     7777,       70.268, 0.251, -1.142, 114,   0, 0
     7778,       70.274, 0.280, -0.182, 114,   0, 0
     7779,       70.282, 0.268, -0.595, 114,   0, 0
     7780,       70.288, 0.306,  0.666, 114,   0, 0
     7781,       70.319, 0.282, -0.120, 114,   0, 0
     7782,       70.329, 0.266, -0.638, 114,   0, 0
     7783,       70.335, 0.266, -0.626, 114,   0, 0
     7784,       70.341, 0.287,  0.095, 114,   0, 0
     7785,       70.348, 0.281, -0.107, 114,   0, 0
     7786,       70.353, 0.281, -0.100, 114,   0, 0
     7787,       70.359, 0.297,  0.444, 114,   0, 0
     7788,       70.365, 0.274, -0.300, 114,   0, 0
     7789,       70.371, 0.246, -1.252, 114,   0, 0
     7790,       70.377, 0.290,  0.259, 114,   0, 0
     7791,       70.406, 0.291,  0.328, 114,   0, 0
     7792,       70.413, 0.306,  0.869, 114,   0, 0
     7793,       70.418, 0.306,  0.867, 114,   0, 0
     7794,       70.424, 0.306,  0.876, 114,   0, 0
     7795,       70.430, 0.305,  0.847, 114,   0, 0
     7796,       70.438, 0.290,  0.325, 114,   0, 0
     7797,       70.445, 0.274, -0.227, 114,   0, 0
     7798,       70.450, 0.274, -0.215, 114,   0, 0
     7799,       70.456, 0.306,  0.939, 114,   0, 0
     7800,       70.462, 0.306,  0.959, 114,   0, 0
     7801,       70.491, 0.292,  0.427, 114,   0, 0
     7802,       70.496, 0.306,  0.943, 114,   0, 0
     7803,       70.502, 0.306,  0.936, 114,   0, 0
     7804,       70.508, 0.308,  0.998, 114,   0, 0
     7805,       70.514, 0.274, -0.214, 114,   0, 0
     7806,       70.520, 0.306,  0.947, 114,   0, 0
     7807,       70.526, 0.276, -0.153, 114,   0, 0
     7808,       70.532, 0.290,  0.357, 114,   0, 0
     7809,       70.538, 0.274, -0.216, 114,   0, 0
     7810,       70.544, 0.292,  0.432, 114,   0, 0
     7811,       70.573, 0.292,  0.437, 114,   0, 0
     7812,       70.580, 0.306,  0.954, 114,   0, 0
     7813,       70.586, 0.295,  0.569, 114,   0, 0
     7814,       70.596, 0.290,  0.367, 114,   0, 0
     7815,       70.602, 0.273, -0.255, 114,   0, 0
     7816,       70.609, 0.292,  0.450, 114,   0, 0
     7817,       70.616, 0.274, -0.188, 114,   0, 0
     7818,       70.622, 0.305,  0.956, 114,   0, 0
     7819,       70.627, 0.303,  0.901, 114,   0, 0
     7820,       70.634, 0.303,  0.959, 114,   0, 0
     7821,       70.662, 0.273, -0.215, 114,   0, 0
     7822,       70.667, 0.288,  0.422, 114,   0, 0
     7823,       70.674, 0.297,  0.764, 114,   0, 0
     7824,       70.680, 0.303,  1.044, 114,   0, 0
     7825,       70.687, 0.303,  1.079, 114,   0, 0
     7826,       70.693, 0.272, -0.183, 114,   0, 0
     7827,       70.702, 0.250, -1.157, 114,   0, 0
     7828,       70.709, 0.264, -0.503, 114,   0, 0
     7829,       70.715, 0.273, -0.121, 114,   0, 0
     7830,       70.721, 0.279,  0.169, 114,   0, 0
     7831,       70.749, 0.266, -0.406, 114,   0, 0
     7832,       70.754, 0.279,  0.182, 114,   0, 0
     7833,       70.760, 0.264, -0.469, 114,   0, 0
     7834,       70.767, 0.264, -0.508, 114,   0, 0
     7835,       70.774, 0.272, -0.184, 114,   0, 0
     7836,       70.779, 0.264, -0.694, 114,   0, 0
     7837,       70.785, 0.264, -0.754, 114,   0, 0
     7838,       70.791, 0.250, -1.636, 114,   0, 0
     7839,       70.797, 0.306,  1.698, 114,   0, 0
     7840,       70.803, 0.322,  2.534, 114,   0, 0
     7841,       70.831, 0.322,  2.448, 114,   0, 0
     7842,       70.837, 0.338,  3.290, 114,   0, 0
     7843,       70.848, 0.322,  2.275, 114,   0, 0
     7844,       70.855, 0.306,  1.410, 114,   0, 0
     7845,       70.861, 0.306,  1.410, 114,   0, 0
     7846,       70.868, 0.320,  2.149, 114,   0, 0
     7847,       70.873, 0.305,  1.298, 114,   0, 0
     7848,       70.879, 0.351,  3.643, 114,   0, 0
     7849,       70.885, 0.322,  2.022, 114,   0, 0
     7850,       70.892, 0.294,  0.616, 114,   0, 0
     7851,       70.920, 0.297,  0.746, 114,   0, 0
     7852,       70.926, 0.296,  0.707, 114,   0, 0
     7853,       70.932, 0.296,  0.715, 114,   0, 0
     7854,       70.937, 0.289,  0.391, 114,   0, 0
     7855,       70.943, 0.296,  0.706, 114,   0, 0
     7856,       70.949, 0.302,  0.996, 114,   0, 0
     7857,       70.956, 0.297,  0.714, 114,   0, 0
     7858,       70.963, 0.315,  1.602, 114,   0, 0
     7859,       70.970, 0.324,  1.963, 114,   0, 0
     7860,       70.976, 0.326,  2.010, 114,   0, 0
     7861,       71.004, 0.311,  1.291, 114,   0, 0
     7862,       71.010, 0.310,  1.235, 114,   0, 0
     7863,       71.017, 0.318,  1.542, 114,   0, 0
     7864,       71.022, 0.302,  0.801, 114,   0, 0
     7865,       71.028, 0.295,  0.484, 114,   0, 0
     7866,       71.035, 0.318,  1.494, 114,   0, 0
     7867,       71.040, 0.321,  1.629, 114,   0, 0
     7868,       71.047, 0.318,  1.442, 114,   0, 0
     7869,       71.058, 0.336,  2.256, 114,   0, 0
     7870,       71.066, 0.334,  2.101, 114,   0, 0
     7871,       71.095, 0.366,  3.434, 114,   0, 0
     7872,       71.103, 0.341,  2.221, 114,   0, 0
     7873,       71.110, 0.327,  1.582, 114,   0, 0
     7874,       71.116, 0.340,  2.071, 114,   0, 0
     7875,       71.122, 0.340,  2.023, 114,   0, 0
     7876,       71.128, 0.338,  1.903, 114,   0, 0
     7877,       71.134, 0.322,  1.234, 114,   0, 0
     7878,       71.140, 0.335,  1.734, 114,   0, 0
     7879,       71.146, 0.302,  0.371, 114,   0, 0
     7880,       71.152, 0.363,  2.823, 114,   0, 0
     7881,       71.181, 0.355,  2.390, 114,   0, 0
     7882,       71.187, 0.356,  2.386, 114,   0, 0
     7883,       71.192, 0.354,  2.224, 114,   0, 0
     7884,       71.199, 0.334,  1.420, 114,   0, 0
     7885,       71.204, 0.323,  0.981, 114,   0, 0
     7886,       71.211, 0.323,  0.965, 114,   0, 0
     7887,       71.218, 0.335,  1.419, 114,   0, 0
     7888,       71.226, 0.352,  2.036, 114,   0, 0
     7889,       71.233, 0.316,  0.636, 114,   0, 0
     7890,       71.239, 0.335,  1.311, 114,   0, 0
     7891,       71.268, 0.322,  0.808, 114,   0, 0
     7892,       71.274, 0.306,  0.198, 114,   0, 0
     7893,       71.280, 0.335,  1.271, 114,   0, 0
     7894,       71.286, 0.306,  0.166, 114,   0, 0
     7895,       71.292, 0.306,  0.159, 114,   0, 0
     7896,       71.298, 0.306,  0.147, 114,   0, 0
     7897,       71.305, 0.305,  0.102, 114,   0, 0
     7898,       71.310, 0.305,  0.087, 114,   0, 0
     7899,       71.316, 0.319,  0.635, 114,   0, 0
     7900,       71.323, 0.297, -0.269, 114,   0, 0
     7901,       71.352, 0.296, -0.296, 114,   0, 0
     7902,       71.359, 0.305,  0.061, 114,   0, 0
     7903,       71.366, 0.305,  0.049, 114,   0, 0
     7904,       71.372, 0.308,  0.161, 114,   0, 0
     7905,       71.378, 0.306,  0.091, 114,   0, 0
     7906,       71.384, 0.305,  0.020, 114,   0, 0
     7907,       71.389, 0.305,  0.012, 114,   0, 0
     7908,       71.396, 0.303, -0.050, 114,   0, 0
     7909,       71.403, 0.302, -0.119, 114,   0, 0
     7910,       71.408, 0.302, -0.142, 114,   0, 0
     7911,       71.436, 0.297, -0.378, 114,   0, 0
     7912,       71.442, 0.296, -0.412, 114,   0, 0
     7913,       71.448, 0.285, -0.842, 114,   0, 0
     7914,       71.454, 0.302, -0.137, 114,   0, 0
     7915,       71.460, 0.302, -0.142, 114,   0, 0
     7916,       71.471, 0.303, -0.103, 114,   0, 0
     7917,       71.481, 0.304, -0.047, 114,   0, 0
     7918,       71.487, 0.294, -0.507, 114,   0, 0
     7919,       71.494, 0.306, -0.003, 114,   0, 0
     7920,       71.501, 0.306,  0.030, 114,   0, 0
     7921,       71.529, 0.297, -0.393, 114,   0, 0
     7922,       71.535, 0.294, -0.520, 114,   0, 0
     7923,       71.541, 0.293, -0.547, 114,   0, 0
     7924,       71.548, 0.293, -0.542, 114,   0, 0
     7925,       71.553, 0.294, -0.504, 114,   0, 0
     7926,       71.559, 0.294, -0.484, 114,   0, 0
     7927,       71.565, 0.293, -0.541, 114,   0, 0
     7928,       71.572, 0.293, -0.550, 114,   0, 0
     7929,       71.579, 0.297, -0.394, 114,   0, 0
     7930,       71.591, 0.293, -0.564, 114,   0, 0
     7931,       71.619, 0.303, -0.135, 114,   0, 0
     7932,       71.625, 0.294, -0.537, 114,   0, 0
     7933,       71.631, 0.294, -0.532, 114,   0, 0
     7934,       71.637, 0.295, -0.487, 114,   0, 0
     7935,       71.643, 0.302, -0.169, 114,   0, 0
     7936,       71.649, 0.306, -0.009, 114,   0, 0
     7937,       71.655, 0.303, -0.123, 114,   0, 0
     7938,       71.661, 0.321,  0.654, 114,   0, 0
     7939,       71.668, 0.276, -1.365, 114,   0, 0
     7940,       71.673, 0.278, -1.261, 114,   0, 0
     7941,       71.702, 0.321,  0.657, 114,   0, 0
     7942,       71.709, 0.307,  0.027, 114,   0, 0
     7943,       71.715, 0.307,  0.020, 114,   0, 0
     7944,       71.722, 0.290, -0.739, 114,   0, 0
     7945,       71.728, 0.308,  0.034, 114,   0, 0
     7946,       71.735, 0.306, -0.035, 114,   0, 0
     7947,       71.741, 0.306, -0.048, 114,   0, 0
     7948,       71.747, 0.295, -0.557, 114,   0, 0
     7949,       71.754, 0.264, -2.017, 115,   1, 0
     7950,       71.766, 0.287, -0.934, 115,   0, 0
     7951,       71.794, 0.279, -1.334, 115,   0, 0
     7952,       71.801, 0.280, -1.282, 115,   0, 0
     7953,       71.806, 0.294, -0.666, 115,   0, 0
     7954,       71.813, 0.279, -1.384, 115,   0, 0
     7955,       71.819, 0.265, -2.053, 116,   1, 0
     7956,       71.832, 0.281, -1.312, 116,   0, 0
     7957,       71.838, 0.264, -2.123, 117,   1, 0
     7958,       71.850, 0.273, -1.714, 117,   0, 0
     7959,       71.857, 0.279, -1.457, 117,   0, 0
     7960,       71.864, 0.279, -1.420, 117,   0, 0
     7961,       71.893, 0.279, -1.407, 117,   0, 0
     7962,       71.899, 0.279, -1.381, 117,   0, 0
     7963,       71.905, 0.264, -2.067, 118,   1, 0
     7964,       71.917, 0.250, -2.711, 118,   2, 0
     7965,       71.929, 0.279, -1.256, 118,   0, 0
     7966,       71.936, 0.279, -1.237, 118,   0, 0
     7967,       71.942, 0.257, -2.220, 119,   1, 0
     7968,       71.955, 0.279, -1.174, 119,   0, 0
     7969,       71.962, 0.287, -0.789, 119,   0, 0
     7970,       71.970, 0.282, -1.017, 119,   0, 0
     7971,       71.998, 0.253, -2.319, 120,   1, 0
     7972,       72.009, 0.281, -1.006, 120,   0, 0
     7973,       72.016, 0.275, -1.243, 120,   0, 0
     7974,       72.022, 0.258, -2.002, 121,   1, 0
     7975,       72.033, 0.293, -0.448, 121,   0, 0
     7976,       72.040, 0.276, -1.186, 121,   0, 0
     7977,       72.046, 0.276, -1.170, 121,   0, 0
     7978,       72.052, 0.276, -1.156, 121,   0, 0
     7979,       72.059, 0.260, -1.800, 121,   0, 0
     7980,       72.066, 0.261, -1.707, 121,   0, 0
     7981,       72.094, 0.258, -1.822, 121,   0, 0
     7982,       72.100, 0.258, -1.780, 121,   0, 0
     7983,       72.106, 0.258, -1.741, 121,   0, 0
     7984,       72.112, 0.250, -2.034, 122,   1, 0
     7985,       72.123, 0.251, -1.915, 122,   0, 0
     7986,       72.130, 0.265, -1.331, 122,   0, 0
     7987,       72.136, 0.258, -1.593, 122,   0, 0
     7988,       72.143, 0.257, -1.595, 122,   0, 0
     7989,       72.149, 0.281, -0.656, 122,   0, 0
     7990,       72.156, 0.285, -0.457, 122,   0, 0
     7991,       72.184, 0.294, -0.119, 122,   0, 0
     7992,       72.191, 0.286, -0.424, 122,   0, 0
     7993,       72.199, 0.303,  0.290, 122,   0, 0
     7994,       72.205, 0.294, -0.073, 122,   0, 0
     7995,       72.211, 0.287, -0.325, 122,   0, 0
     7996,       72.217, 0.288, -0.275, 122,   0, 0
     7997,       72.222, 0.294, -0.024, 122,   0, 0
     7998,       72.228, 0.294, -0.025, 122,   0, 0
     7999,       72.234, 0.286, -0.352, 122,   0, 0
     8000,       72.240, 0.294, -0.004, 122,   0, 0
     8001,       72.268, 0.251, -1.902, 122,   0, 0
     8002,       72.274, 0.251, -1.897, 122,   0, 0
     8003,       72.280, 0.268, -1.123, 122,   0, 0
     8004,       72.286, 0.257, -1.641, 122,   0, 0
     8005,       72.291, 0.264, -1.250, 122,   0, 0
     8006,       72.298, 0.294,  0.213, 122,   0, 0
     8007,       72.306, 0.303,  0.684, 122,   0, 0
     8008,       72.314, 0.267, -1.103, 122,   0, 0
     8009,       72.320, 0.257, -1.661, 122,   0, 0
     8010,       72.327, 0.267, -1.096, 122,   0, 0
     8011,       72.356, 0.259, -1.539, 122,   0, 0
     8012,       72.362, 0.260, -1.439, 122,   0, 0
     8013,       72.368, 0.258, -1.510, 122,   0, 0
     8014,       72.374, 0.290,  0.238, 122,   0, 0
     8015,       72.380, 0.274, -0.614, 122,   0, 0
     8016,       72.386, 0.262, -1.290, 122,   0, 0
     8017,       72.391, 0.244, -2.267, 123,   1, 0
     8018,       72.402, 0.260, -1.325, 123,   0, 0
     8019,       72.408, 0.261, -1.233, 123,   0, 0
     8020,       72.414, 0.261, -1.218, 123,   0, 0
     8021,       72.476, 0.261, -1.197, 123,   0, 0
     8022,       72.486, 0.276, -0.397, 123,   0, 0
     8023,       72.494, 0.260, -1.227, 123,   0, 0
     8024,       72.500, 0.261, -1.150, 123,   0, 0
     8025,       72.506, 0.258, -1.330, 123,   0, 0
     8026,       72.512, 0.263, -1.005, 123,   0, 0
     8027,       72.519, 0.262, -1.088, 123,   0, 0
     8028,       72.526, 0.259, -1.227, 123,   0, 0
     8029,       72.538, 0.260, -1.126, 123,   0, 0
     8030,       72.547, 0.290,  0.545, 123,   0, 0
     8031,       72.574, 0.262, -1.001, 123,   0, 0
     8032,       72.580, 0.258, -1.192, 123,   0, 0
     8033,       72.586, 0.258, -1.171, 123,   0, 0
     8034,       72.591, 0.259, -1.140, 123,   0, 0
     8035,       72.599, 0.262, -0.929, 123,   0, 0
     8036,       72.607, 0.274, -0.227, 123,   0, 0
     8037,       72.613, 0.292,  0.741, 123,   0, 0
     8038,       72.619, 0.305,  1.474, 123,   0, 0
     8039,       72.624, 0.288,  0.560, 123,   0, 0
     8040,       72.631, 0.257, -1.198, 123,   0, 0
     8041,       72.659, 0.257, -1.180, 123,   0, 0
     8042,       72.666, 0.257, -1.161, 123,   0, 0
     8043,       72.672, 0.303,  1.460, 123,   0, 0
     8044,       72.678, 0.250, -1.538, 123,   0, 0
     8045,       72.684, 0.303,  1.458, 123,   0, 0
     8046,       72.690, 0.294,  0.937, 123,   0, 0
     8047,       72.697, 0.303,  1.447, 123,   0, 0
     8048,       72.704, 0.303,  1.417, 123,   0, 0
     8049,       72.713, 0.257, -1.108, 123,   0, 0
     8050,       72.721, 0.259, -0.991, 123,   0, 0
     8051,       72.749, 0.303,  1.455, 123,   0, 0
     8052,       72.755, 0.305,  1.539, 123,   0, 0
     8053,       72.760, 0.303,  1.440, 123,   0, 0
     8054,       72.769, 0.303,  1.429, 123,   0, 0
     8055,       72.774, 0.264, -0.673, 123,   0, 0
     8056,       72.781, 0.272, -0.247, 123,   0, 0
     8057,       72.786, 0.286,  0.526, 123,   0, 0
     8058,       72.793, 0.303,  1.479, 123,   0, 0
     8059,       72.799, 0.242, -1.887, 123,   0, 0
     8060,       72.806, 0.303,  1.507, 123,   0, 0
     8061,       72.835, 0.242, -1.831, 123,   0, 0
     8062,       72.841, 0.258, -0.936, 123,   0, 0
     8063,       72.850, 0.287,  0.714, 123,   0, 0
     8064,       72.857, 0.289,  0.816, 123,   0, 0
     8065,       72.864, 0.294,  1.100, 123,   0, 0
     8066,       72.870, 0.288,  0.802, 123,   0, 0
     8067,       72.876, 0.294,  1.138, 123,   0, 0
     8068,       72.882, 0.281,  0.400, 123,   0, 0
     8069,       72.888, 0.305,  1.797, 123,   0, 0
     8070,       72.893, 0.314,  2.292, 123,   0, 0
     8071,       72.922, 0.306,  1.792, 123,   0, 0
     8072,       72.927, 0.274, -0.064, 123,   0, 0
     8073,       72.934, 0.276,  0.055, 123,   0, 0
     8074,       72.939, 0.312,  2.130, 123,   0, 0
     8075,       72.946, 0.296,  1.191, 123,   0, 0
     8076,       72.953, 0.304,  1.615, 123,   0, 0
     8077,       72.961, 0.307,  1.747, 123,   0, 0
     8078,       72.969, 0.295,  1.026, 123,   0, 0
     8079,       72.974, 0.295,  1.051, 123,   0, 0
     8080,       72.980, 0.318,  2.247, 123,   0, 0
     8081,       73.008, 0.318,  2.185, 123,   0, 0
     8082,       73.014, 0.290,  0.697, 123,   0, 0
     8083,       73.020, 0.322,  2.310, 123,   0, 0
     8084,       73.026, 0.289,  0.580, 123,   0, 0
     8085,       73.032, 0.311,  1.713, 123,   0, 0
     8086,       73.038, 0.354,  3.810, 123,   0, 0
     8087,       73.044, 0.354,  3.571, 123,   0, 0
     8088,       73.050, 0.355,  3.429, 123,   0, 0
     8089,       73.056, 0.354,  3.207, 123,   0, 0
     8090,       73.062, 0.338,  2.395, 123,   0, 0
     8091,       73.092, 0.353,  2.918, 123,   0, 0
     8092,       73.101, 0.338,  2.222, 123,   0, 0
     8093,       73.109, 0.338,  2.160, 123,   0, 0
     8094,       73.115, 0.366,  3.160, 123,   0, 0
     8095,       73.121, 0.340,  2.071, 123,   0, 0
     8096,       73.127, 0.353,  2.475, 123,   0, 0
     8097,       73.133, 0.323,  1.359, 123,   0, 0
     8098,       73.139, 0.327,  1.469, 123,   0, 0
     8099,       73.145, 0.312,  0.907, 123,   0, 0
     8100,       73.150, 0.306,  0.690, 123,   0, 0
     8101,       73.178, 0.304,  0.624, 123,   0, 0
     8102,       73.184, 0.295,  0.291, 123,   0, 0
     8103,       73.190, 0.297,  0.332, 123,   0, 0
     8104,       73.195, 0.303,  0.541, 123,   0, 0
     8105,       73.201, 0.297,  0.318, 123,   0, 0
     8106,       73.208, 0.304,  0.574, 123,   0, 0
     8107,       73.214, 0.304,  0.563, 123,   0, 0
     8108,       73.225, 0.303,  0.507, 123,   0, 0
     8109,       73.231, 0.305,  0.551, 123,   0, 0
     8110,       73.237, 0.305,  0.540, 123,   0, 0
     8111,       73.265, 0.303,  0.482, 123,   0, 0
     8112,       73.271, 0.281, -0.323, 123,   0, 0
     8113,       73.278, 0.273, -0.604, 123,   0, 0
     8114,       73.284, 0.310,  0.745, 123,   0, 0
     8115,       73.290, 0.303,  0.472, 123,   0, 0
     8116,       73.296, 0.303,  0.467, 123,   0, 0
     8117,       73.302, 0.251, -1.370, 123,   0, 0
     8118,       73.307, 0.274, -0.555, 123,   0, 0
     8119,       73.313, 0.276, -0.485, 123,   0, 0
     8120,       73.319, 0.237, -1.843, 123,   0, 0
     8121,       73.348, 0.210, -2.739, 124,   1, 0
     8122,       73.359, 0.211, -2.620, 124,   2, 0
     8123,       73.371, 0.197, -3.043, 124,   3, 0
     8124,       73.382, 0.174, -3.633, 124,   4, 0
     8125,       73.393, 0.146, -4.314, 124,   5, 0
     8126,       73.404, 0.150, -3.872, 124,   6, 0
     8127,       73.414, 0.176, -2.933, 124,   7, 0
     8128,       73.425, 0.151, -3.461, 124,   8, 0
     8129,       73.436, 0.202, -2.001, 124,   9, 0
     8130,       73.448, 0.231, -1.261, 124,   0, 0
     8131,       73.478, 0.265, -0.405, 124,   0, 0
     8132,       73.487, 0.244, -0.920, 124,   0, 0
     8133,       73.493, 0.251, -0.735, 124,   0, 0
     8134,       73.499, 0.239, -1.046, 124,   0, 0
     8135,       73.505, 0.250, -0.764, 124,   0, 0
     8136,       73.511, 0.250, -0.757, 124,   0, 0
     8137,       73.517, 0.268, -0.322, 124,   0, 0
     8138,       73.523, 0.238, -1.042, 124,   0, 0
     8139,       73.529, 0.249, -0.762, 124,   0, 0
     8140,       73.536, 0.238, -1.030, 124,   0, 0
     8141,       73.566, 0.265, -0.366, 124,   0, 0
     8142,       73.572, 0.243, -0.891, 124,   0, 0
     8143,       73.578, 0.256, -0.585, 124,   0, 0
     8144,       73.584, 0.268, -0.289, 124,   0, 0
     8145,       73.592, 0.282,  0.036, 124,   0, 0
     8146,       73.600, 0.261, -0.464, 124,   0, 0
     8147,       73.607, 0.258, -0.544, 124,   0, 0
     8148,       73.613, 0.253, -0.661, 124,   0, 0
     8149,       73.619, 0.266, -0.352, 124,   0, 0
     8150,       73.625, 0.285,  0.103, 124,   0, 0
     8151,       73.656, 0.267, -0.328, 124,   0, 0
     8152,       73.663, 0.266, -0.337, 124,   0, 0
     8153,       73.669, 0.251, -0.713, 124,   0, 0
     8154,       73.675, 0.251, -0.712, 124,   0, 0
     8155,       73.681, 0.252, -0.676, 124,   0, 0
     8156,       73.688, 0.240, -0.970, 124,   0, 0
     8157,       73.693, 0.263, -0.394, 124,   0, 0
     8158,       73.699, 0.294,  0.344, 124,   0, 0
     8159,       73.707, 0.265, -0.352, 124,   0, 0
     8160,       73.714, 0.267, -0.296, 124,   0, 0
     8161,       73.742, 0.269, -0.264, 124,   0, 0
     8162,       73.747, 0.236, -1.039, 124,   0, 0
     8163,       73.753, 0.270, -0.227, 124,   0, 0
     8164,       73.759, 0.258, -0.511, 124,   0, 0
     8165,       73.766, 0.266, -0.325, 124,   0, 0
     8166,       73.772, 0.253, -0.615, 124,   0, 0
     8167,       73.778, 0.293,  0.336, 124,   0, 0
     8168,       73.784, 0.294,  0.373, 124,   0, 0
     8169,       73.791, 0.303,  0.593, 124,   0, 0
     8170,       73.798, 0.266, -0.315, 124,   0, 0
     8171,       73.826, 0.294,  0.365, 124,   0, 0
     8172,       73.832, 0.283,  0.086, 124,   0, 0
     8173,       73.838, 0.266, -0.295, 124,   0, 0
     8174,       73.846, 0.296,  0.414, 124,   0, 0
     8175,       73.854, 0.266, -0.287, 124,   0, 0
     8176,       73.862, 0.238, -0.969, 124,   0, 0
     8177,       73.868, 0.244, -0.824, 124,   0, 0
     8178,       73.874, 0.237, -0.966, 124,   0, 0
     8179,       73.880, 0.244, -0.799, 124,   0, 0
     8180,       73.887, 0.259, -0.437, 124,   0, 0
     8181,       73.915, 0.279,  0.051, 124,   0, 0
     8182,       73.921, 0.253, -0.571, 124,   0, 0
     8183,       73.927, 0.251, -0.621, 124,   0, 0
     8184,       73.933, 0.214, -1.481, 124,   0, 0
     8185,       73.938, 0.244, -0.757, 124,   0, 0
     8186,       73.944, 0.238, -0.897, 124,   0, 0
     8187,       73.950, 0.244, -0.735, 124,   0, 0
     8188,       73.956, 0.212, -1.471, 124,   0, 0
     8189,       73.962, 0.278,  0.088, 124,   0, 0
     8190,       73.970, 0.279,  0.111, 124,   0, 0
     8191,       73.999, 0.251, -0.525, 124,   0, 0
     8192,       74.006, 0.264, -0.214, 124,   0, 0
     8193,       74.011, 0.280,  0.165, 124,   0, 0
     8194,       74.017, 0.251, -0.514, 124,   0, 0
     8195,       74.023, 0.240, -0.762, 124,   0, 0
     8196,       74.029, 0.237, -0.835, 124,   0, 0
     8197,       74.035, 0.237, -0.821, 124,   0, 0
     8198,       74.041, 0.228, -1.002, 124,   0, 0
     8199,       74.047, 0.239, -0.750, 124,   0, 0
     8200,       74.053, 0.266, -0.105, 124,   0, 0
     8201,       74.082, 0.253, -0.397, 124,   0, 0
     8202,       74.090, 0.224, -1.068, 124,   0, 0
     8203,       74.097, 0.222, -1.098, 124,   0, 0
     8204,       74.102, 0.216, -1.210, 124,   0, 0
     8205,       74.108, 0.239, -0.672, 124,   0, 0
     8206,       74.114, 0.244, -0.528, 124,   0, 0
     8207,       74.120, 0.213, -1.259, 124,   0, 0
     8208,       74.126, 0.208, -1.364, 124,   0, 0
     8209,       74.133, 0.253, -0.247, 124,   0, 0
     8210,       74.138, 0.228, -0.872, 124,   0, 0
     8211,       74.168, 0.243, -0.467, 124,   0, 0
     8212,       74.173, 0.250, -0.286, 124,   0, 0
     8213,       74.179, 0.228, -0.827, 124,   0, 0
     8214,       74.185, 0.264,  0.139, 124,   0, 0
     8215,       74.191, 0.242, -0.440, 124,   0, 0
     8216,       74.198, 0.272,  0.400, 124,   0, 0
     8217,       74.204, 0.288,  0.910, 124,   0, 0
     8218,       74.211, 0.235, -0.631, 124,   0, 0
     8219,       74.219, 0.271,  0.453, 124,   0, 0
     8220,       74.225, 0.265,  0.298, 124,   0, 0
     8221,       74.253, 0.242, -0.388, 124,   0, 0
     8222,       74.259, 0.258,  0.116, 124,   0, 0
     8223,       74.265, 0.273,  0.599, 124,   0, 0
     8224,       74.271, 0.257,  0.092, 124,   0, 0
     8225,       74.277, 0.251, -0.066, 124,   0, 0
     8226,       74.283, 0.258,  0.164, 124,   0, 0
     8227,       74.289, 0.246, -0.220, 124,   0, 0
     8228,       74.296, 0.291,  1.259, 124,   0, 0
     8229,       74.301, 0.289,  1.196, 124,   0, 0
     8230,       74.307, 0.303,  1.660, 124,   0, 0
     8231,       74.335, 0.312,  1.952, 124,   0, 0
     8232,       74.343, 0.364,  3.644, 124,   0, 0
     8233,       74.351, 0.365,  3.490, 124,   0, 0
     8234,       74.358, 0.355,  3.021, 124,   0, 0
     8235,       74.364, 0.342,  2.537, 124,   0, 0
     8236,       74.370, 0.302,  1.342, 124,   0, 0
     8237,       74.376, 0.336,  2.313, 124,   0, 0
     8238,       74.382, 0.312,  1.574, 124,   0, 0
     8239,       74.388, 0.312,  1.551, 124,   0, 0
     8240,       74.395, 0.302,  1.264, 124,   0, 0
     8241,       74.424, 0.244, -0.329, 124,   0, 0
     8242,       74.432, 0.242, -0.389, 124,   0, 0
     8243,       74.438, 0.258,  0.031, 124,   0, 0
     8244,       74.444, 0.251, -0.162, 124,   0, 0
     8245,       74.450, 0.242, -0.445, 124,   0, 0
     8246,       74.458, 0.244, -0.432, 124,   0, 0
     8247,       74.466, 0.240, -0.614, 124,   0, 0
     8248,       74.473, 0.249, -0.354, 124,   0, 0
     8249,       74.480, 0.235, -0.873, 124,   0, 0
     8250,       74.486, 0.235, -0.894, 124,   0, 0
     8251,       74.515, 0.258, -0.113, 124,   0, 0
     8252,       74.522, 0.264,  0.110, 124,   0, 0
     8253,       74.528, 0.228, -1.124, 124,   0, 0
     8254,       74.534, 0.261,  0.014, 124,   0, 0
     8255,       74.540, 0.274,  0.439, 124,   0, 0
     8256,       74.546, 0.249, -0.428, 124,   0, 0
     8257,       74.552, 0.281,  0.662, 124,   0, 0
     8258,       74.558, 0.295,  1.146, 124,   0, 0
     8259,       74.564, 0.285,  0.800, 124,   0, 0
     8260,       74.571, 0.293,  1.039, 124,   0, 0
     8261,       74.602, 0.235, -0.945, 124,   0, 0
     8262,       74.609, 0.235, -0.933, 124,   0, 0
     8263,       74.616, 0.253, -0.323, 124,   0, 0
     8264,       74.623, 0.239, -0.806, 124,   0, 0
     8265,       74.630, 0.307,  1.516, 124,   0, 0
     8266,       74.636, 0.306,  1.472, 124,   0, 0
     8267,       74.642, 0.297,  1.141, 124,   0, 0
     8268,       74.649, 0.294,  1.029, 124,   0, 0
     8269,       74.655, 0.296,  1.061, 124,   0, 0
     8270,       74.661, 0.297,  1.073, 124,   0, 0
     8271,       74.690, 0.296,  1.042, 124,   0, 0
     8272,       74.696, 0.282,  0.590, 124,   0, 0
     8273,       74.702, 0.296,  1.024, 124,   0, 0
     8274,       74.708, 0.296,  1.008, 124,   0, 0
     8275,       74.718, 0.296,  0.993, 124,   0, 0
     8276,       74.726, 0.297,  1.002, 124,   0, 0
     8277,       74.732, 0.306,  1.303, 124,   0, 0
     8278,       74.738, 0.305,  1.234, 124,   0, 0
     8279,       74.744, 0.305,  1.227, 124,   0, 0
     8280,       74.750, 0.276,  0.312, 124,   0, 0
     8281,       74.779, 0.293,  0.828, 124,   0, 0
     8282,       74.785, 0.259, -0.233, 124,   0, 0
     8283,       74.791, 0.304,  1.152, 124,   0, 0
     8284,       74.797, 0.295,  0.858, 124,   0, 0
     8285,       74.804, 0.306,  1.191, 124,   0, 0
     8286,       74.811, 0.311,  1.339, 124,   0, 0
     8287,       74.818, 0.304,  1.086, 124,   0, 0
     8288,       74.825, 0.295,  0.806, 124,   0, 0
     8289,       74.834, 0.301,  1.005, 124,   0, 0
     8290,       74.841, 0.304,  1.098, 124,   0, 0
     8291,       74.874, 0.307,  1.179, 124,   0, 0
     8292,       74.881, 0.304,  1.080, 124,   0, 0
     8293,       74.887, 0.307,  1.161, 124,   0, 0
     8294,       74.893, 0.308,  1.164, 124,   0, 0
     8295,       74.899, 0.352,  2.488, 124,   0, 0
     8296,       74.906, 0.381,  3.247, 124,   0, 0
     8297,       74.913, 0.353,  2.308, 124,   0, 0
     8298,       74.919, 0.347,  2.078, 124,   0, 0
     8299,       74.925, 0.366,  2.555, 124,   0, 0
     8300,       74.930, 0.357,  2.209, 124,   0, 0
     8301,       74.959, 0.357,  2.146, 124,   0, 0
     8302,       74.967, 0.355,  2.057, 124,   0, 0
     8303,       74.975, 0.339,  1.593, 124,   0, 0
     8304,       74.981, 0.340,  1.591, 124,   0, 0
     8305,       74.987, 0.355,  1.933, 124,   0, 0
     8306,       74.993, 0.354,  1.857, 124,   0, 0
     8307,       74.999, 0.356,  1.868, 124,   0, 0
     8308,       75.006, 0.382,  2.450, 124,   0, 0
     8309,       75.012, 0.386,  2.480, 124,   0, 0
     8310,       75.018, 0.370,  2.038, 124,   0, 0
     8311,       75.047, 0.356,  1.667, 124,   0, 0
     8312,       75.053, 0.408,  2.823, 124,   0, 0
     8313,       75.059, 0.408,  2.710, 124,   0, 0
     8314,       75.065, 0.392,  2.266, 124,   0, 0
     8315,       75.072, 0.365,  1.613, 124,   0, 0
     8316,       75.082, 0.380,  1.905, 124,   0, 0
     8317,       75.090, 0.370,  1.641, 124,   0, 0
     8318,       75.096, 0.370,  1.609, 124,   0, 0
     8319,       75.102, 0.380,  1.797, 124,   0, 0
     8320,       75.108, 0.378,  1.718, 124,   0, 0
     8321,       75.137, 0.378,  1.680, 124,   0, 0
     8322,       75.143, 0.381,  1.710, 124,   0, 0
     8323,       75.149, 0.380,  1.655, 124,   0, 0
     8324,       75.155, 0.370,  1.415, 124,   0, 0
     8325,       75.163, 0.380,  1.608, 124,   0, 0
     8326,       75.169, 0.379,  1.553, 124,   0, 0
     8327,       75.175, 0.380,  1.549, 124,   0, 0
     8328,       75.181, 0.365,  1.216, 124,   0, 0
     8329,       75.188, 0.396,  1.834, 124,   0, 0
     8330,       75.196, 0.380,  1.477, 124,   0, 0
     8331,       75.228, 0.380,  1.454, 124,   0, 0
     8332,       75.234, 0.380,  1.429, 124,   0, 0
     8333,       75.240, 0.380,  1.403, 124,   0, 0
     8334,       75.246, 0.407,  1.922, 124,   0, 0
     8335,       75.252, 0.424,  2.205, 124,   0, 0
     8336,       75.258, 0.393,  1.547, 124,   0, 0
     8337,       75.264, 0.396,  1.574, 124,   0, 0
     8338,       75.270, 0.378,  1.200, 124,   0, 0
     8339,       75.276, 0.380,  1.229, 124,   0, 0
     8340,       75.282, 0.366,  0.926, 124,   0, 0
     8341,       75.310, 0.379,  1.164, 124,   0, 0
     8342,       75.317, 0.409,  1.738, 124,   0, 0
     8343,       75.323, 0.409,  1.702, 124,   0, 0
     8344,       75.329, 0.409,  1.667, 124,   0, 0
     8345,       75.337, 0.380,  1.083, 124,   0, 0
     8346,       75.344, 0.381,  1.083, 124,   0, 0
     8347,       75.350, 0.381,  1.065, 124,   0, 0
     8348,       75.356, 0.371,  0.861, 124,   0, 0
     8349,       75.362, 0.381,  1.035, 124,   0, 0
     8350,       75.368, 0.368,  0.769, 124,   0, 0
     8351,       75.397, 0.410,  1.556, 124,   0, 0
     8352,       75.403, 0.367,  0.715, 124,   0, 0
     8353,       75.408, 0.367,  0.714, 124,   0, 0
     8354,       75.415, 0.379,  0.935, 124,   0, 0
     8355,       75.420, 0.368,  0.728, 124,   0, 0
     8356,       75.426, 0.379,  0.923, 124,   0, 0
     8357,       75.432, 0.379,  0.909, 124,   0, 0
     8358,       75.438, 0.380,  0.922, 124,   0, 0
     8359,       75.443, 0.379,  0.885, 124,   0, 0
     8360,       75.450, 0.366,  0.630, 124,   0, 0
     8361,       75.482, 0.379,  0.863, 124,   0, 0
     8362,       75.487, 0.351,  0.319, 124,   0, 0
     8363,       75.493, 0.381,  0.887, 124,   0, 0
     8364,       75.499, 0.393,  1.105, 124,   0, 0
     8365,       75.505, 0.395,  1.113, 124,   0, 0
     8366,       75.512, 0.379,  0.801, 124,   0, 0
     8367,       75.517, 0.364,  0.490, 124,   0, 0
     8368,       75.523, 0.381,  0.818, 124,   0, 0
     8369,       75.530, 0.396,  1.105, 124,   0, 0
     8370,       75.535, 0.395,  1.061, 124,   0, 0
     8371,       75.563, 0.385,  0.856, 124,   0, 0
     8372,       75.568, 0.380,  0.736, 124,   0, 0
     8373,       75.575, 0.394,  1.011, 124,   0, 0
     8374,       75.581, 0.395,  1.035, 124,   0, 0
     8375,       75.589, 0.395,  1.022, 124,   0, 0
     8376,       75.595, 0.396,  1.034, 124,   0, 0
     8377,       75.601, 0.425,  1.672, 124,   0, 0
     8378,       75.607, 0.394,  0.948, 124,   0, 0
     8379,       75.613, 0.395,  0.948, 124,   0, 0
     8380,       75.618, 0.391,  0.841, 124,   0, 0
     8381,       75.647, 0.381,  0.613, 124,   0, 0
     8382,       75.653, 0.408,  1.224, 124,   0, 0
     8383,       75.659, 0.381,  0.582, 124,   0, 0
     8384,       75.665, 0.408,  1.232, 124,   0, 0
     8385,       75.671, 0.382,  0.562, 124,   0, 0
     8386,       75.677, 0.395,  0.890, 124,   0, 0
     8387,       75.683, 0.395,  0.883, 124,   0, 0
     8388,       75.689, 0.380,  0.485, 124,   0, 0
     8389,       75.696, 0.395,  0.861, 124,   0, 0
     8390,       75.703, 0.393,  0.796, 124,   0, 0
     8391,       75.736, 0.380,  0.429, 124,   0, 0
     8392,       75.742, 0.395,  0.828, 124,   0, 0
     8393,       75.748, 0.395,  0.818, 124,   0, 0
     8394,       75.754, 0.393,  0.751, 124,   0, 0
     8395,       75.759, 0.414,  1.331, 124,   0, 0
     8396,       75.766, 0.385,  0.494, 124,   0, 0
     8397,       75.772, 0.381,  0.359, 124,   0, 0
     8398,       75.777, 0.371,  0.022, 124,   0, 0
     8399,       75.783, 0.384,  0.430, 124,   0, 0
     8400,       75.789, 0.367, -0.140, 124,   0, 0
     8401,       75.817, 0.398,  0.847, 124,   0, 0
     8402,       75.823, 0.355, -0.582, 124,   0, 0
     8403,       75.829, 0.393,  0.676, 124,   0, 0
     8404,       75.835, 0.369, -0.184, 124,   0, 0
     8405,       75.843, 0.408,  1.256, 124,   0, 0
     8406,       75.851, 0.380,  0.178, 124,   0, 0
     8407,       75.858, 0.377,  0.035, 124,   0, 0
     8408,       75.865, 0.379,  0.064, 124,   0, 0
     8409,       75.871, 0.384,  0.293, 124,   0, 0
     8410,       75.877, 0.398,  0.875, 124,   0, 0
     8411,       75.905, 0.371, -0.399, 124,   0, 0
     8412,       75.912, 0.378, -0.080, 124,   0, 0
     8413,       75.917, 0.385,  0.255, 124,   0, 0
     8414,       75.923, 0.385,  0.236, 124,   0, 0
     8415,       75.929, 0.395,  0.792, 124,   0, 0
     8416,       75.935, 0.408,  1.620, 124,   0, 0
     8417,       75.941, 0.408,  1.589, 124,   0, 0
     8418,       75.947, 0.395,  0.757, 124,   0, 0
     8419,       75.953, 0.394,  0.681, 124,   0, 0
     8420,       75.959, 0.390,  0.417, 124,   0, 0
     8421,       75.988, 0.394,  0.668, 124,   0, 0
     8422,       75.994, 0.396,  0.788, 124,   0, 0
     8423,       76.001, 0.396,  0.775, 124,   0, 0
     8424,       76.007, 0.410,  1.651, 124,   0, 0
     8425,       76.013, 0.396,  0.751, 124,   0, 0
     8426,       76.019, 0.393,  0.500, 124,   0, 0
     8427,       76.025, 0.378, -0.540, 124,   0, 0
     8428,       76.031, 0.380, -0.425, 124,   0, 0
     8429,       76.037, 0.377, -0.639, 124,   0, 0
     8430,       76.043, 0.393,  0.487, 124,   0, 0
     8431,       76.071, 0.380, -0.412, 124,   0, 0
     8432,       76.077, 0.334, -3.839, 125,   1, 0
     8433,       76.088, 0.251, -9.367, 125,   2, 0
     8434,       76.099, 0.193, -10.170, 125,   3, 0
     8435,       76.111, 0.182, -7.848, 125,   4, 0
     8436,       76.124, 0.214, -5.331, 125,   5, 0
     8437,       76.136, 0.267, -3.235, 125,   6, 0
     8438,       76.149, 0.313, -1.819, 125,   0, 0
     8439,       76.156, 0.328, -1.377, 125,   0, 0
     8440,       76.164, 0.349, -0.781, 125,   0, 0
     8441,       76.193, 0.363, -0.412, 125,   0, 0
     8442,       76.199, 0.352, -0.680, 125,   0, 0
     8443,       76.205, 0.308, -1.866, 125,   0, 0
     8444,       76.211, 0.349, -0.734, 125,   0, 0
     8445,       76.220, 0.377,  0.018, 125,   0, 0
     8446,       76.226, 0.345, -0.843, 125,   0, 0
     8447,       76.232, 0.336, -1.058, 125,   0, 0
     8448,       76.238, 0.351, -0.659, 125,   0, 0
     8449,       76.244, 0.351, -0.641, 125,   0, 0
     8450,       76.250, 0.349, -0.696, 125,   0, 0
     8451,       76.278, 0.353, -0.589, 125,   0, 0
     8452,       76.284, 0.317, -1.523, 125,   0, 0
     8453,       76.290, 0.328, -1.198, 125,   0, 0
     8454,       76.296, 0.351, -0.596, 125,   0, 0
     8455,       76.302, 0.337, -0.940, 125,   0, 0
     8456,       76.308, 0.340, -0.845, 125,   0, 0
     8457,       76.314, 0.326, -1.191, 125,   0, 0
     8458,       76.320, 0.341, -0.781, 125,   0, 0
     8459,       76.329, 0.356, -0.394, 125,   0, 0
     8460,       76.338, 0.323, -1.236, 125,   0, 0
     8461,       76.365, 0.315, -1.431, 125,   0, 0
     8462,       76.371, 0.353, -0.442, 125,   0, 0
     8463,       76.377, 0.315, -1.378, 125,   0, 0
     8464,       76.384, 0.294, -1.896, 125,   0, 0
     8465,       76.390, 0.323, -1.137, 125,   0, 0
     8466,       76.397, 0.332, -0.876, 125,   0, 0
     8467,       76.403, 0.321, -1.151, 125,   0, 0
     8468,       76.409, 0.337, -0.742, 125,   0, 0
     8469,       76.415, 0.336, -0.740, 125,   0, 0
     8470,       76.421, 0.325, -1.017, 125,   0, 0
     8471,       76.449, 0.336, -0.728, 125,   0, 0
     8472,       76.456, 0.306, -1.454, 125,   0, 0
     8473,       76.463, 0.304, -1.465, 125,   0, 0
     8474,       76.471, 0.305, -1.433, 125,   0, 0
     8475,       76.477, 0.288, -1.800, 125,   0, 0
     8476,       76.484, 0.312, -1.193, 125,   0, 0
     8477,       76.489, 0.303, -1.389, 125,   0, 0
     8478,       76.495, 0.283, -1.840, 125,   0, 0
     8479,       76.502, 0.313, -1.089, 125,   0, 0
     8480,       76.508, 0.306, -1.244, 125,   0, 0
     8481,       76.537, 0.304, -1.258, 125,   0, 0
     8482,       76.543, 0.313, -1.036, 125,   0, 0
     8483,       76.548, 0.303, -1.257, 125,   0, 0
     8484,       76.555, 0.290, -1.528, 125,   0, 0
     8485,       76.562, 0.292, -1.461, 125,   0, 0
     8486,       76.568, 0.306, -1.118, 125,   0, 0
     8487,       76.577, 0.320, -0.782, 125,   0, 0
     8488,       76.583, 0.304, -1.121, 125,   0, 0
     8489,       76.589, 0.289, -1.443, 125,   0, 0
     8490,       76.595, 0.287, -1.448, 125,   0, 0
     8491,       76.624, 0.297, -1.213, 125,   0, 0
     8492,       76.631, 0.275, -1.675, 125,   0, 0
     8493,       76.636, 0.272, -1.700, 125,   0, 0
     8494,       76.642, 0.299, -1.094, 125,   0, 0
     8495,       76.649, 0.258, -1.935, 125,   0, 0
     8496,       76.655, 0.274, -1.564, 125,   0, 0
     8497,       76.660, 0.296, -1.061, 125,   0, 0
     8498,       76.666, 0.276, -1.472, 125,   0, 0
     8499,       76.672, 0.287, -1.213, 125,   0, 0
     8500,       76.678, 0.287, -1.193, 125,   0, 0
     8501,       76.706, 0.290, -1.122, 125,   0, 0
     8502,       76.714, 0.303, -0.825, 125,   0, 0
     8503,       76.722, 0.274, -1.415, 125,   0, 0
     8504,       76.728, 0.274, -1.394, 125,   0, 0
     8505,       76.734, 0.280, -1.251, 125,   0, 0
     8506,       76.740, 0.279, -1.235, 125,   0, 0
     8507,       76.747, 0.297, -0.853, 125,   0, 0
     8508,       76.752, 0.267, -1.445, 125,   0, 0
     8509,       76.758, 0.279, -1.177, 125,   0, 0
     8510,       76.765, 0.279, -1.158, 125,   0, 0
     8511,       76.793, 0.279, -1.139, 125,   0, 0
     8512,       76.799, 0.289, -0.919, 125,   0, 0
     8513,       76.805, 0.306, -0.558, 125,   0, 0
     8514,       76.813, 0.305, -0.572, 125,   0, 0
     8515,       76.829, 0.276, -1.158, 125,   0, 0
     8516,       76.843, 0.303, -0.570, 125,   0, 0
     8517,       76.849, 0.294, -0.751, 125,   0, 0
     8518,       76.855, 0.294, -0.743, 125,   0, 0
     8519,       76.862, 0.291, -0.784, 125,   0, 0
     8520,       76.868, 0.300, -0.588, 125,   0, 0
     8521,       76.896, 0.303, -0.505, 125,   0, 0
     8522,       76.902, 0.294, -0.690, 125,   0, 0
     8523,       76.907, 0.294, -0.678, 125,   0, 0
     8524,       76.914, 0.297, -0.603, 125,   0, 0
     8525,       76.920, 0.305, -0.422, 125,   0, 0
     8526,       76.927, 0.303, -0.442, 125,   0, 0
     8527,       76.933, 0.303, -0.431, 125,   0, 0
     8528,       76.940, 0.279, -0.948, 125,   0, 0
     8529,       76.945, 0.288, -0.728, 125,   0, 0
     8530,       76.951, 0.279, -0.921, 125,   0, 0
     8531,       76.982, 0.272, -1.072, 125,   0, 0
     8532,       76.991, 0.287, -0.710, 125,   0, 0
     8533,       76.997, 0.303, -0.342, 125,   0, 0
     8534,       77.003, 0.285, -0.725, 125,   0, 0
     8535,       77.009, 0.280, -0.830, 125,   0, 0
     8536,       77.016, 0.294, -0.508, 125,   0, 0
     8537,       77.022, 0.303, -0.264, 125,   0, 0
     8538,       77.027, 0.303, -0.262, 125,   0, 0
     8539,       77.034, 0.309, -0.103, 125,   0, 0
     8540,       77.040, 0.303, -0.233, 125,   0, 0
     8541,       77.068, 0.288, -0.604, 125,   0, 0
     8542,       77.075, 0.303, -0.191, 125,   0, 0
     8543,       77.082, 0.319,  0.241, 125,   0, 0
     8544,       77.089, 0.320,  0.304, 125,   0, 0
     8545,       77.096, 0.334,  0.723, 125,   0, 0
     8546,       77.104, 0.338,  0.879, 125,   0, 0
     8547,       77.111, 0.338,  0.904, 125,   0, 0
     8548,       77.116, 0.409,  3.053, 125,   0, 0
     8549,       77.122, 0.396,  2.618, 125,   0, 0
     8550,       77.129, 0.383,  2.191, 125,   0, 0
     8551,       77.157, 0.372,  1.880, 125,   0, 0
     8552,       77.163, 0.405,  2.878, 125,   0, 0
     8553,       77.169, 0.365,  1.614, 125,   0, 0
     8554,       77.176, 0.382,  2.076, 125,   0, 0
     8555,       77.182, 0.365,  1.594, 125,   0, 0
     8556,       77.188, 0.365,  1.626, 125,   0, 0
     8557,       77.193, 0.354,  1.285, 125,   0, 0
     8558,       77.199, 0.380,  2.111, 125,   0, 0
     8559,       77.205, 0.380,  2.055, 125,   0, 0
     8560,       77.211, 0.380,  2.009, 125,   0, 0
     8561,       77.240, 0.366,  1.540, 125,   0, 0
     8562,       77.249, 0.365,  1.500, 125,   0, 0
     8563,       77.256, 0.366,  1.528, 125,   0, 0
     8564,       77.263, 0.380,  1.930, 125,   0, 0
     8565,       77.269, 0.381,  1.936, 125,   0, 0
     8566,       77.275, 0.379,  1.861, 125,   0, 0
     8567,       77.282, 0.382,  1.915, 125,   0, 0
     8568,       77.288, 0.366,  1.418, 125,   0, 0
     8569,       77.294, 0.370,  1.520, 125,   0, 0
     8570,       77.299, 0.396,  2.245, 125,   0, 0
     8571,       77.328, 0.380,  1.763, 125,   0, 0
     8572,       77.334, 0.380,  1.741, 125,   0, 0
     8573,       77.340, 0.396,  2.134, 125,   0, 0
     8574,       77.346, 0.397,  2.108, 125,   0, 0
     8575,       77.353, 0.397,  2.068, 125,   0, 0
     8576,       77.362, 0.380,  1.585, 125,   0, 0
     8577,       77.369, 0.381,  1.595, 125,   0, 0
     8578,       77.375, 0.383,  1.605, 125,   0, 0
     8579,       77.382, 0.379,  1.489, 125,   0, 0
     8580,       77.388, 0.393,  1.814, 125,   0, 0
     8581,       77.416, 0.398,  1.906, 125,   0, 0
     8582,       77.423, 0.411,  2.174, 125,   0, 0
     8583,       77.428, 0.409,  2.095, 125,   0, 0
     8584,       77.434, 0.413,  2.129, 125,   0, 0
     8585,       77.440, 0.384,  1.387, 125,   0, 0
     8586,       77.447, 0.366,  0.948, 125,   0, 0
     8587,       77.452, 0.398,  1.691, 125,   0, 0
     8588,       77.458, 0.355,  0.661, 125,   0, 0
     8589,       77.465, 0.412,  1.951, 125,   0, 0
     8590,       77.489, 0.409,  1.854, 125,   0, 0
     8591,       77.518, 0.391,  1.412, 125,   0, 0
     8592,       77.524, 0.425,  2.127, 125,   0, 0
     8593,       77.530, 0.426,  2.093, 125,   0, 0
     8594,       77.535, 0.396,  1.399, 125,   0, 0
     8595,       77.542, 0.395,  1.358, 125,   0, 0
     8596,       77.548, 0.379,  1.003, 125,   0, 0
     8597,       77.554, 0.391,  1.237, 125,   0, 0
     8598,       77.560, 0.391,  1.216, 125,   0, 0
     8599,       77.566, 0.392,  1.223, 125,   0, 0
     8600,       77.572, 0.392,  1.199, 125,   0, 0
     8601,       77.600, 0.394,  1.205, 125,   0, 0
     8602,       77.607, 0.397,  1.251, 125,   0, 0
     8603,       77.615, 0.393,  1.146, 125,   0, 0
     8604,       77.621, 0.396,  1.195, 125,   0, 0
     8605,       77.627, 0.394,  1.128, 125,   0, 0
     8606,       77.632, 0.367,  0.571, 125,   0, 0
     8607,       77.638, 0.368,  0.585, 125,   0, 0
     8608,       77.644, 0.398,  1.176, 125,   0, 0
     8609,       77.649, 0.379,  0.779, 125,   0, 0
     8610,       77.656, 0.410,  1.377, 125,   0, 0
     8611,       77.684, 0.383,  0.809, 125,   0, 0
     8612,       77.689, 0.380,  0.747, 125,   0, 0
     8613,       77.695, 0.408,  1.304, 125,   0, 0
     8614,       77.701, 0.396,  1.036, 125,   0, 0
     8615,       77.707, 0.394,  0.971, 125,   0, 0
     8616,       77.713, 0.395,  0.979, 125,   0, 0
     8617,       77.719, 0.393,  0.920, 125,   0, 0
     8618,       77.725, 0.393,  0.905, 125,   0, 0
     8619,       77.731, 0.396,  0.962, 125,   0, 0
     8620,       77.738, 0.380,  0.613, 125,   0, 0
     8621,       77.766, 0.380,  0.601, 125,   0, 0
     8622,       77.771, 0.366,  0.285, 125,   0, 0
     8623,       77.777, 0.354,  0.017, 125,   0, 0
     8624,       77.783, 0.315, -0.823, 125,   0, 0
     8625,       77.789, 0.203, -3.261, 126,   1, 0
     8626,       77.800, 0.190, -3.413, 126,   2, 0
     8627,       77.812, 0.145, -4.190, 126,   3, 0
     8628,       77.824, 0.154, -3.723, 126,   4, 0
     8629,       77.835, 0.139, -3.812, 126,   5, 0
     8630,       77.847, 0.121, -3.918, 126,   6, 0
     8631,       77.882, 0.152, -3.195, 126,   7, 0
     8632,       77.894, 0.156, -2.993, 126,   8, 0
     8633,       77.905, 0.125, -3.353, 126,   9, 0
     8634,       77.917, 0.151, -2.817, 126,  10, 0
     8635,       77.928, 0.140, -2.857, 126,  11, 0
     8636,       77.939, 0.136, -2.820, 126,  12, 0
     8637,       77.950, 0.190, -2.002, 126,  13, 0
     8638,       77.961, 0.176, -2.139, 126,  14, 0
     8639,       77.972, 0.176, -2.088, 126,  15, 0
     8640,       77.983, 0.187, -1.905, 126,   0, 0
     8641,       78.013, 0.179, -1.974, 126,   0, 0
     8642,       78.020, 0.152, -2.255, 127,   1, 0
     8643,       78.031, 0.184, -1.810, 127,   0, 0
     8644,       78.036, 0.184, -1.777, 127,   0, 0
     8645,       78.042, 0.182, -1.776, 127,   0, 0
     8646,       78.048, 0.167, -1.909, 127,   0, 0
     8647,       78.054, 0.117, -2.440, 128,   1, 0
     8648,       78.065, 0.125, -2.284, 128,   2, 0
     8649,       78.076, 0.149, -1.956, 128,   0, 0
     8650,       78.082, 0.156, -1.842, 128,   0, 0
     8651,       78.111, 0.139, -1.986, 128,   0, 0
     8652,       78.117, 0.182, -1.495, 128,   0, 0
     8653,       78.124, 0.176, -1.532, 128,   0, 0
     8654,       78.131, 0.187, -1.394, 128,   0, 0
     8655,       78.136, 0.179, -1.463, 128,   0, 0
     8656,       78.143, 0.128, -1.954, 128,   0, 0
     8657,       78.149, 0.179, -1.409, 128,   0, 0
     8658,       78.154, 0.187, -1.307, 128,   0, 0
     8659,       78.161, 0.184, -1.312, 128,   0, 0
     8660,       78.166, 0.182, -1.315, 128,   0, 0
     8661,       78.194, 0.190, -1.221, 128,   0, 0
     8662,       78.200, 0.193, -1.170, 128,   0, 0
     8663,       78.206, 0.174, -1.340, 128,   0, 0
     8664,       78.212, 0.182, -1.245, 128,   0, 0
     8665,       78.218, 0.166, -1.376, 128,   0, 0
     8666,       78.224, 0.182, -1.204, 128,   0, 0
     8667,       78.230, 0.166, -1.331, 128,   0, 0
     8668,       78.237, 0.184, -1.143, 128,   0, 0
     8669,       78.245, 0.185, -1.119, 128,   0, 0
     8670,       78.251, 0.166, -1.270, 128,   0, 0
     8671,       78.278, 0.125, -1.630, 128,   0, 0
     8672,       78.284, 0.162, -1.259, 128,   0, 0
     8673,       78.290, 0.154, -1.309, 128,   0, 0
     8674,       78.297, 0.179, -1.061, 128,   0, 0
     8675,       78.302, 0.184, -0.992, 128,   0, 0
     8676,       78.308, 0.182, -0.999, 128,   0, 0
     8677,       78.314, 0.179, -1.011, 128,   0, 0
     8678,       78.320, 0.207, -0.736, 128,   0, 0
     8679,       78.325, 0.182, -0.956, 128,   0, 0
     8680,       78.331, 0.182, -0.941, 128,   0, 0
     8681,       78.360, 0.191, -0.841, 128,   0, 0
     8682,       78.366, 0.184, -0.889, 128,   0, 0
     8683,       78.374, 0.203, -0.708, 128,   0, 0
     8684,       78.380, 0.191, -0.805, 128,   0, 0
     8685,       78.385, 0.201, -0.701, 128,   0, 0
     8686,       78.392, 0.184, -0.837, 128,   0, 0
     8687,       78.397, 0.197, -0.705, 128,   0, 0
     8688,       78.403, 0.181, -0.838, 128,   0, 0
     8689,       78.409, 0.181, -0.824, 128,   0, 0
     8690,       78.415, 0.213, -0.524, 128,   0, 0
     8691,       78.443, 0.193, -0.696, 128,   0, 0
     8692,       78.449, 0.206, -0.565, 128,   0, 0
     8693,       78.455, 0.208, -0.531, 128,   0, 0
     8694,       78.461, 0.173, -0.839, 128,   0, 0
     8695,       78.467, 0.207, -0.511, 128,   0, 0
     8696,       78.472, 0.197, -0.592, 128,   0, 0
     8697,       78.478, 0.197, -0.580, 128,   0, 0
     8698,       78.485, 0.185, -0.678, 128,   0, 0
     8699,       78.495, 0.202, -0.514, 128,   0, 0
     8700,       78.501, 0.186, -0.648, 128,   0, 0
     8701,       78.529, 0.174, -0.753, 128,   0, 0
     8702,       78.535, 0.222, -0.281, 128,   0, 0
     8703,       78.542, 0.195, -0.527, 128,   0, 0
     8704,       78.548, 0.244, -0.040, 128,   0, 0
     8705,       78.554, 0.228, -0.186, 128,   0, 0
     8706,       78.560, 0.206, -0.387, 128,   0, 0
     8707,       78.566, 0.200, -0.438, 128,   0, 0
     8708,       78.572, 0.199, -0.440, 128,   0, 0
     8709,       78.578, 0.202, -0.391, 128,   0, 0
     8710,       78.584, 0.222, -0.178, 128,   0, 0
     8711,       78.613, 0.215, -0.238, 128,   0, 0
     8712,       78.620, 0.243,  0.071, 128,   0, 0
     8713,       78.628, 0.228, -0.075, 128,   0, 0
     8714,       78.635, 0.228, -0.059, 128,   0, 0
     8715,       78.641, 0.241,  0.103, 128,   0, 0
     8716,       78.648, 0.228, -0.032, 128,   0, 0
     8717,       78.654, 0.215, -0.158, 128,   0, 0
     8718,       78.660, 0.222, -0.067, 128,   0, 0
     8719,       78.666, 0.221, -0.059, 128,   0, 0
     8720,       78.672, 0.224, -0.015, 128,   0, 0
     8721,       78.703, 0.237,  0.153, 128,   0, 0
     8722,       78.710, 0.230,  0.086, 128,   0, 0
     8723,       78.716, 0.237,  0.194, 128,   0, 0
     8724,       78.722, 0.236,  0.204, 128,   0, 0
     8725,       78.731, 0.236,  0.225, 128,   0, 0
     8726,       78.738, 0.230,  0.172, 128,   0, 0
     8727,       78.747, 0.207, -0.114, 128,   0, 0
     8728,       78.753, 0.186, -0.382, 128,   0, 0
     8729,       78.760, 0.244,  0.430, 128,   0, 0
     8730,       78.766, 0.237,  0.352, 128,   0, 0
     8731,       78.794, 0.236,  0.376, 128,   0, 0
     8732,       78.799, 0.223,  0.213, 128,   0, 0
     8733,       78.806, 0.216,  0.120, 128,   0, 0
     8734,       78.812, 0.235,  0.462, 128,   0, 0
     8735,       78.817, 0.236,  0.523, 128,   0, 0
     8736,       78.824, 0.201, -0.041, 128,   0, 0
     8737,       78.829, 0.202, -0.003, 128,   0, 0
     8738,       78.835, 0.245,  0.872, 128,   0, 0
     8739,       78.841, 0.232,  0.671, 128,   0, 0
     8740,       78.848, 0.239,  0.897, 128,   0, 0
     8741,       78.882, 0.237,  0.946, 128,   0, 0
     8742,       78.890, 0.237,  1.056, 128,   0, 0
     8743,       78.897, 0.242,  1.326, 128,   0, 0
     8744,       78.903, 0.228,  1.025, 128,   0, 0
     8745,       78.910, 0.237,  1.401, 128,   0, 0
     8746,       78.918, 0.222,  0.914, 128,   0, 0
     8747,       78.925, 0.206,  0.388, 128,   0, 0
     8748,       78.933, 0.191, -0.088, 128,   0, 0
     8749,       78.941, 0.221,  0.875, 128,   0, 0
     8750,       78.948, 0.227,  1.025, 128,   0, 0
     8751,       78.977, 0.224,  0.926, 128,   0, 0
     8752,       78.984, 0.239,  1.393, 128,   0, 0
     8753,       78.992, 0.239,  1.370, 128,   0, 0
     8754,       79.001, 0.212,  0.474, 128,   0, 0
     8755,       79.007, 0.198,  0.002, 128,   0, 0
     8756,       79.013, 0.220,  0.736, 128,   0, 0
     8757,       79.021, 0.207,  0.260, 128,   0, 0
     8758,       79.029, 0.230,  1.071, 128,   0, 0
     8759,       79.035, 0.230,  1.053, 128,   0, 0
     8760,       79.042, 0.246,  1.578, 128,   0, 0
     8761,       79.071, 0.235,  1.178, 128,   0, 0
     8762,       79.077, 0.228,  0.928, 128,   0, 0
     8763,       79.083, 0.228,  0.914, 128,   0, 0
     8764,       79.090, 0.235,  1.131, 128,   0, 0
     8765,       79.097, 0.221,  0.641, 128,   0, 0
     8766,       79.104, 0.251,  1.635, 128,   0, 0
     8767,       79.112, 0.217,  0.454, 128,   0, 0
     8768,       79.118, 0.221,  0.596, 128,   0, 0
     8769,       79.126, 0.201, -0.178, 128,   0, 0
     8770,       79.133, 0.229,  0.880, 128,   0, 0
     8771,       79.162, 0.245,  1.465, 128,   0, 0
     8772,       79.168, 0.230,  0.883, 128,   0, 0
     8773,       79.174, 0.212,  0.171, 128,   0, 0
     8774,       79.181, 0.222,  0.547, 128,   0, 0
     8775,       79.187, 0.228,  0.754, 128,   0, 0
     8776,       79.193, 0.235,  1.019, 128,   0, 0
     8777,       79.199, 0.211,  0.064, 128,   0, 0
     8778,       79.205, 0.251,  1.675, 128,   0, 0
     8779,       79.213, 0.237,  1.063, 128,   0, 0
     8780,       79.219, 0.239,  1.119, 128,   0, 0
     8781,       79.249, 0.244,  1.337, 128,   0, 0
     8782,       79.256, 0.215,  0.124, 128,   0, 0
     8783,       79.262, 0.236,  0.975, 128,   0, 0
     8784,       79.267, 0.237,  0.992, 128,   0, 0
     8785,       79.274, 0.273,  2.471, 128,   0, 0
     8786,       79.280, 0.299,  3.438, 128,   0, 0
     8787,       79.286, 0.296,  3.154, 128,   0, 0
     8788,       79.292, 0.297,  3.090, 128,   0, 0
     8789,       79.298, 0.293,  2.798, 128,   0, 0
     8790,       79.305, 0.296,  2.799, 128,   0, 0
     8791,       79.334, 0.272,  1.862, 128,   0, 0
     8792,       79.340, 0.276,  2.057, 128,   0, 0
     8793,       79.346, 0.277,  2.064, 128,   0, 0
     8794,       79.353, 0.292,  2.582, 128,   0, 0
     8795,       79.360, 0.322,  3.596, 128,   0, 0
     8796,       79.368, 0.278,  1.879, 128,   0, 0
     8797,       79.374, 0.293,  2.347, 128,   0, 0
     8798,       79.382, 0.294,  2.313, 128,   0, 0
     8799,       79.387, 0.239,  0.395, 128,   0, 0
     8800,       79.394, 0.276,  1.643, 128,   0, 0
     8801,       79.423, 0.289,  2.072, 128,   0, 0
     8802,       79.444, 0.268,  1.295, 128,   0, 0
     8803,       79.452, 0.251,  0.734, 128,   0, 0
     8804,       79.459, 0.275,  1.512, 128,   0, 0
     8805,       79.466, 0.240,  0.305, 128,   0, 0
     8806,       79.474, 0.236,  0.174, 128,   0, 0
     8807,       79.482, 0.237,  0.182, 128,   0, 0
     8808,       79.488, 0.236,  0.151, 128,   0, 0
     8809,       79.494, 0.238,  0.200, 128,   0, 0
     8810,       79.500, 0.234,  0.059, 128,   0, 0
     8811,       79.529, 0.238,  0.180, 128,   0, 0
     8812,       79.535, 0.236,  0.104, 128,   0, 0
     8813,       79.540, 0.280,  1.643, 128,   0, 0
     8814,       79.546, 0.285,  1.797, 128,   0, 0
     8815,       79.552, 0.280,  1.595, 128,   0, 0
     8816,       79.557, 0.241,  0.209, 128,   0, 0
     8817,       79.563, 0.276,  1.410, 128,   0, 0
     8818,       79.569, 0.280,  1.531, 128,   0, 0
     8819,       79.575, 0.238,  0.019, 128,   0, 0
     8820,       79.582, 0.281,  1.561, 128,   0, 0
     8821,       79.614, 0.276,  1.341, 128,   0, 0
     8822,       79.620, 0.266,  0.995, 128,   0, 0
     8823,       79.626, 0.266,  0.979, 128,   0, 0
     8824,       79.633, 0.281,  1.506, 128,   0, 0
     8825,       79.640, 0.272,  1.160, 128,   0, 0
     8826,       79.647, 0.285,  1.601, 128,   0, 0
     8827,       79.653, 0.290,  1.763, 128,   0, 0
     8828,       79.658, 0.281,  1.399, 128,   0, 0
     8829,       79.666, 0.281,  1.378, 128,   0, 0
     8830,       79.673, 0.290,  1.689, 128,   0, 0
     8831,       79.701, 0.280,  1.272, 128,   0, 0
     8832,       79.707, 0.259,  0.503, 128,   0, 0
     8833,       79.713, 0.244, -0.029, 128,   0, 0
     8834,       79.719, 0.242, -0.103, 128,   0, 0
     8835,       79.725, 0.242, -0.107, 128,   0, 0
     8836,       79.733, 0.244, -0.038, 128,   0, 0
     8837,       79.740, 0.244, -0.043, 128,   0, 0
     8838,       79.747, 0.244, -0.052, 128,   0, 0
     8839,       79.753, 0.244, -0.059, 128,   0, 0
     8840,       79.759, 0.246,  0.004, 128,   0, 0
     8841,       79.788, 0.237, -0.345, 128,   0, 0
     8842,       79.793, 0.239, -0.271, 128,   0, 0
     8843,       79.799, 0.245, -0.037, 128,   0, 0
     8844,       79.805, 0.268,  0.790, 128,   0, 0
     8845,       79.811, 0.267,  0.752, 128,   0, 0
     8846,       79.817, 0.272,  0.937, 128,   0, 0
     8847,       79.823, 0.272,  0.922, 128,   0, 0
     8848,       79.829, 0.273,  0.940, 128,   0, 0
     8849,       79.835, 0.267,  0.697, 128,   0, 0
     8850,       79.841, 0.296,  1.754, 128,   0, 0
     8851,       79.871, 0.252,  0.115, 128,   0, 0
     8852,       79.879, 0.281,  1.175, 128,   0, 0
     8853,       79.885, 0.250,  0.026, 128,   0, 0
     8854,       79.890, 0.251,  0.028, 128,   0, 0
     8855,       79.896, 0.278,  1.018, 128,   0, 0
     8856,       79.902, 0.277,  0.992, 128,   0, 0
     8857,       79.908, 0.283,  1.171, 128,   0, 0
     8858,       79.914, 0.280,  1.049, 128,   0, 0
     8859,       79.920, 0.296,  1.635, 128,   0, 0
     8860,       79.927, 0.273,  0.764, 128,   0, 0
     8861,       79.955, 0.295,  1.571, 128,   0, 0
     8862,       79.961, 0.304,  1.869, 128,   0, 0
     8863,       79.968, 0.289,  1.280, 128,   0, 0
     8864,       79.974, 0.296,  1.517, 128,   0, 0
     8865,       79.980, 0.294,  1.393, 128,   0, 0
     8866,       79.986, 0.289,  1.189, 128,   0, 0
     8867,       79.993, 0.294,  1.348, 128,   0, 0
     8868,       80.001, 0.298,  1.484, 128,   0, 0
     8869,       80.007, 0.303,  1.656, 128,   0, 0
     8870,       80.013, 0.260,  0.070, 128,   0, 0
     8871,       80.041, 0.296,  1.374, 128,   0, 0
     8872,       80.047, 0.277,  0.654, 128,   0, 0
     8873,       80.053, 0.278,  0.685, 128,   0, 0
     8874,       80.058, 0.281,  0.773, 128,   0, 0
     8875,       80.065, 0.291,  1.113, 128,   0, 0
     8876,       80.071, 0.282,  0.771, 128,   0, 0
     8877,       80.077, 0.297,  1.330, 128,   0, 0
     8878,       80.084, 0.276,  0.520, 128,   0, 0
     8879,       80.090, 0.239, -0.926, 128,   0, 0
     8880,       80.096, 0.237, -1.009, 128,   0, 0
     8881,       80.126, 0.239, -0.934, 128,   0, 0
     8882,       80.134, 0.239, -0.936, 128,   0, 0
     8883,       80.140, 0.239, -0.943, 128,   0, 0
     8884,       80.147, 0.237, -1.020, 128,   0, 0
     8885,       80.154, 0.237, -1.021, 128,   0, 0
     8886,       80.161, 0.237, -1.032, 128,   0, 0
     8887,       80.169, 0.239, -0.954, 128,   0, 0
     8888,       80.175, 0.239, -0.970, 128,   0, 0
     8889,       80.182, 0.253, -0.401, 128,   0, 0
     8890,       80.188, 0.244, -0.798, 128,   0, 0
     8891,       80.217, 0.304,  1.626, 128,   0, 0
     8892,       80.223, 0.289,  1.013, 128,   0, 0
     8893,       80.230, 0.290,  1.043, 128,   0, 0
     8894,       80.235, 0.306,  1.667, 128,   0, 0
     8895,       80.241, 0.272,  0.260, 128,   0, 0
     8896,       80.247, 0.281,  0.607, 128,   0, 0
     8897,       80.256, 0.281,  0.594, 128,   0, 0
     8898,       80.264, 0.295,  1.163, 128,   0, 0
     8899,       80.270, 0.296,  1.195, 128,   0, 0
     8900,       80.277, 0.297,  1.209, 128,   0, 0
     8901,       80.305, 0.282,  0.569, 128,   0, 0
     8902,       80.313, 0.289,  0.838, 128,   0, 0
     8903,       80.320, 0.282,  0.542, 128,   0, 0
     8904,       80.326, 0.290,  0.883, 128,   0, 0
     8905,       80.332, 0.303,  1.436, 128,   0, 0
     8906,       80.338, 0.279,  0.361, 128,   0, 0
     8907,       80.345, 0.279,  0.371, 128,   0, 0
     8908,       80.353, 0.261, -0.446, 128,   0, 0
     8909,       80.360, 0.261, -0.435, 128,   0, 0
     8910,       80.366, 0.246, -1.082, 128,   0, 0
     8911,       80.397, 0.247, -1.021, 128,   0, 0
     8912,       80.405, 0.293,  1.087, 128,   0, 0
     8913,       80.410, 0.276,  0.271, 128,   0, 0
     8914,       80.416, 0.276,  0.284, 128,   0, 0
     8915,       80.424, 0.246, -1.055, 128,   0, 0
     8916,       80.430, 0.247, -0.998, 128,   0, 0
     8917,       80.435, 0.262, -0.293, 128,   0, 0
     8918,       80.441, 0.239, -1.367, 128,   0, 0
     8919,       80.447, 0.255, -0.602, 128,   0, 0
     8920,       80.454, 0.238, -1.386, 128,   0, 0
     8921,       80.481, 0.252, -0.704, 128,   0, 0
     8922,       80.488, 0.269,  0.063, 128,   0, 0
     8923,       80.494, 0.253, -0.664, 128,   0, 0
     8924,       80.500, 0.267, -0.006, 128,   0, 0
     8925,       80.507, 0.250, -0.812, 128,   0, 0
     8926,       80.514, 0.250, -0.819, 128,   0, 0
     8927,       80.523, 0.234, -1.539, 128,   0, 0
     8928,       80.529, 0.234, -1.536, 128,   0, 0
     8929,       80.535, 0.251, -0.758, 128,   0, 0
     8930,       80.541, 0.264, -0.151, 128,   0, 0
     8931,       80.570, 0.257, -0.511, 128,   0, 0
     8932,       80.577, 0.274,  0.277, 128,   0, 0
     8933,       80.583, 0.261, -0.358, 128,   0, 0
     8934,       80.589, 0.272,  0.180, 128,   0, 0
     8935,       80.595, 0.263, -0.217, 128,   0, 0
     8936,       80.601, 0.303,  1.680, 128,   0, 0
     8937,       80.607, 0.288,  0.945, 128,   0, 0
     8938,       80.613, 0.288,  0.937, 128,   0, 0
     8939,       80.619, 0.282,  0.647, 128,   0, 0
     8940,       80.626, 0.290,  1.016, 128,   0, 0
     8941,       80.658, 0.266, -0.154, 128,   0, 0
     8942,       80.665, 0.284,  0.702, 128,   0, 0
     8943,       80.670, 0.267, -0.088, 128,   0, 0
     8944,       80.676, 0.281,  0.580, 128,   0, 0
     8945,       80.682, 0.283,  0.681, 128,   0, 0
     8946,       80.688, 0.276,  0.315, 128,   0, 0
     8947,       80.695, 0.255, -0.676, 128,   0, 0
     8948,       80.701, 0.276,  0.351, 128,   0, 0
     8949,       80.707, 0.278,  0.423, 128,   0, 0
     8950,       80.713, 0.264, -0.232, 128,   0, 0
     8951,       80.742, 0.261, -0.365, 128,   0, 0
     8952,       80.748, 0.273,  0.248, 128,   0, 0
     8953,       80.754, 0.276,  0.387, 128,   0, 0
     8954,       80.760, 0.291,  1.075, 128,   0, 0
     8955,       80.766, 0.264, -0.247, 128,   0, 0
     8956,       80.772, 0.261, -0.422, 128,   0, 0
     8957,       80.779, 0.261, -0.415, 128,   0, 0
     8958,       80.785, 0.261, -0.435, 128,   0, 0
     8959,       80.791, 0.263, -0.355, 128,   0, 0
     8960,       80.797, 0.263, -0.365, 128,   0, 0
     8961,       80.826, 0.274,  0.216, 128,   0, 0
     8962,       80.832, 0.274,  0.210, 128,   0, 0
     8963,       80.837, 0.273,  0.110, 128,   0, 0
     8964,       80.843, 0.276,  0.278, 128,   0, 0
     8965,       80.849, 0.275,  0.195, 128,   0, 0
     8966,       80.855, 0.276,  0.271, 128,   0, 0
     8967,       80.862, 0.305,  1.772, 128,   0, 0
     8968,       80.873, 0.283,  0.598, 128,   0, 0
     8969,       80.879, 0.274,  0.138, 128,   0, 0
     8970,       80.885, 0.274,  0.135, 128,   0, 0
     8971,       80.913, 0.283,  0.603, 128,   0, 0
     8972,       80.919, 0.259, -0.647, 128,   0, 0
     8973,       80.925, 0.290,  0.977, 128,   0, 0
     8974,       80.932, 0.266, -0.268, 128,   0, 0
     8975,       80.938, 0.269, -0.138, 128,   0, 0
     8976,       80.943, 0.290,  0.963, 128,   0, 0
     8977,       80.949, 0.274,  0.103, 128,   0, 0
     8978,       80.955, 0.283,  0.564, 128,   0, 0
     8979,       80.961, 0.251, -1.085, 128,   0, 0
     8980,       80.967, 0.260, -0.567, 128,   0, 0
     8981,       80.995, 0.228, -2.245, 129,   1, 0
     8982,       81.010, 0.246, -1.266, 129,   0, 0
     8983,       81.018, 0.244, -1.341, 129,   0, 0
     8984,       81.024, 0.240, -1.507, 129,   0, 0
     8985,       81.030, 0.239, -1.573, 129,   0, 0
     8986,       81.036, 0.258, -0.536, 129,   0, 0
     8987,       81.043, 0.248, -1.065, 129,   0, 0
     8988,       81.049, 0.246, -1.130, 129,   0, 0
     8989,       81.055, 0.246, -1.123, 129,   0, 0
     8990,       81.061, 0.239, -1.493, 129,   0, 0
     8991,       81.089, 0.239, -1.471, 129,   0, 0
     8992,       81.095, 0.239, -1.447, 129,   0, 0
     8993,       81.101, 0.239, -1.420, 129,   0, 0
     8994,       81.107, 0.258, -0.389, 129,   0, 0
     8995,       81.115, 0.237, -1.478, 129,   0, 0
     8996,       81.123, 0.237, -1.452, 129,   0, 0
     8997,       81.129, 0.239, -1.334, 129,   0, 0
     8998,       81.135, 0.235, -1.497, 129,   0, 0
     8999,       81.141, 0.238, -1.318, 129,   0, 0
     9000,       81.147, 0.250, -0.732, 129,   0, 0
     9001,       81.175, 0.244, -1.021, 129,   0, 0
     9002,       81.181, 0.242, -1.118, 129,   0, 0
     9003,       81.188, 0.235, -1.492, 129,   0, 0
     9004,       81.194, 0.250, -0.748, 129,   0, 0
     9005,       81.200, 0.237, -1.409, 129,   0, 0
     9006,       81.207, 0.239, -1.317, 129,   0, 0
     9007,       81.212, 0.239, -1.320, 129,   0, 0
     9008,       81.218, 0.253, -0.591, 129,   0, 0
     9009,       81.225, 0.250, -0.767, 129,   0, 0
     9010,       81.232, 0.250, -0.765, 129,   0, 0
     9011,       81.262, 0.235, -1.510, 129,   0, 0
     9012,       81.270, 0.266,  0.087, 129,   0, 0
     9013,       81.276, 0.289,  1.302, 129,   0, 0
     9014,       81.283, 0.266,  0.099, 129,   0, 0
     9015,       81.289, 0.280,  0.899, 129,   0, 0
     9016,       81.295, 0.279,  0.816, 129,   0, 0
     9017,       81.300, 0.281,  0.913, 129,   0, 0
     9018,       81.307, 0.264,  0.003, 129,   0, 0
     9019,       81.314, 0.260, -0.190, 129,   0, 0
     9020,       81.320, 0.251, -0.666, 129,   0, 0
     9021,       81.347, 0.281,  1.038, 129,   0, 0
     9022,       81.353, 0.267,  0.235, 129,   0, 0
     9023,       81.360, 0.281,  1.056, 129,   0, 0
     9024,       81.367, 0.281,  1.057, 129,   0, 0
     9025,       81.375, 0.296,  1.882, 129,   0, 0
     9026,       81.382, 0.296,  1.897, 129,   0, 0
     9027,       81.389, 0.267,  0.262, 129,   0, 0
     9028,       81.396, 0.254, -0.445, 129,   0, 0
     9029,       81.403, 0.249, -0.726, 129,   0, 0
     9030,       81.408, 0.264,  0.092, 129,   0, 0
     9031,       81.438, 0.266,  0.203, 129,   0, 0
     9032,       81.443, 0.273,  0.601, 129,   0, 0
     9033,       81.450, 0.267,  0.257, 129,   0, 0
     9034,       81.456, 0.275,  0.738, 129,   0, 0
     9035,       81.463, 0.278,  0.910, 129,   0, 0
     9036,       81.469, 0.279,  0.909, 129,   0, 0
     9037,       81.475, 0.293,  1.722, 129,   0, 0
     9038,       81.481, 0.265,  0.114, 129,   0, 0
     9039,       81.490, 0.264,  0.058, 129,   0, 0
     9040,       81.500, 0.264,  0.054, 129,   0, 0
     9041,       81.528, 0.257, -0.365, 129,   0, 0
     9042,       81.533, 0.235, -1.636, 129,   0, 0
     9043,       81.539, 0.265,  0.099, 129,   0, 0
     9044,       81.545, 0.260, -0.217, 129,   0, 0
     9045,       81.550, 0.259, -0.255, 129,   0, 0
     9046,       81.556, 0.251, -0.681, 129,   0, 0
     9047,       81.562, 0.244, -1.094, 129,   0, 0
     9048,       81.569, 0.234, -1.667, 129,   0, 0
     9049,       81.575, 0.235, -1.632, 129,   0, 0
     9050,       81.581, 0.234, -1.644, 129,   0, 0
     9051,       81.610, 0.259, -0.241, 129,   0, 0
     9052,       81.617, 0.257, -0.349, 129,   0, 0
     9053,       81.625, 0.228, -1.938, 129,   0, 0
     9054,       81.631, 0.243, -1.066, 129,   0, 0
     9055,       81.636, 0.230, -1.808, 129,   0, 0
     9056,       81.644, 0.237, -1.373, 129,   0, 0
     9057,       81.649, 0.244, -0.963, 129,   0, 0
     9058,       81.656, 0.259, -0.143, 129,   0, 0
     9059,       81.661, 0.247, -0.782, 129,   0, 0
     9060,       81.667, 0.260, -0.027, 129,   0, 0
     9061,       81.697, 0.245, -0.871, 129,   0, 0
     9062,       81.703, 0.247, -0.772, 129,   0, 0
     9063,       81.708, 0.231, -1.617, 129,   0, 0
     9064,       81.714, 0.243, -0.922, 129,   0, 0
     9065,       81.720, 0.247, -0.698, 129,   0, 0
     9066,       81.726, 0.239, -1.166, 129,   0, 0
     9067,       81.733, 0.243, -0.876, 129,   0, 0
     9068,       81.739, 0.246, -0.719, 129,   0, 0
     9069,       81.745, 0.247, -0.645, 129,   0, 0
     9070,       81.752, 0.276,  1.035, 129,   0, 0
     9071,       81.779, 0.238, -1.150, 129,   0, 0
     9072,       81.785, 0.238, -1.133, 129,   0, 0
     9073,       81.791, 0.250, -0.413, 129,   0, 0
     9074,       81.796, 0.252, -0.301, 129,   0, 0
     9075,       81.803, 0.241, -0.900, 129,   0, 0
     9076,       81.809, 0.264,  0.370, 129,   0, 0
     9077,       81.815, 0.241, -0.888, 129,   0, 0
     9078,       81.821, 0.260,  0.182, 129,   0, 0
     9079,       81.827, 0.262,  0.304, 129,   0, 0
     9080,       81.833, 0.262,  0.291, 129,   0, 0
     9081,       81.862, 0.259,  0.141, 129,   0, 0
     9082,       81.870, 0.247, -0.558, 129,   0, 0
     9083,       81.877, 0.289,  1.856, 129,   0, 0
     9084,       81.884, 0.281,  1.397, 129,   0, 0
     9085,       81.890, 0.324,  3.760, 129,   0, 0
     9086,       81.896, 0.285,  1.474, 129,   0, 0
     9087,       81.903, 0.296,  2.051, 129,   0, 0
     9088,       81.908, 0.296,  2.075, 129,   0, 0
     9089,       81.914, 0.295,  2.012, 129,   0, 0
     9090,       81.921, 0.302,  2.332, 129,   0, 0
     9091,       81.950, 0.293,  1.813, 129,   0, 0
     9092,       81.956, 0.308,  2.548, 129,   0, 0
     9093,       81.962, 0.324,  3.259, 129,   0, 0
     9094,       81.968, 0.286,  1.339, 129,   0, 0
     9095,       81.975, 0.286,  1.322, 129,   0, 0
     9096,       81.981, 0.310,  2.448, 129,   0, 0
     9097,       81.990, 0.289,  1.412, 129,   0, 0
     9098,       81.999, 0.288,  1.343, 129,   0, 0
     9099,       82.005, 0.299,  1.863, 129,   0, 0
     9100,       82.011, 0.288,  1.291, 129,   0, 0
     9101,       82.039, 0.297,  1.685, 129,   0, 0
     9102,       82.045, 0.296,  1.623, 129,   0, 0
     9103,       82.050, 0.295,  1.567, 129,   0, 0
     9104,       82.056, 0.295,  1.528, 129,   0, 0
     9105,       82.062, 0.297,  1.560, 129,   0, 0
     9106,       82.068, 0.290,  1.251, 129,   0, 0
     9107,       82.074, 0.305,  1.864, 129,   0, 0
     9108,       82.081, 0.297,  1.470, 129,   0, 0
     9109,       82.087, 0.295,  1.373, 129,   0, 0
     9110,       82.093, 0.264,  0.026, 129,   0, 0
     9111,       82.124, 0.305,  1.762, 129,   0, 0
     9112,       82.132, 0.273,  0.355, 129,   0, 0
     9113,       82.138, 0.273,  0.344, 129,   0, 0
     9114,       82.144, 0.259, -0.267, 129,   0, 0
     9115,       82.151, 0.274,  0.400, 129,   0, 0
     9116,       82.157, 0.246, -0.836, 129,   0, 0
     9117,       82.163, 0.259, -0.287, 129,   0, 0
     9118,       82.169, 0.261, -0.211, 129,   0, 0
     9119,       82.175, 0.259, -0.307, 129,   0, 0
     9120,       82.182, 0.259, -0.320, 129,   0, 0
     9121,       82.210, 0.276,  0.452, 129,   0, 0
     9122,       82.217, 0.259, -0.324, 129,   0, 0
     9123,       82.224, 0.276,  0.427, 129,   0, 0
     9124,       82.229, 0.259, -0.349, 129,   0, 0
     9125,       82.236, 0.261, -0.267, 129,   0, 0
     9126,       82.244, 0.259, -0.376, 129,   0, 0
     9127,       82.251, 0.261, -0.298, 129,   0, 0
     9128,       82.258, 0.263, -0.225, 129,   0, 0
     9129,       82.265, 0.246, -0.998, 129,   0, 0
     9130,       82.271, 0.263, -0.228, 129,   0, 0
     9131,       82.299, 0.290,  1.060, 129,   0, 0
     9132,       82.305, 0.262, -0.267, 129,   0, 0
     9133,       82.311, 0.260, -0.360, 129,   0, 0
     9134,       82.317, 0.283,  0.727, 129,   0, 0
     9135,       82.323, 0.297,  1.347, 129,   0, 0
     9136,       82.329, 0.297,  1.321, 129,   0, 0
     9137,       82.334, 0.282,  0.656, 129,   0, 0
     9138,       82.340, 0.296,  1.270, 129,   0, 0
     9139,       82.347, 0.297,  1.284, 129,   0, 0
     9140,       82.353, 0.297,  1.274, 129,   0, 0
     9141,       82.384, 0.306,  1.655, 129,   0, 0
     9142,       82.391, 0.297,  1.219, 129,   0, 0
     9143,       82.397, 0.297,  1.200, 129,   0, 0
     9144,       82.403, 0.295,  1.125, 129,   0, 0
     9145,       82.409, 0.295,  1.115, 129,   0, 0
     9146,       82.415, 0.295,  1.127, 129,   0, 0
     9147,       82.422, 0.285,  0.692, 129,   0, 0
     9148,       82.428, 0.281,  0.494, 129,   0, 0
     9149,       82.436, 0.263, -0.297, 129,   0, 0
     9150,       82.442, 0.263, -0.303, 129,   0, 0
     9151,       82.470, 0.263, -0.303, 129,   0, 0
     9152,       82.477, 0.269, -0.077, 129,   0, 0
     9153,       82.483, 0.265, -0.220, 129,   0, 0
     9154,       82.488, 0.266, -0.189, 129,   0, 0
     9155,       82.495, 0.250, -0.873, 129,   0, 0
     9156,       82.504, 0.228, -1.864, 129,   0, 0
     9157,       82.511, 0.249, -0.900, 129,   0, 0
     9158,       82.518, 0.278,  0.394, 129,   0, 0
     9159,       82.524, 0.281,  0.532, 129,   0, 0
     9160,       82.531, 0.281,  0.525, 129,   0, 0
     9161,       82.560, 0.269, -0.025, 129,   0, 0
     9162,       82.566, 0.278,  0.372, 129,   0, 0
     9163,       82.572, 0.272,  0.109, 129,   0, 0
     9164,       82.578, 0.263, -0.333, 129,   0, 0
     9165,       82.584, 0.278,  0.332, 129,   0, 0
     9166,       82.590, 0.279,  0.393, 129,   0, 0
     9167,       82.596, 0.261, -0.437, 129,   0, 0
     9168,       82.602, 0.272,  0.083, 129,   0, 0
     9169,       82.607, 0.278,  0.301, 129,   0, 0
     9170,       82.616, 0.277,  0.259, 129,   0, 0
     9171,       82.648, 0.274,  0.121, 129,   0, 0
     9172,       82.653, 0.289,  0.778, 129,   0, 0
     9173,       82.660, 0.275,  0.142, 129,   0, 0
     9174,       82.667, 0.294,  0.995, 129,   0, 0
     9175,       82.673, 0.337,  2.998, 129,   0, 0
     9176,       82.679, 0.318,  2.053, 129,   0, 0
     9177,       82.685, 0.307,  1.513, 129,   0, 0
     9178,       82.691, 0.323,  2.197, 129,   0, 0
     9179,       82.698, 0.297,  0.946, 129,   0, 0
     9180,       82.704, 0.297,  0.930, 129,   0, 0
     9181,       82.733, 0.339,  2.848, 129,   0, 0
     9182,       82.741, 0.306,  1.276, 129,   0, 0
     9183,       82.749, 0.307,  1.319, 129,   0, 0
     9184,       82.756, 0.306,  1.244, 129,   0, 0
     9185,       82.762, 0.308,  1.290, 129,   0, 0
     9186,       82.767, 0.308,  1.270, 129,   0, 0
     9187,       82.773, 0.306,  1.188, 129,   0, 0
     9188,       82.779, 0.297,  0.749, 129,   0, 0
     9189,       82.785, 0.312,  1.450, 129,   0, 0
     9190,       82.792, 0.293,  0.533, 129,   0, 0
     9191,       82.820, 0.278, -0.145, 129,   0, 0
     9192,       82.826, 0.293,  0.519, 129,   0, 0
     9193,       82.832, 0.296,  0.656, 129,   0, 0
     9194,       82.838, 0.290,  0.376, 129,   0, 0
     9195,       82.845, 0.289,  0.277, 129,   0, 0
     9196,       82.851, 0.281, -0.101, 129,   0, 0
     9197,       82.858, 0.281, -0.109, 129,   0, 0
     9198,       82.865, 0.267, -0.856, 129,   0, 0
     9199,       82.871, 0.281, -0.130, 129,   0, 0
     9200,       82.877, 0.281, -0.125, 129,   0, 0
     9201,       82.906, 0.283, -0.079, 129,   0, 0
     9202,       82.912, 0.278, -0.337, 129,   0, 0
     9203,       82.919, 0.266, -0.936, 129,   0, 0
     9204,       82.926, 0.266, -0.923, 129,   0, 0
     9205,       82.932, 0.301,  0.885, 129,   0, 0
     9206,       82.938, 0.310,  1.355, 129,   0, 0
     9207,       82.944, 0.305,  1.066, 129,   0, 0
     9208,       82.950, 0.303,  0.941, 129,   0, 0
     9209,       82.956, 0.305,  1.053, 129,   0, 0
     9210,       82.962, 0.305,  1.046, 129,   0, 0
     9211,       82.991, 0.332,  2.450, 129,   0, 0
     9212,       82.999, 0.305,  1.002, 129,   0, 0
     9213,       83.006, 0.289,  0.206, 129,   0, 0
     9214,       83.013, 0.305,  1.048, 129,   0, 0
     9215,       83.018, 0.305,  1.022, 129,   0, 0
     9216,       83.024, 0.297,  0.602, 129,   0, 0
     9217,       83.031, 0.305,  1.021, 129,   0, 0
     9218,       83.036, 0.305,  1.023, 129,   0, 0
     9219,       83.042, 0.297,  0.591, 129,   0, 0
     9220,       83.048, 0.297,  0.593, 129,   0, 0
     9221,       83.076, 0.297,  0.588, 129,   0, 0
     9222,       83.082, 0.303,  0.918, 129,   0, 0
     9223,       83.087, 0.305,  0.990, 129,   0, 0
     9224,       83.094, 0.305,  0.983, 129,   0, 0
     9225,       83.099, 0.294,  0.421, 129,   0, 0
     9226,       83.107, 0.306,  1.024, 129,   0, 0
     9227,       83.116, 0.293,  0.402, 129,   0, 0
     9228,       83.124, 0.303,  0.899, 129,   0, 0
     9229,       83.130, 0.292,  0.329, 129,   0, 0
     9230,       83.135, 0.297,  0.590, 129,   0, 0
     9231,       83.164, 0.283, -0.114, 129,   0, 0
     9232,       83.170, 0.297,  0.555, 129,   0, 0
     9233,       83.176, 0.282, -0.170, 129,   0, 0
     9234,       83.182, 0.279, -0.338, 129,   0, 0
     9235,       83.188, 0.279, -0.348, 129,   0, 0
     9236,       83.194, 0.282, -0.204, 129,   0, 0
     9237,       83.199, 0.279, -0.372, 129,   0, 0
     9238,       83.205, 0.281, -0.268, 129,   0, 0
     9239,       83.211, 0.279, -0.395, 129,   0, 0
     9240,       83.217, 0.281, -0.290, 129,   0, 0
     9241,       83.248, 0.281, -0.303, 129,   0, 0
     9242,       83.256, 0.281, -0.305, 129,   0, 0
     9243,       83.263, 0.280, -0.396, 129,   0, 0
     9244,       83.269, 0.281, -0.320, 129,   0, 0
     9245,       83.276, 0.281, -0.333, 129,   0, 0
     9246,       83.283, 0.305,  0.940, 129,   0, 0
     9247,       83.290, 0.272, -0.854, 129,   0, 0
     9248,       83.296, 0.302,  0.766, 129,   0, 0
     9249,       83.301, 0.319,  1.693, 129,   0, 0
     9250,       83.308, 0.273, -0.872, 129,   0, 0
     9251,       83.340, 0.267, -1.269, 129,   0, 0
     9252,       83.345, 0.291,  0.103, 129,   0, 0
     9253,       83.352, 0.275, -0.814, 129,   0, 0
     9254,       83.358, 0.275, -0.785, 129,   0, 0
     9255,       83.364, 0.289, -0.003, 129,   0, 0
     9256,       83.371, 0.290,  0.083, 129,   0, 0
     9257,       83.380, 0.290,  0.051, 129,   0, 0
     9258,       83.388, 0.291,  0.130, 129,   0, 0
     9259,       83.393, 0.281, -0.456, 129,   0, 0
     9260,       83.399, 0.295,  0.365, 129,   0, 0
     9261,       83.427, 0.305,  0.919, 129,   0, 0
     9262,       83.434, 0.311,  1.290, 129,   0, 0
     9263,       83.439, 0.282, -0.404, 129,   0, 0
     9264,       83.446, 0.288, -0.044, 129,   0, 0
     9265,       83.452, 0.289,  0.031, 129,   0, 0
     9266,       83.457, 0.304,  0.885, 129,   0, 0
     9267,       83.465, 0.282, -0.396, 129,   0, 0
     9268,       83.471, 0.297,  0.439, 129,   0, 0
     9269,       83.477, 0.297,  0.431, 129,   0, 0
     9270,       83.483, 0.295,  0.351, 129,   0, 0
     9271,       83.513, 0.297,  0.407, 129,   0, 0
     9272,       83.521, 0.295,  0.310, 129,   0, 0
     9273,       83.528, 0.295,  0.299, 129,   0, 0
     9274,       83.534, 0.294,  0.201, 129,   0, 0
     9275,       83.539, 0.296,  0.358, 129,   0, 0
     9276,       83.545, 0.281, -0.620, 129,   0, 0
     9277,       83.551, 0.298,  0.454, 129,   0, 0
     9278,       83.557, 0.297,  0.326, 129,   0, 0
     9279,       83.564, 0.297,  0.317, 129,   0, 0
     9280,       83.571, 0.297,  0.309, 129,   0, 0
     9281,       83.599, 0.297,  0.301, 129,   0, 0
     9282,       83.604, 0.297,  0.288, 129,   0, 0
     9283,       83.610, 0.297,  0.279, 129,   0, 0
     9284,       83.616, 0.294,  0.066, 129,   0, 0
     9285,       83.622, 0.297,  0.272, 129,   0, 0
     9286,       83.633, 0.296,  0.190, 129,   0, 0
     9287,       83.641, 0.296,  0.181, 129,   0, 0
     9288,       83.647, 0.305,  0.842, 129,   0, 0
     9289,       83.653, 0.294,  0.039, 129,   0, 0
     9290,       83.659, 0.292, -0.143, 129,   0, 0
     9291,       83.687, 0.278, -1.174, 129,   0, 0
     9292,       83.693, 0.303,  0.645, 129,   0, 0
     9293,       83.699, 0.281, -0.945, 129,   0, 0
     9294,       83.705, 0.286, -0.584, 129,   0, 0
     9295,       83.711, 0.272, -1.613, 129,   0, 0
     9296,       83.717, 0.286, -0.574, 129,   0, 0
     9297,       83.723, 0.265, -2.177, 130,   1, 0
     9298,       83.734, 0.295,  0.172, 130,   0, 0
     9299,       83.741, 0.283, -0.776, 130,   0, 0
     9300,       83.748, 0.288, -0.361, 130,   0, 0
     9301,       83.779, 0.263, -2.284, 131,   1, 0
     9302,       83.792, 0.277, -1.240, 131,   0, 0
     9303,       83.798, 0.246, -3.726, 132,   1, 0
     9304,       83.809, 0.263, -2.150, 132,   2, 0
     9305,       83.820, 0.264, -2.037, 132,   3, 0
     9306,       83.833, 0.273, -1.297, 132,   0, 0
     9307,       83.839, 0.262, -2.175, 133,   1, 0
     9308,       83.855, 0.273, -1.231, 133,   0, 0
     9309,       83.862, 0.311,  1.588, 133,   0, 0
     9310,       83.868, 0.242, -3.536, 134,   1, 0
     9311,       83.901, 0.263, -1.826, 134,   0, 0
     9312,       83.908, 0.273, -1.096, 134,   0, 0
     9313,       83.916, 0.267, -1.530, 134,   0, 0
     9314,       83.922, 0.292,  0.202, 134,   0, 0
     9315,       83.928, 0.294,  0.340, 134,   0, 0
     9316,       83.934, 0.281, -0.557, 134,   0, 0
     9317,       83.939, 0.259, -2.072, 135,   1, 0
     9318,       83.951, 0.260, -1.977, 135,   0, 0
     9319,       83.957, 0.306,  1.167, 135,   0, 0
     9320,       83.962, 0.298,  0.624, 135,   0, 0
     9321,       83.990, 0.268, -1.419, 135,   0, 0
     9322,       83.996, 0.264, -1.628, 135,   0, 0
     9323,       84.003, 0.295,  0.428, 135,   0, 0
     9324,       84.010, 0.290,  0.060, 135,   0, 0
     9325,       84.017, 0.306,  1.133, 135,   0, 0
     9326,       84.025, 0.263, -1.760, 135,   0, 0
     9327,       84.031, 0.286, -0.147, 135,   0, 0
     9328,       84.037, 0.272, -1.083, 135,   0, 0
     9329,       84.043, 0.291,  0.159, 135,   0, 0
     9330,       84.049, 0.252, -2.451, 136,   1, 0
     9331,       84.082, 0.246, -2.733, 136,   2, 0
     9332,       84.093, 0.265, -1.462, 136,   0, 0
     9333,       84.099, 0.293,  0.412, 136,   0, 0
     9334,       84.105, 0.267, -1.294, 136,   0, 0
     9335,       84.112, 0.290,  0.266, 136,   0, 0
     9336,       84.117, 0.254, -2.157, 137,   1, 0
     9337,       84.132, 0.283, -0.217, 137,   0, 0
     9338,       84.139, 0.253, -2.145, 138,   1, 0
     9339,       84.151, 0.250, -2.282, 138,   2, 0
     9340,       84.162, 0.251, -2.197, 138,   3, 0
     9341,       84.195, 0.238, -2.945, 138,   4, 0
     9342,       84.206, 0.251, -2.034, 138,   5, 0
     9343,       84.217, 0.249, -2.094, 138,   6, 0
     9344,       84.228, 0.251, -1.936, 138,   0, 0
     9345,       84.235, 0.252, -1.828, 138,   0, 0
     9346,       84.241, 0.251, -1.851, 138,   0, 0
     9347,       84.249, 0.265, -0.978, 138,   0, 0
     9348,       84.255, 0.265, -0.946, 138,   0, 0
     9349,       84.262, 0.267, -0.846, 138,   0, 0
     9350,       84.269, 0.252, -1.704, 138,   0, 0
     9351,       84.297, 0.261, -1.162, 138,   0, 0
     9352,       84.303, 0.245, -2.037, 139,   1, 0
     9353,       84.315, 0.243, -2.114, 139,   2, 0
     9354,       84.325, 0.246, -1.904, 139,   0, 0
     9355,       84.332, 0.250, -1.635, 139,   0, 0
     9356,       84.338, 0.271, -0.461, 139,   0, 0
     9357,       84.344, 0.265, -0.764, 139,   0, 0
     9358,       84.352, 0.239, -2.196, 140,   1, 0
     9359,       84.365, 0.223, -2.947, 140,   2, 0
     9360,       84.377, 0.223, -2.823, 140,   3, 0
     9361,       84.411, 0.245, -1.618, 140,   0, 0
     9362,       84.416, 0.252, -1.241, 140,   0, 0
     9363,       84.423, 0.243, -1.694, 140,   0, 0
     9364,       84.429, 0.234, -2.088, 141,   1, 0
     9365,       84.439, 0.234, -2.004, 141,   2, 0
     9366,       84.450, 0.184, -4.302, 141,   3, 0
     9367,       84.464, 0.125, -6.586, 141,   4, 0
     9368,       84.476, 0.132, -5.324, 141,   5, 0
     9369,       84.487, 0.121, -5.142, 141,   6, 0
     9370,       84.498, 0.121, -4.650, 141,   7, 0
     9371,       84.531, 0.088, -5.188, 141,   8, 0
     9372,       84.542, 0.121, -3.800, 141,   9, 0
     9373,       84.552, 0.129, -3.370, 141,  10, 0
     9374,       84.563, 0.133, -3.109, 141,  11, 0
     9375,       84.575, 0.112, -3.424, 141,  12, 0
     9376,       84.586, 0.142, -2.610, 141,  13, 0
     9377,       84.597, 0.154, -2.267, 141,  14, 0
     9378,       84.608, 0.183, -1.586, 141,   0, 0
     9379,       84.614, 0.224, -0.734, 141,   0, 0
     9380,       84.620, 0.230, -0.601, 141,   0, 0
     9381,       84.650, 0.280,  0.441, 141,   0, 0
     9382,       84.656, 0.268,  0.190, 141,   0, 0
     9383,       84.663, 0.261,  0.055, 141,   0, 0
     9384,       84.669, 0.293,  0.719, 141,   0, 0
     9385,       84.675, 0.293,  0.718, 141,   0, 0
     9386,       84.684, 0.329,  1.457, 141,   0, 0
     9387,       84.695, 0.331,  1.488, 141,   0, 0
     9388,       84.702, 0.332,  1.494, 141,   0, 0
     9389,       84.709, 0.322,  1.272, 141,   0, 0
     9390,       84.715, 0.350,  1.839, 141,   0, 0
     9391,       84.745, 0.350,  1.808, 141,   0, 0
     9392,       84.751, 0.356,  1.888, 141,   0, 0
     9393,       84.757, 0.359,  1.916, 141,   0, 0
     9394,       84.765, 0.358,  1.855, 141,   0, 0
     9395,       84.771, 0.327,  1.235, 141,   0, 0
     9396,       84.778, 0.331,  1.299, 141,   0, 0
     9397,       84.784, 0.317,  1.025, 141,   0, 0
     9398,       84.791, 0.297,  0.646, 141,   0, 0
     9399,       84.799, 0.350,  1.645, 141,   0, 0
     9400,       84.806, 0.306,  0.804, 141,   0, 0
     9401,       84.836, 0.323,  1.120, 141,   0, 0
     9402,       84.842, 0.317,  1.000, 141,   0, 0
     9403,       84.849, 0.280,  0.310, 141,   0, 0
     9404,       84.858, 0.215, -0.878, 141,   0, 0
     9405,       84.866, 0.221, -0.756, 141,   0, 0
     9406,       84.873, 0.194, -1.237, 141,   0, 0
     9407,       84.879, 0.138, -2.238, 142,   1, 0
     9408,       84.891, 0.142, -2.101, 142,   2, 0
     9409,       84.903, 0.179, -1.404, 142,   0, 0
     9410,       84.911, 0.129, -2.243, 143,   1, 0
     9411,       84.949, 0.129, -2.181, 143,   2, 0
     9412,       84.960, 0.125, -2.189, 143,   3, 0
     9413,       84.970, 0.155, -1.635, 143,   0, 0
     9414,       84.976, 0.125, -2.090, 144,   1, 0
     9415,       84.986, 0.147, -1.676, 144,   0, 0
     9416,       84.992, 0.140, -1.748, 144,   0, 0
     9417,       84.998, 0.147, -1.606, 144,   0, 0
     9418,       85.004, 0.176, -1.114, 144,   0, 0
     9419,       85.010, 0.156, -1.411, 144,   0, 0
     9420,       85.016, 0.143, -1.588, 144,   0, 0
     9421,       85.044, 0.132, -1.722, 144,   0, 0
     9422,       85.052, 0.121, -1.853, 144,   0, 0
     9423,       85.058, 0.156, -1.289, 144,   0, 0
     9424,       85.064, 0.153, -1.313, 144,   0, 0
     9425,       85.070, 0.154, -1.275, 144,   0, 0
     9426,       85.077, 0.147, -1.358, 144,   0, 0
     9427,       85.082, 0.172, -0.972, 144,   0, 0
     9428,       85.088, 0.139, -1.433, 144,   0, 0
     9429,       85.094, 0.184, -0.754, 144,   0, 0
     9430,       85.100, 0.176, -0.855, 144,   0, 0
     9431,       85.128, 0.184, -0.733, 144,   0, 0
     9432,       85.136, 0.182, -0.757, 144,   0, 0
     9433,       85.142, 0.171, -0.894, 144,   0, 0
     9434,       85.148, 0.176, -0.811, 144,   0, 0
     9435,       85.154, 0.182, -0.718, 144,   0, 0
     9436,       85.160, 0.179, -0.750, 144,   0, 0
     9437,       85.170, 0.124, -1.517, 144,   0, 0
     9438,       85.177, 0.184, -0.637, 144,   0, 0
     9439,       85.183, 0.147, -1.159, 144,   0, 0
     9440,       85.189, 0.182, -0.643, 144,   0, 0
     9441,       85.218, 0.135, -1.303, 144,   0, 0
     9442,       85.224, 0.140, -1.202, 144,   0, 0
     9443,       85.231, 0.118, -1.502, 144,   0, 0
     9444,       85.237, 0.088, -1.887, 144,   0, 0
     9445,       85.244, 0.088, -1.844, 144,   0, 0
     9446,       85.250, 0.096, -1.690, 144,   0, 0
     9447,       85.255, 0.088, -1.768, 144,   0, 0
     9448,       85.262, 0.125, -1.234, 144,   0, 0
     9449,       85.269, 0.109, -1.426, 144,   0, 0
     9450,       85.275, 0.137, -1.024, 144,   0, 0
     9451,       85.304, 0.144, -0.909, 144,   0, 0
     9452,       85.312, 0.125, -1.157, 144,   0, 0
     9453,       85.319, 0.140, -0.931, 144,   0, 0
     9454,       85.325, 0.156, -0.707, 144,   0, 0
     9455,       85.332, 0.157, -0.676, 144,   0, 0
     9456,       85.338, 0.184, -0.302, 144,   0, 0
     9457,       85.344, 0.183, -0.312, 144,   0, 0
     9458,       85.350, 0.182, -0.317, 144,   0, 0
     9459,       85.357, 0.184, -0.275, 144,   0, 0
     9460,       85.364, 0.175, -0.399, 144,   0, 0
     9461,       85.392, 0.200, -0.047, 144,   0, 0
     9462,       85.398, 0.184, -0.255, 144,   0, 0
     9463,       85.404, 0.187, -0.213, 144,   0, 0
     9464,       85.411, 0.182, -0.277, 144,   0, 0
     9465,       85.417, 0.161, -0.544, 144,   0, 0
     9466,       85.425, 0.166, -0.469, 144,   0, 0
     9467,       85.431, 0.184, -0.214, 144,   0, 0
     9468,       85.438, 0.213,  0.189, 144,   0, 0
     9469,       85.445, 0.148, -0.699, 144,   0, 0
     9470,       85.451, 0.150, -0.652, 144,   0, 0
     9471,       85.481, 0.121, -1.045, 144,   0, 0
     9472,       85.486, 0.152, -0.599, 144,   0, 0
     9473,       85.492, 0.133, -0.850, 144,   0, 0
     9474,       85.499, 0.103, -1.254, 144,   0, 0
     9475,       85.505, 0.125, -0.933, 144,   0, 0
     9476,       85.511, 0.125, -0.921, 144,   0, 0
     9477,       85.517, 0.136, -0.748, 144,   0, 0
     9478,       85.522, 0.133, -0.781, 144,   0, 0
     9479,       85.528, 0.136, -0.722, 144,   0, 0
     9480,       85.534, 0.188,  0.004, 144,   0, 0
     9481,       85.562, 0.164, -0.332, 144,   0, 0
     9482,       85.569, 0.174, -0.185, 144,   0, 0
     9483,       85.578, 0.171, -0.218, 144,   0, 0
     9484,       85.587, 0.191,  0.072, 144,   0, 0
     9485,       85.594, 0.157, -0.395, 144,   0, 0
     9486,       85.599, 0.139, -0.637, 144,   0, 0
     9487,       85.605, 0.148, -0.503, 144,   0, 0
     9488,       85.611, 0.173, -0.155, 144,   0, 0
     9489,       85.617, 0.143, -0.577, 144,   0, 0
     9490,       85.623, 0.145, -0.558, 144,   0, 0
     9491,       85.653, 0.180, -0.081, 144,   0, 0
     9492,       85.659, 0.157, -0.415, 144,   0, 0
     9493,       85.666, 0.174, -0.180, 144,   0, 0
     9494,       85.672, 0.194,  0.105, 144,   0, 0
     9495,       85.678, 0.196,  0.125, 144,   0, 0
     9496,       85.685, 0.207,  0.277, 144,   0, 0
     9497,       85.694, 0.195,  0.086, 144,   0, 0
     9498,       85.702, 0.157, -0.455, 144,   0, 0
     9499,       85.708, 0.213,  0.353, 144,   0, 0
     9500,       85.715, 0.213,  0.353, 144,   0, 0
     9501,       85.740, 0.213,  0.353, 144,   0, 0
     9502,       85.744, 0.213,  0.353, 144,   0, 0
     9503,       85.747, 0.213,  0.353, 144,   0, 0
     9504,       85.750, 0.213,  0.353, 144,   0, 0
     9505,       85.753, 0.213,  0.353, 144,   0, 0
     9506,       85.756, 0.213,  0.353, 144,   0, 0
     9507,       85.761, 0.213,  0.353, 144,   0, 0
     9508,       85.766, 0.213,  0.353, 144,   0, 0
     9509,       85.769, 0.213,  0.353, 144,   0, 0
     9510,       85.772, 0.221,  0.457, 144,   0, 0
     9511,       85.803, 0.208,  0.283, 144,   0, 0
     9512,       85.812, 0.208,  0.291, 144,   0, 0
     9513,       85.820, 0.324,  1.968, 144,   0, 0
     9514,       85.825, 0.331,  2.052, 144,   0, 0
     9515,       85.831, 0.240,  0.730, 144,   0, 0
     9516,       85.838, 0.304,  1.662, 144,   0, 0
     9517,       85.844, 0.308,  1.726, 144,   0, 0
     9518,       85.850, 0.368,  2.603, 144,   0, 0
     9519,       85.855, 0.317,  1.853, 144,   0, 0
     9520,       85.862, 0.317,  1.853, 144,   0, 0
     9521,       85.888, 0.317,  1.853, 144,   0, 0
     9522,       85.892, 0.317,  1.853, 144,   0, 0
     9523,       85.895, 0.317,  1.853, 144,   0, 0
     9524,       85.898, 0.317,  1.853, 144,   0, 0
     9525,       85.901, 0.317,  1.853, 144,   0, 0
     9526,       85.904, 0.317,  1.853, 144,   0, 0
     9527,       85.907, 0.317,  1.853, 144,   0, 0
     9528,       85.910, 0.317,  1.853, 144,   0, 0
     9529,       85.915, 0.317,  1.853, 144,   0, 0
     9530,       85.918, 0.317,  1.853, 144,   0, 0
     9531,       85.944, 0.317,  1.853, 144,   0, 0
     9532,       85.948, 0.317,  1.853, 144,   0, 0
     9533,       85.954, 0.317,  1.853, 144,   0, 0
     9534,       85.961, 0.317,  1.853, 144,   0, 0
     9535,       85.964, 0.317,  1.853, 144,   0, 0
     9536,       85.967, 0.317,  1.853, 144,   0, 0
     9537,       85.970, 0.317,  1.853, 144,   0, 0
     9538,       85.973, 0.317,  1.853, 144,   0, 0
     9539,       85.977, 0.317,  1.853, 144,   0, 0
     9540,       85.981, 0.317,  1.853, 144,   0, 0
     9541,       86.006, 0.317,  1.853, 144,   0, 0
     9542,       86.009, 0.317,  1.853, 144,   0, 0
     9543,       86.012, 0.317,  1.853, 144,   0, 0
     9544,       86.015, 0.317,  1.853, 144,   0, 0
     9545,       86.019, 0.317,  1.853, 144,   0, 0
     9546,       86.022, 0.317,  1.853, 144,   0, 0
     9547,       86.025, 0.317,  1.853, 144,   0, 0
     9548,       86.029, 0.317,  1.853, 144,   0, 0
     9549,       86.032, 0.317,  1.853, 144,   0, 0
     9550,       86.036, 0.317,  1.853, 144,   0, 0
     9551,       86.062, 0.317,  1.853, 144,   0, 0
     9552,       86.068, 0.317,  1.853, 144,   0, 0
     9553,       86.077, 0.317,  1.853, 144,   0, 0
     9554,       86.080, 0.317,  1.853, 144,   0, 0
     9555,       86.083, 0.317,  1.853, 144,   0, 0
     9556,       86.087, 0.317,  1.853, 144,   0, 0
     9557,       86.090, 0.317,  1.853, 144,   0, 0
     9558,       86.094, 0.317,  1.853, 144,   0, 0
     9559,       86.097, 0.317,  1.853, 144,   0, 0
     9560,       86.100, 0.317,  1.853, 144,   0, 0
     9561,       86.125, 0.317,  1.853, 144,   0, 0
     9562,       86.128, 0.317,  1.853, 144,   0, 0
     9563,       86.131, 0.317,  1.853, 144,   0, 0
     9564,       86.134, 0.317,  1.853, 144,   0, 0
     9565,       86.137, 0.317,  1.853, 144,   0, 0
     9566,       86.140, 0.317,  1.853, 144,   0, 0
     9567,       86.143, 0.317,  1.853, 144,   0, 0
     9568,       86.146, 0.317,  1.853, 144,   0, 0
     9569,       86.150, 0.317,  1.853, 144,   0, 0
     9570,       86.154, 0.310,  1.748, 144,   0, 0
     9571,       86.182, 0.288,  1.453, 144,   0, 0
     9572,       86.190, 0.269,  1.204, 144,   0, 0
     9573,       86.199, 0.285,  1.477, 144,   0, 0
     9574,       86.206, 0.269,  1.267, 144,   0, 0
     9575,       86.212, 0.296,  1.734, 144,   0, 0
     9576,       86.218, 0.277,  1.451, 144,   0, 0
     9577,       86.224, 0.308,  1.974, 144,   0, 0
     9578,       86.230, 0.287,  1.643, 144,   0, 0
     9579,       86.236, 0.292,  1.727, 144,   0, 0
     9580,       86.241, 0.297,  1.846, 144,   0, 0
     9581,       86.272, 0.257,  1.202, 144,   0, 0
     9582,       86.278, 0.313,  2.155, 144,   0, 0
     9583,       86.284, 0.282,  1.650, 144,   0, 0
     9584,       86.289, 0.237,  0.896, 144,   0, 0
     9585,       86.295, 0.242,  0.983, 144,   0, 0
     9586,       86.301, 0.244,  1.013, 144,   0, 0
     9587,       86.307, 0.222,  0.635, 144,   0, 0
     9588,       86.315, 0.229,  0.746, 144,   0, 0
     9589,       86.323, 0.193,  0.138, 144,   0, 0
     9590,       86.330, 0.211,  0.428, 144,   0, 0
     9591,       86.358, 0.220,  0.571, 144,   0, 0
     9592,       86.364, 0.239,  0.861, 144,   0, 0
     9593,       86.370, 0.234,  0.766, 144,   0, 0
     9594,       86.377, 0.229,  0.685, 144,   0, 0
     9595,       86.383, 0.248,  0.976, 144,   0, 0
     9596,       86.388, 0.240,  0.827, 144,   0, 0
     9597,       86.394, 0.260,  1.153, 144,   0, 0
     9598,       86.400, 0.236,  0.736, 144,   0, 0
     9599,       86.406, 0.239,  0.766, 144,   0, 0
     9600,       86.412, 0.228,  0.587, 144,   0, 0
     9601,       86.441, 0.239,  0.743, 144,   0, 0
     9602,       86.448, 0.250,  0.916, 144,   0, 0
     9603,       86.455, 0.279,  1.384, 144,   0, 0
     9604,       86.462, 0.268,  1.181, 144,   0, 0
     9605,       86.468, 0.268,  1.155, 144,   0, 0
     9606,       86.475, 0.250,  0.838, 144,   0, 0
     9607,       86.481, 0.235,  0.588, 144,   0, 0
     9608,       86.489, 0.275,  1.223, 144,   0, 0
     9609,       86.496, 0.244,  0.710, 144,   0, 0
     9610,       86.501, 0.220,  0.308, 144,   0, 0
     9611,       86.529, 0.234,  0.529, 144,   0, 0
     9612,       86.536, 0.220,  0.298, 144,   0, 0
     9613,       86.542, 0.230,  0.454, 144,   0, 0
     9614,       86.548, 0.244,  0.676, 144,   0, 0
     9615,       86.554, 0.258,  0.887, 144,   0, 0
     9616,       86.560, 0.246,  0.685, 144,   0, 0
     9617,       86.567, 0.268,  1.018, 144,   0, 0
     9618,       86.575, 0.235,  0.478, 144,   0, 0
     9619,       86.582, 0.259,  0.855, 144,   0, 0
     9620,       86.588, 0.281,  1.199, 144,   0, 0
     9621,       86.616, 0.265,  0.926, 144,   0, 0
     9622,       86.622, 0.257,  0.778, 144,   0, 0
     9623,       86.628, 0.257,  0.764, 144,   0, 0
     9624,       86.634, 0.273,  1.015, 144,   0, 0
     9625,       86.639, 0.259,  0.759, 144,   0, 0
     9626,       86.645, 0.276,  1.036, 144,   0, 0
     9627,       86.651, 0.282,  1.139, 144,   0, 0
     9628,       86.657, 0.266,  0.836, 144,   0, 0
     9629,       86.663, 0.252,  0.581, 144,   0, 0
     9630,       86.669, 0.259,  0.699, 144,   0, 0
     9631,       86.698, 0.243,  0.391, 144,   0, 0
     9632,       86.707, 0.239,  0.312, 144,   0, 0
     9633,       86.715, 0.243,  0.366, 144,   0, 0
     9634,       86.722, 0.243,  0.354, 144,   0, 0
     9635,       86.727, 0.246,  0.403, 144,   0, 0
     9636,       86.733, 0.258,  0.613, 144,   0, 0
     9637,       86.739, 0.250,  0.452, 144,   0, 0
     9638,       86.745, 0.250,  0.447, 144,   0, 0
     9639,       86.750, 0.250,  0.437, 144,   0, 0
     9640,       86.756, 0.236,  0.171, 144,   0, 0
     9641,       86.784, 0.234,  0.122, 144,   0, 0
     9642,       86.790, 0.250,  0.415, 144,   0, 0
     9643,       86.796, 0.265,  0.690, 144,   0, 0
     9644,       86.802, 0.234,  0.090, 144,   0, 0
     9645,       86.809, 0.244,  0.277, 144,   0, 0
     9646,       86.815, 0.242,  0.232, 144,   0, 0
     9647,       86.823, 0.228, -0.060, 144,   0, 0
     9648,       86.830, 0.267,  0.681, 144,   0, 0
     9649,       86.836, 0.282,  0.963, 144,   0, 0
     9650,       86.842, 0.294,  1.176, 144,   0, 0
     9651,       86.871, 0.259,  0.485, 144,   0, 0
     9652,       86.878, 0.314,  1.561, 144,   0, 0
     9653,       86.883, 0.282,  0.900, 144,   0, 0
     9654,       86.889, 0.309,  1.431, 144,   0, 0
     9655,       86.896, 0.298,  1.207, 144,   0, 0
     9656,       86.902, 0.290,  1.023, 144,   0, 0
     9657,       86.908, 0.279,  0.787, 144,   0, 0
     9658,       86.914, 0.279,  0.776, 144,   0, 0
     9659,       86.920, 0.281,  0.815, 144,   0, 0
     9660,       86.927, 0.266,  0.462, 144,   0, 0
     9661,       86.957, 0.299,  1.207, 144,   0, 0
     9662,       86.965, 0.282,  0.796, 144,   0, 0
     9663,       86.973, 0.297,  1.128, 144,   0, 0
     9664,       86.980, 0.295,  1.079, 144,   0, 0
     9665,       87.000, 0.304,  1.282, 144,   0, 0
     9666,       87.007, 0.264,  0.303, 144,   0, 0
     9667,       87.014, 0.306,  1.325, 144,   0, 0
     9668,       87.019, 0.295,  1.052, 144,   0, 0
     9669,       87.026, 0.320,  1.681, 144,   0, 0
     9670,       87.032, 0.310,  1.403, 144,   0, 0
     9671,       87.062, 0.297,  1.060, 144,   0, 0
     9672,       87.068, 0.282,  0.642, 144,   0, 0
     9673,       87.074, 0.303,  1.235, 144,   0, 0
     9674,       87.082, 0.303,  1.228, 144,   0, 0
     9675,       87.089, 0.253, -0.259, 144,   0, 0
     9676,       87.096, 0.285,  0.692, 144,   0, 0
     9677,       87.102, 0.288,  0.767, 144,   0, 0
     9678,       87.108, 0.239, -0.781, 144,   0, 0
     9679,       87.114, 0.279,  0.463, 144,   0, 0
     9680,       87.121, 0.249, -0.528, 144,   0, 0
     9681,       87.150, 0.251, -0.458, 144,   0, 0
     9682,       87.156, 0.250, -0.536, 144,   0, 0
     9683,       87.162, 0.228, -1.294, 144,   0, 0
     9684,       87.168, 0.235, -1.034, 144,   0, 0
     9685,       87.175, 0.232, -1.112, 144,   0, 0
     9686,       87.181, 0.244, -0.701, 144,   0, 0
     9687,       87.187, 0.239, -0.876, 144,   0, 0
     9688,       87.195, 0.242, -0.739, 144,   0, 0
     9689,       87.202, 0.213, -1.834, 144,   0, 0
     9690,       87.211, 0.221, -1.510, 144,   0, 0
     9691,       87.239, 0.234, -1.000, 144,   0, 0
     9692,       87.245, 0.236, -0.912, 144,   0, 0
     9693,       87.251, 0.210, -1.874, 144,   0, 0
     9694,       87.257, 0.184, -2.774, 145,   1, 0
     9695,       87.268, 0.238, -0.747, 145,   0, 0
     9696,       87.274, 0.250, -0.309, 145,   0, 0
     9697,       87.280, 0.231, -0.964, 145,   0, 0
     9698,       87.287, 0.236, -0.780, 145,   0, 0
     9699,       87.293, 0.244, -0.467, 145,   0, 0
     9700,       87.299, 0.230, -0.985, 145,   0, 0
     9701,       87.327, 0.251, -0.163, 145,   0, 0
     9702,       87.334, 0.242, -0.502, 145,   0, 0
     9703,       87.342, 0.213, -1.594, 145,   0, 0
     9704,       87.348, 0.125, -4.852, 146,   1, 0
     9705,       87.359, 0.117, -4.669, 146,   2, 0
     9706,       87.371, 0.091, -5.104, 146,   3, 0
     9707,       87.382, 0.074, -5.092, 146,   4, 0
     9708,       87.392, 0.076, -4.528, 146,   5, 0
     9709,       87.404, 0.089, -3.850, 146,   6, 0
     9710,       87.416, 0.170, -1.788, 146,   0, 0
     9711,       87.444, 0.168, -1.795, 146,   0, 0
     9712,       87.454, 0.121, -2.834, 147,   1, 0
     9713,       87.467, 0.138, -2.345, 147,   2, 0
     9714,       87.478, 0.169, -1.623, 147,   0, 0
     9715,       87.485, 0.125, -2.529, 148,   1, 0
     9716,       87.497, 0.128, -2.372, 148,   2, 0
     9717,       87.510, 0.113, -2.609, 148,   3, 0
     9718,       87.521, 0.155, -1.696, 148,   0, 0
     9719,       87.528, 0.175, -1.265, 148,   0, 0
     9720,       87.535, 0.140, -1.924, 148,   0, 0
     9721,       87.565, 0.133, -2.020, 149,   1, 0
     9722,       87.580, 0.124, -2.126, 149,   2, 0
     9723,       87.592, 0.154, -1.536, 149,   0, 0
     9724,       87.599, 0.141, -1.724, 149,   0, 0
     9725,       87.605, 0.139, -1.724, 149,   0, 0
     9726,       87.612, 0.124, -1.954, 149,   0, 0
     9727,       87.619, 0.135, -1.716, 149,   0, 0
     9728,       87.626, 0.124, -1.867, 149,   0, 0
     9729,       87.634, 0.132, -1.695, 149,   0, 0
     9730,       87.641, 0.117, -1.903, 149,   0, 0
     9731,       87.670, 0.153, -1.275, 149,   0, 0
     9732,       87.676, 0.154, -1.240, 149,   0, 0
     9733,       87.686, 0.137, -1.500, 149,   0, 0
     9734,       87.692, 0.121, -1.729, 149,   0, 0
     9735,       87.698, 0.140, -1.387, 149,   0, 0
     9736,       87.703, 0.157, -1.100, 149,   0, 0
     9737,       87.709, 0.163, -0.984, 149,   0, 0
     9738,       87.715, 0.206, -0.281, 149,   0, 0
     9739,       87.721, 0.187, -0.583, 149,   0, 0
     9740,       87.726, 0.179, -0.695, 149,   0, 0
     9741,       87.755, 0.191, -0.500, 149,   0, 0
     9742,       87.761, 0.238,  0.250, 149,   0, 0
     9743,       87.767, 0.222,  0.002, 149,   0, 0
     9744,       87.772, 0.201, -0.317, 149,   0, 0
     9745,       87.778, 0.238,  0.270, 149,   0, 0
     9746,       87.784, 0.202, -0.299, 149,   0, 0
     9747,       87.790, 0.204, -0.261, 149,   0, 0
     9748,       87.799, 0.173, -0.740, 149,   0, 0
     9749,       87.806, 0.216, -0.040, 149,   0, 0
     9750,       87.813, 0.194, -0.396, 149,   0, 0
     9751,       87.841, 0.200, -0.288, 149,   0, 0
     9752,       87.848, 0.171, -0.739, 149,   0, 0
     9753,       87.854, 0.174, -0.691, 149,   0, 0
     9754,       87.860, 0.171, -0.721, 149,   0, 0
     9755,       87.867, 0.178, -0.602, 149,   0, 0
     9756,       87.873, 0.176, -0.630, 149,   0, 0
     9757,       87.879, 0.171, -0.690, 149,   0, 0
     9758,       87.885, 0.179, -0.561, 149,   0, 0
     9759,       87.891, 0.159, -0.861, 149,   0, 0
     9760,       87.897, 0.188, -0.397, 149,   0, 0
     9761,       87.925, 0.173, -0.622, 149,   0, 0
     9762,       87.932, 0.174, -0.604, 149,   0, 0
     9763,       87.942, 0.166, -0.709, 149,   0, 0
     9764,       87.948, 0.160, -0.803, 149,   0, 0
     9765,       87.953, 0.174, -0.568, 149,   0, 0
     9766,       87.960, 0.157, -0.827, 149,   0, 0
     9767,       87.966, 0.174, -0.548, 149,   0, 0
     9768,       87.972, 0.171, -0.579, 149,   0, 0
     9769,       87.979, 0.176, -0.490, 149,   0, 0
     9770,       87.984, 0.179, -0.437, 149,   0, 0
     9771,       88.012, 0.157, -0.769, 149,   0, 0
     9772,       88.018, 0.179, -0.412, 149,   0, 0
     9773,       88.023, 0.179, -0.401, 149,   0, 0
     9774,       88.029, 0.179, -0.390, 149,   0, 0
     9775,       88.035, 0.179, -0.376, 149,   0, 0
     9776,       88.042, 0.179, -0.364, 149,   0, 0
     9777,       88.049, 0.223,  0.410, 149,   0, 0
     9778,       88.058, 0.235,  0.630, 149,   0, 0
     9779,       88.064, 0.230,  0.549, 149,   0, 0
     9780,       88.072, 0.237,  0.674, 149,   0, 0
     9781,       88.102, 0.240,  0.744, 149,   0, 0
     9782,       88.108, 0.239,  0.728, 149,   0, 0
     9783,       88.115, 0.239,  0.740, 149,   0, 0
     9784,       88.121, 0.256,  1.073, 149,   0, 0
     9785,       88.127, 0.228,  0.586, 149,   0, 0
     9786,       88.132, 0.242,  0.854, 149,   0, 0
     9787,       88.139, 0.228,  0.612, 149,   0, 0
     9788,       88.145, 0.255,  1.135, 149,   0, 0
     9789,       88.151, 0.242,  0.902, 149,   0, 0
     9790,       88.157, 0.230,  0.708, 149,   0, 0
     9791,       88.187, 0.265,  1.428, 149,   0, 0
     9792,       88.195, 0.237,  0.876, 149,   0, 0
     9793,       88.201, 0.210,  0.350, 149,   0, 0
     9794,       88.206, 0.218,  0.550, 149,   0, 0
     9795,       88.213, 0.251,  1.254, 149,   0, 0
     9796,       88.218, 0.245,  1.127, 149,   0, 0
     9797,       88.224, 0.249,  1.240, 149,   0, 0
     9798,       88.231, 0.243,  1.129, 149,   0, 0
     9799,       88.236, 0.243,  1.141, 149,   0, 0
     9800,       88.243, 0.227,  0.813, 149,   0, 0
     9801,       88.271, 0.229,  0.845, 149,   0, 0
     9802,       88.279, 0.221,  0.696, 149,   0, 0
     9803,       88.284, 0.214,  0.534, 149,   0, 0
     9804,       88.291, 0.229,  0.882, 149,   0, 0
     9805,       88.299, 0.199,  0.221, 149,   0, 0
     9806,       88.306, 0.156, -0.721, 149,   0, 0
     9807,       88.314, 0.121, -1.482, 149,   0, 0
     9808,       88.322, 0.121, -1.455, 149,   0, 0
     9809,       88.329, 0.154, -0.709, 149,   0, 0
     9810,       88.336, 0.150, -0.777, 149,   0, 0
     9811,       88.364, 0.161, -0.518, 149,   0, 0
     9812,       88.370, 0.161, -0.506, 149,   0, 0
     9813,       88.376, 0.121, -1.400, 149,   0, 0
     9814,       88.382, 0.117, -1.451, 149,   0, 0
     9815,       88.388, 0.181, -0.040, 149,   0, 0
     9816,       88.394, 0.179, -0.072, 149,   0, 0
     9817,       88.399, 0.135, -1.031, 149,   0, 0
     9818,       88.405, 0.161, -0.430, 149,   0, 0
     9819,       88.411, 0.150, -0.664, 149,   0, 0
     9820,       88.417, 0.144, -0.803, 149,   0, 0
     9821,       88.450, 0.135, -0.975, 149,   0, 0
     9822,       88.459, 0.121, -1.280, 149,   0, 0
     9823,       88.465, 0.147, -0.677, 149,   0, 0
     9824,       88.471, 0.134, -0.954, 149,   0, 0
     9825,       88.477, 0.121, -1.268, 149,   0, 0
     9826,       88.483, 0.162, -0.320, 149,   0, 0
     9827,       88.490, 0.132, -1.043, 149,   0, 0
     9828,       88.496, 0.134, -1.011, 149,   0, 0
     9829,       88.502, 0.155, -0.557, 149,   0, 0
     9830,       88.508, 0.169, -0.232, 149,   0, 0
     9831,       88.537, 0.169, -0.232, 149,   0, 0
     9832,       88.543, 0.139, -0.963, 149,   0, 0
     9833,       88.549, 0.117, -1.514, 149,   0, 0
     9834,       88.555, 0.132, -1.147, 149,   0, 0
     9835,       88.563, 0.132, -1.126, 149,   0, 0
     9836,       88.571, 0.175, -0.077, 149,   0, 0
     9837,       88.577, 0.173, -0.122, 149,   0, 0
     9838,       88.584, 0.135, -1.087, 149,   0, 0
     9839,       88.589, 0.161, -0.432, 149,   0, 0
     9840,       88.596, 0.142, -0.917, 149,   0, 0
     9841,       88.628, 0.144, -0.864, 149,   0, 0
     9842,       88.636, 0.128, -1.268, 149,   0, 0
     9843,       88.642, 0.132, -1.163, 149,   0, 0
     9844,       88.648, 0.130, -1.193, 149,   0, 0
     9845,       88.654, 0.128, -1.255, 149,   0, 0
     9846,       88.660, 0.135, -1.060, 149,   0, 0
     9847,       88.666, 0.137, -1.027, 149,   0, 0
     9848,       88.671, 0.131, -1.175, 149,   0, 0
     9849,       88.681, 0.162, -0.399, 149,   0, 0
     9850,       88.689, 0.114, -1.616, 149,   0, 0
     9851,       88.718, 0.128, -1.270, 149,   0, 0
     9852,       88.724, 0.141, -0.924, 149,   0, 0
     9853,       88.730, 0.132, -1.142, 149,   0, 0
     9854,       88.736, 0.121, -1.425, 149,   0, 0
     9855,       88.741, 0.114, -1.592, 149,   0, 0
     9856,       88.748, 0.117, -1.496, 149,   0, 0
     9857,       88.754, 0.121, -1.393, 149,   0, 0
     9858,       88.760, 0.145, -0.789, 149,   0, 0
     9859,       88.768, 0.117, -1.437, 149,   0, 0
     9860,       88.774, 0.173, -0.076, 149,   0, 0
     9861,       88.804, 0.138, -0.914, 149,   0, 0
     9862,       88.812, 0.176, -0.003, 149,   0, 0
     9863,       88.820, 0.134, -0.994, 149,   0, 0
     9864,       88.828, 0.158, -0.389, 149,   0, 0
     9865,       88.835, 0.163, -0.270, 149,   0, 0
     9866,       88.841, 0.135, -0.933, 149,   0, 0
     9867,       88.848, 0.166, -0.181, 149,   0, 0
     9868,       88.854, 0.121, -1.268, 149,   0, 0
     9869,       88.861, 0.184,  0.290, 149,   0, 0
     9870,       88.868, 0.121, -1.248, 149,   0, 0
     9871,       88.898, 0.140, -0.766, 149,   0, 0
     9872,       88.904, 0.152, -0.450, 149,   0, 0
     9873,       88.911, 0.135, -0.875, 149,   0, 0
     9874,       88.917, 0.176,  0.124, 149,   0, 0
     9875,       88.925, 0.135, -0.847, 149,   0, 0
     9876,       88.932, 0.170,  0.008, 149,   0, 0
     9877,       88.938, 0.190,  0.475, 149,   0, 0
     9878,       88.943, 0.139, -0.755, 149,   0, 0
     9879,       88.949, 0.168, -0.043, 149,   0, 0
     9880,       88.955, 0.184,  0.331, 149,   0, 0
     9881,       88.983, 0.184,  0.328, 149,   0, 0
     9882,       88.989, 0.168, -0.049, 149,   0, 0
     9883,       88.994, 0.202,  0.778, 149,   0, 0
     9884,       89.000, 0.184,  0.323, 149,   0, 0
     9885,       89.006, 0.124, -1.104, 149,   0, 0
     9886,       89.011, 0.129, -0.975, 149,   0, 0
     9887,       89.017, 0.097, -1.724, 149,   0, 0
     9888,       89.023, 0.079, -2.124, 150,   1, 0
     9889,       89.035, 0.091, -1.784, 150,   0, 0
     9890,       89.044, 0.137, -0.702, 150,   0, 0
     9891,       89.073, 0.181,  0.314, 150,   0, 0
     9892,       89.080, 0.184,  0.364, 150,   0, 0
     9893,       89.085, 0.188,  0.455, 150,   0, 0
     9894,       89.091, 0.184,  0.361, 150,   0, 0
     9895,       89.097, 0.182,  0.316, 150,   0, 0
     9896,       89.104, 0.182,  0.315, 150,   0, 0
     9897,       89.110, 0.181,  0.306, 150,   0, 0
     9898,       89.115, 0.211,  0.995, 150,   0, 0
     9899,       89.121, 0.186,  0.430, 150,   0, 0
     9900,       89.127, 0.197,  0.701, 150,   0, 0
     9901,       89.156, 0.225,  1.376, 150,   0, 0
     9902,       89.162, 0.241,  1.750, 150,   0, 0
     9903,       89.169, 0.211,  1.054, 150,   0, 0
     9904,       89.176, 0.221,  1.303, 150,   0, 0
     9905,       89.182, 0.247,  1.940, 150,   0, 0
     9906,       89.188, 0.244,  1.853, 150,   0, 0
     9907,       89.194, 0.245,  1.876, 150,   0, 0
     9908,       89.201, 0.194,  0.658, 150,   0, 0
     9909,       89.206, 0.241,  1.794, 150,   0, 0
     9910,       89.213, 0.232,  1.595, 150,   0, 0
     9911,       89.241, 0.267,  2.425, 150,   0, 0
     9912,       89.248, 0.243,  1.854, 150,   0, 0
     9913,       89.253, 0.230,  1.541, 150,   0, 0
     9914,       89.259, 0.231,  1.551, 150,   0, 0
     9915,       89.265, 0.237,  1.679, 150,   0, 0
     9916,       89.271, 0.208,  0.994, 150,   0, 0
     9917,       89.279, 0.240,  1.783, 150,   0, 0
     9918,       89.285, 0.224,  1.409, 150,   0, 0
     9919,       89.292, 0.239,  1.783, 150,   0, 0
     9920,       89.298, 0.234,  1.684, 150,   0, 0
     9921,       89.327, 0.251,  2.091, 150,   0, 0
     9922,       89.334, 0.239,  1.757, 150,   0, 0
     9923,       89.342, 0.245,  1.905, 150,   0, 0
     9924,       89.348, 0.223,  1.358, 150,   0, 0
     9925,       89.354, 0.210,  1.055, 150,   0, 0
     9926,       89.361, 0.220,  1.273, 150,   0, 0
     9927,       89.367, 0.216,  1.163, 150,   0, 0
     9928,       89.374, 0.238,  1.662, 150,   0, 0
     9929,       89.380, 0.222,  1.258, 150,   0, 0
     9930,       89.387, 0.236,  1.569, 150,   0, 0
     9931,       89.416, 0.216,  1.064, 150,   0, 0
     9932,       89.423, 0.228,  1.327, 150,   0, 0
     9933,       89.431, 0.214,  0.991, 150,   0, 0
     9934,       89.437, 0.234,  1.441, 150,   0, 0
     9935,       89.442, 0.252,  1.818, 150,   0, 0
     9936,       89.448, 0.243,  1.570, 150,   0, 0
     9937,       89.454, 0.238,  1.438, 150,   0, 0
     9938,       89.460, 0.209,  0.775, 150,   0, 0
     9939,       89.466, 0.208,  0.724, 150,   0, 0
     9940,       89.473, 0.196,  0.448, 150,   0, 0
     9941,       89.500, 0.233,  1.269, 150,   0, 0
     9942,       89.506, 0.238,  1.353, 150,   0, 0
     9943,       89.512, 0.238,  1.330, 150,   0, 0
     9944,       89.518, 0.221,  0.928, 150,   0, 0
     9945,       89.524, 0.209,  0.648, 150,   0, 0
     9946,       89.532, 0.216,  0.809, 150,   0, 0
     9947,       89.539, 0.231,  1.126, 150,   0, 0
     9948,       89.545, 0.225,  0.962, 150,   0, 0
     9949,       89.551, 0.199,  0.390, 150,   0, 0
     9950,       89.558, 0.211,  0.639, 150,   0, 0
     9951,       89.586, 0.232,  1.090, 150,   0, 0
     9952,       89.592, 0.238,  1.205, 150,   0, 0
     9953,       89.598, 0.238,  1.180, 150,   0, 0
     9954,       89.604, 0.231,  1.020, 150,   0, 0
     9955,       89.610, 0.224,  0.839, 150,   0, 0
     9956,       89.616, 0.223,  0.813, 150,   0, 0
     9957,       89.622, 0.234,  1.042, 150,   0, 0
     9958,       89.628, 0.223,  0.788, 150,   0, 0
     9959,       89.634, 0.231,  0.950, 150,   0, 0
     9960,       89.640, 0.239,  1.094, 150,   0, 0
     9961,       89.670, 0.240,  1.098, 150,   0, 0
     9962,       89.678, 0.226,  0.773, 150,   0, 0
     9963,       89.686, 0.231,  0.886, 150,   0, 0
     9964,       89.693, 0.243,  1.122, 150,   0, 0
     9965,       89.698, 0.238,  0.996, 150,   0, 0
     9966,       89.704, 0.253,  1.312, 150,   0, 0
     9967,       89.711, 0.252,  1.275, 150,   0, 0
     9968,       89.716, 0.252,  1.254, 150,   0, 0
     9969,       89.722, 0.236,  0.877, 150,   0, 0
     9970,       89.729, 0.240,  0.943, 150,   0, 0
     9971,       89.757, 0.245,  1.044, 150,   0, 0
     9972,       89.763, 0.238,  0.873, 150,   0, 0
     9973,       89.770, 0.238,  0.858, 150,   0, 0
     9974,       89.775, 0.231,  0.693, 150,   0, 0
     9975,       89.781, 0.238,  0.834, 150,   0, 0
     9976,       89.789, 0.237,  0.804, 150,   0, 0
     9977,       89.798, 0.238,  0.810, 150,   0, 0
     9978,       89.805, 0.245,  0.975, 150,   0, 0
     9979,       89.814, 0.280,  1.801, 150,   0, 0
     9980,       89.820, 0.274,  1.642, 150,   0, 0
     9981,       89.847, 0.234,  0.640, 150,   0, 0
     9982,       89.853, 0.283,  1.835, 150,   0, 0
     9983,       89.859, 0.281,  1.746, 150,   0, 0
     9984,       89.866, 0.271,  1.465, 150,   0, 0
     9985,       89.872, 0.283,  1.736, 150,   0, 0
     9986,       89.878, 0.297,  2.026, 150,   0, 0
     9987,       89.884, 0.270,  1.335, 150,   0, 0
     9988,       89.890, 0.239,  0.572, 150,   0, 0
     9989,       89.896, 0.241,  0.601, 150,   0, 0
     9990,       89.903, 0.231,  0.366, 150,   0, 0
     9991,       89.937, 0.237,  0.496, 150,   0, 0
     9992,       89.944, 0.239,  0.519, 150,   0, 0
     9993,       89.950, 0.214, -0.121, 150,   0, 0
     9994,       89.955, 0.238,  0.482, 150,   0, 0
     9995,       89.962, 0.243,  0.594, 150,   0, 0
     9996,       89.968, 0.267,  1.239, 150,   0, 0
     9997,       89.974, 0.264,  1.150, 150,   0, 0
     9998,       89.980, 0.281,  1.587, 150,   0, 0
     9999,       89.987, 0.276,  1.439, 150,   0, 0
    10000,       89.993, 0.253,  0.767, 150,   0, 0
    10001,       90.020, 0.271,  1.261, 150,   0, 0
    10002,       90.026, 0.283,  1.567, 150,   0, 0
    10003,       90.033, 0.270,  1.190, 150,   0, 0
    10004,       90.040, 0.288,  1.647, 150,   0, 0
    10005,       90.048, 0.260,  0.865, 150,   0, 0
    10006,       90.055, 0.288,  1.635, 150,   0, 0
    10007,       90.061, 0.245,  0.421, 150,   0, 0
    10008,       90.067, 0.288,  1.709, 150,   0, 0
    10009,       90.072, 0.263,  1.000, 150,   0, 0
    10010,       90.078, 0.255,  0.757, 150,   0, 0
    10011,       90.106, 0.266,  1.191, 150,   0, 0
    10012,       90.112, 0.255,  0.745, 150,   0, 0
    10013,       90.118, 0.294,  2.314, 150,   0, 0
    10014,       90.124, 0.298,  2.405, 150,   0, 0
    10015,       90.130, 0.312,  2.937, 150,   0, 0
    10016,       90.136, 0.302,  2.447, 150,   0, 0
    10017,       90.142, 0.294,  2.101, 150,   0, 0
    10018,       90.148, 0.301,  2.335, 150,   0, 0
    10019,       90.154, 0.284,  1.596, 150,   0, 0
    10020,       90.161, 0.294,  2.005, 150,   0, 0
    10021,       90.191, 0.297,  2.092, 150,   0, 0
    10022,       90.198, 0.280,  1.359, 150,   0, 0
    10023,       90.204, 0.243, -0.117, 150,   0, 0
    10024,       90.210, 0.254,  0.333, 150,   0, 0
    10025,       90.216, 0.230, -0.647, 150,   0, 0
    10026,       90.221, 0.259,  0.510, 150,   0, 0
    10027,       90.227, 0.238, -0.320, 150,   0, 0
    10028,       90.233, 0.247,  0.043, 150,   0, 0
    10029,       90.239, 0.281,  1.392, 150,   0, 0
    10030,       90.245, 0.243, -0.135, 150,   0, 0
    10031,       90.275, 0.282,  1.400, 150,   0, 0
    10032,       90.282, 0.262,  0.606, 150,   0, 0
    10033,       90.288, 0.254,  0.274, 150,   0, 0
    10034,       90.294, 0.283,  1.408, 150,   0, 0
    10035,       90.300, 0.274,  1.006, 150,   0, 0
    10036,       90.306, 0.243, -0.185, 150,   0, 0
    10037,       90.317, 0.288,  1.558, 150,   0, 0
    10038,       90.323, 0.286,  1.455, 150,   0, 0
    10039,       90.330, 0.289,  1.538, 150,   0, 0
    10040,       90.336, 0.288,  1.452, 150,   0, 0
    10041,       90.364, 0.288,  1.425, 150,   0, 0
    10042,       90.370, 0.274,  0.907, 150,   0, 0
    10043,       90.376, 0.256,  0.185, 150,   0, 0
    10044,       90.383, 0.288,  1.387, 150,   0, 0
    10045,       90.389, 0.286,  1.308, 150,   0, 0
    10046,       90.395, 0.286,  1.288, 150,   0, 0
    10047,       90.402, 0.248, -0.192, 150,   0, 0
    10048,       90.407, 0.270,  0.669, 150,   0, 0
    10049,       90.414, 0.264,  0.396, 150,   0, 0
    10050,       90.420, 0.251, -0.107, 150,   0, 0
    10051,       90.449, 0.293,  1.501, 150,   0, 0
    10052,       90.456, 0.280,  0.970, 150,   0, 0
    10053,       90.463, 0.251, -0.153, 150,   0, 0
    10054,       90.469, 0.251, -0.167, 150,   0, 0
    10055,       90.475, 0.280,  0.949, 150,   0, 0
    10056,       90.481, 0.263,  0.314, 150,   0, 0
    10057,       90.486, 0.274,  0.702, 150,   0, 0
    10058,       90.492, 0.297,  1.603, 150,   0, 0
    10059,       90.499, 0.266,  0.380, 150,   0, 0
    10060,       90.504, 0.235, -0.872, 150,   0, 0
    10061,       90.535, 0.235, -0.880, 150,   0, 0
    10062,       90.542, 0.237, -0.810, 150,   0, 0
    10063,       90.548, 0.265,  0.293, 150,   0, 0
    10064,       90.553, 0.269,  0.446, 150,   0, 0
    10065,       90.560, 0.240, -0.720, 150,   0, 0
    10066,       90.568, 0.257, -0.044, 150,   0, 0
    10067,       90.574, 0.232, -1.117, 150,   0, 0
    10068,       90.581, 0.232, -1.113, 150,   0, 0
    10069,       90.586, 0.236, -0.964, 150,   0, 0
    10070,       90.592, 0.266,  0.321, 150,   0, 0
    10071,       90.620, 0.258, -0.067, 150,   0, 0
    10072,       90.626, 0.257, -0.107, 150,   0, 0
    10073,       90.632, 0.250, -0.445, 150,   0, 0
    10074,       90.638, 0.237, -1.027, 150,   0, 0
    10075,       90.644, 0.239, -0.952, 150,   0, 0
    10076,       90.650, 0.237, -1.044, 150,   0, 0
    10077,       90.656, 0.210, -2.242, 151,   1, 0
    10078,       90.667, 0.210, -2.200, 151,   2, 0
    10079,       90.679, 0.238, -0.965, 151,   0, 0
    10080,       90.687, 0.238, -0.970, 151,   0, 0
    10081,       90.715, 0.224, -1.589, 151,   0, 0
    10082,       90.721, 0.217, -1.889, 151,   0, 0
    10083,       90.728, 0.214, -1.985, 151,   0, 0
    10084,       90.734, 0.217, -1.850, 151,   0, 0
    10085,       90.740, 0.236, -0.989, 151,   0, 0
    10086,       90.746, 0.205, -2.310, 152,   1, 0
    10087,       90.757, 0.206, -2.219, 152,   2, 0
    10088,       90.769, 0.228, -1.250, 152,   0, 0
    10089,       90.776, 0.228, -1.234, 152,   0, 0
    10090,       90.783, 0.228, -1.228, 152,   0, 0
    10091,       90.811, 0.228, -1.219, 152,   0, 0
    10092,       90.817, 0.228, -1.208, 152,   0, 0
    10093,       90.823, 0.228, -1.200, 152,   0, 0
    10094,       90.830, 0.243, -0.610, 152,   0, 0
    10095,       90.836, 0.244, -0.543, 152,   0, 0
    10096,       90.843, 0.212, -1.834, 152,   0, 0
    10097,       90.848, 0.238, -0.788, 152,   0, 0
    10098,       90.854, 0.210, -1.896, 152,   0, 0
    10099,       90.860, 0.253, -0.184, 152,   0, 0
    10100,       90.867, 0.224, -1.286, 152,   0, 0
    10101,       90.895, 0.240, -0.645, 152,   0, 0
    10102,       90.901, 0.267,  0.401, 152,   0, 0
    10103,       90.906, 0.254, -0.110, 152,   0, 0
    10104,       90.913, 0.244, -0.492, 152,   0, 0
    10105,       90.919, 0.245, -0.435, 152,   0, 0
    10106,       90.926, 0.230, -1.019, 152,   0, 0
    10107,       90.934, 0.240, -0.602, 152,   0, 0
    10108,       90.941, 0.245, -0.394, 152,   0, 0
    10109,       90.948, 0.237, -0.722, 152,   0, 0
    10110,       90.954, 0.230, -1.020, 152,   0, 0
    10111,       90.983, 0.238, -0.689, 152,   0, 0
    10112,       90.989, 0.237, -0.737, 152,   0, 0
    10113,       90.995, 0.257,  0.081, 152,   0, 0
    10114,       91.001, 0.243, -0.486, 152,   0, 0
    10115,       91.007, 0.232, -0.949, 152,   0, 0
    10116,       91.013, 0.230, -1.036, 152,   0, 0
    10117,       91.019, 0.255,  0.009, 152,   0, 0
    10118,       91.025, 0.262,  0.265, 152,   0, 0
    10119,       91.031, 0.256,  0.029, 152,   0, 0
    10120,       91.037, 0.245, -0.384, 152,   0, 0
    10121,       91.066, 0.259,  0.173, 152,   0, 0
    10122,       91.072, 0.228, -1.059, 152,   0, 0
    10123,       91.079, 0.250, -0.157, 152,   0, 0
    10124,       91.085, 0.252, -0.078, 152,   0, 0
    10125,       91.092, 0.252, -0.067, 152,   0, 0
    10126,       91.098, 0.225, -1.156, 152,   0, 0
    10127,       91.104, 0.236, -0.698, 152,   0, 0
    10128,       91.110, 0.239, -0.595, 152,   0, 0
    10129,       91.115, 0.235, -0.730, 152,   0, 0
    10130,       91.121, 0.234, -0.744, 152,   0, 0
    10131,       91.149, 0.228, -1.001, 152,   0, 0
    10132,       91.154, 0.239, -0.549, 152,   0, 0
    10133,       91.161, 0.207, -1.810, 152,   0, 0
    10134,       91.167, 0.191, -2.450, 153,   1, 0
    10135,       91.178, 0.191, -2.392, 153,   2, 0
    10136,       91.189, 0.176, -2.970, 153,   3, 0
    10137,       91.206, 0.193, -2.206, 153,   4, 0
    10138,       91.218, 0.237, -0.419, 153,   0, 0
    10139,       91.224, 0.220, -1.069, 153,   0, 0
    10140,       91.229, 0.214, -1.316, 153,   0, 0
    10141,       91.257, 0.173, -2.953, 154,   1, 0
    10142,       91.269, 0.191, -2.155, 154,   2, 0
    10143,       91.279, 0.184, -2.368, 154,   3, 0
    10144,       91.289, 0.192, -2.003, 154,   4, 0
    10145,       91.301, 0.230, -0.505, 154,   0, 0
    10146,       91.307, 0.230, -0.481, 154,   0, 0
    10147,       91.314, 0.230, -0.492, 154,   0, 0
    10148,       91.320, 0.236, -0.244, 154,   0, 0
    10149,       91.327, 0.239, -0.148, 154,   0, 0
    10150,       91.332, 0.240, -0.090, 154,   0, 0
    10151,       91.360, 0.239, -0.135, 154,   0, 0
    10152,       91.367, 0.240, -0.076, 154,   0, 0
    10153,       91.372, 0.240, -0.068, 154,   0, 0
    10154,       91.378, 0.239, -0.088, 154,   0, 0
    10155,       91.384, 0.231, -0.382, 154,   0, 0
    10156,       91.390, 0.238, -0.107, 154,   0, 0
    10157,       91.396, 0.240, -0.034, 154,   0, 0
    10158,       91.403, 0.240, -0.018, 154,   0, 0
    10159,       91.409, 0.211, -1.178, 154,   0, 0
    10160,       91.416, 0.195, -1.827, 154,   0, 0
    10161,       91.447, 0.195, -1.805, 154,   0, 0
    10162,       91.453, 0.236, -0.062, 154,   0, 0
    10163,       91.459, 0.221, -0.667, 154,   0, 0
    10164,       91.466, 0.237, -0.011, 154,   0, 0
    10165,       91.473, 0.238,  0.058, 154,   0, 0
    10166,       91.479, 0.224, -0.542, 154,   0, 0
    10167,       91.484, 0.236,  0.021, 154,   0, 0
    10168,       91.490, 0.209, -1.207, 154,   0, 0
    10169,       91.496, 0.238,  0.131, 154,   0, 0
    10170,       91.502, 0.236,  0.059, 154,   0, 0
    10171,       91.529, 0.230, -0.227, 154,   0, 0
    10172,       91.535, 0.238,  0.176, 154,   0, 0
    10173,       91.541, 0.236,  0.110, 154,   0, 0
    10174,       91.548, 0.223, -0.499, 154,   0, 0
    10175,       91.554, 0.236,  0.127, 154,   0, 0
    10176,       91.561, 0.238,  0.236, 154,   0, 0
    10177,       91.568, 0.236,  0.159, 154,   0, 0
    10178,       91.575, 0.236,  0.179, 154,   0, 0
    10179,       91.581, 0.240,  0.404, 154,   0, 0
    10180,       91.586, 0.210, -1.185, 154,   0, 0
    10181,       91.614, 0.245,  0.731, 154,   0, 0
    10182,       91.620, 0.248,  0.847, 154,   0, 0
    10183,       91.627, 0.248,  0.847, 154,   0, 0
    10184,       91.633, 0.246,  0.759, 154,   0, 0
    10185,       91.640, 0.276,  2.427, 154,   0, 0
    10186,       91.645, 0.253,  1.103, 154,   0, 0
    10187,       91.653, 0.242,  0.559, 154,   0, 0
    10188,       91.659, 0.236,  0.228, 154,   0, 0
    10189,       91.666, 0.249,  0.908, 154,   0, 0
    10190,       91.675, 0.255,  1.248, 154,   0, 0
    10191,       91.710, 0.234,  0.130, 154,   0, 0
    10192,       91.719, 0.235,  0.174, 154,   0, 0
    10193,       91.726, 0.234,  0.153, 154,   0, 0
    10194,       91.733, 0.269,  2.029, 154,   0, 0
    10195,       91.738, 0.253,  1.121, 154,   0, 0
    10196,       91.745, 0.237,  0.297, 154,   0, 0
    10197,       91.751, 0.236,  0.233, 154,   0, 0
    10198,       91.757, 0.266,  1.848, 154,   0, 0
    10199,       91.764, 0.254,  1.147, 154,   0, 0
    10200,       91.770, 0.270,  1.983, 154,   0, 0
    10201,       91.799, 0.251,  0.968, 154,   0, 0
    10202,       91.805, 0.237,  0.200, 154,   0, 0
    10203,       91.811, 0.228, -0.283, 154,   0, 0
    10204,       91.817, 0.257,  1.239, 154,   0, 0
    10205,       91.825, 0.228, -0.306, 154,   0, 0
    10206,       91.832, 0.258,  1.260, 154,   0, 0
    10207,       91.838, 0.242,  0.437, 154,   0, 0
    10208,       91.844, 0.231, -0.166, 154,   0, 0
    10209,       91.850, 0.260,  1.374, 154,   0, 0
    10210,       91.857, 0.242,  0.406, 154,   0, 0
    10211,       91.886, 0.231, -0.186, 154,   0, 0
    10212,       91.893, 0.259,  1.253, 154,   0, 0
    10213,       91.899, 0.235, -0.013, 154,   0, 0
    10214,       91.907, 0.229, -0.292, 154,   0, 0
    10215,       91.916, 0.258,  1.211, 154,   0, 0
    10216,       91.925, 0.285,  2.581, 154,   0, 0
    10217,       91.934, 0.287,  2.599, 154,   0, 0
    10218,       91.943, 0.285,  2.410, 154,   0, 0
    10219,       91.951, 0.256,  0.943, 154,   0, 0
    10220,       91.958, 0.271,  1.654, 154,   0, 0
    10221,       91.992, 0.282,  2.182, 154,   0, 0
    10222,       91.999, 0.271,  1.572, 154,   0, 0
    10223,       92.005, 0.261,  1.110, 154,   0, 0
    10224,       92.013, 0.262,  1.169, 154,   0, 0
    10225,       92.019, 0.262,  1.126, 154,   0, 0
    10226,       92.026, 0.246,  0.367, 154,   0, 0
    10227,       92.032, 0.231, -0.313, 154,   0, 0
    10228,       92.039, 0.232, -0.286, 154,   0, 0
    10229,       92.046, 0.260,  1.034, 154,   0, 0
    10230,       92.054, 0.247,  0.416, 154,   0, 0
    10231,       92.086, 0.238, -0.012, 154,   0, 0
    10232,       92.091, 0.245,  0.304, 154,   0, 0
    10233,       92.097, 0.250,  0.564, 154,   0, 0
    10234,       92.103, 0.270,  1.482, 154,   0, 0
    10235,       92.109, 0.270,  1.458, 154,   0, 0
    10236,       92.115, 0.231, -0.343, 154,   0, 0
    10237,       92.120, 0.239,  0.016, 154,   0, 0
    10238,       92.128, 0.274,  1.633, 154,   0, 0
    10239,       92.133, 0.279,  1.839, 154,   0, 0
    10240,       92.139, 0.245,  0.287, 154,   0, 0
    10241,       92.168, 0.256,  0.790, 154,   0, 0
    10242,       92.177, 0.273,  1.522, 154,   0, 0
    10243,       92.185, 0.259,  0.878, 154,   0, 0
    10244,       92.191, 0.259,  0.873, 154,   0, 0
    10245,       92.199, 0.259,  0.869, 154,   0, 0
    10246,       92.205, 0.260,  0.906, 154,   0, 0
    10247,       92.212, 0.276,  1.590, 154,   0, 0
    10248,       92.219, 0.271,  1.369, 154,   0, 0
    10249,       92.227, 0.278,  1.634, 154,   0, 0
    10250,       92.234, 0.294,  2.281, 154,   0, 0
    10251,       92.264, 0.288,  1.954, 154,   0, 0
    10252,       92.270, 0.276,  1.436, 154,   0, 0
    10253,       92.277, 0.297,  2.273, 154,   0, 0
    10254,       92.285, 0.279,  1.457, 154,   0, 0
    10255,       92.294, 0.283,  1.622, 154,   0, 0
    10256,       92.300, 0.281,  1.545, 154,   0, 0
    10257,       92.307, 0.283,  1.608, 154,   0, 0
    10258,       92.315, 0.284,  1.655, 154,   0, 0
    10259,       92.321, 0.269,  0.954, 154,   0, 0
    10260,       92.327, 0.296,  2.089, 154,   0, 0
    10261,       92.355, 0.277,  1.271, 154,   0, 0
    10262,       92.361, 0.288,  1.736, 154,   0, 0
    10263,       92.367, 0.285,  1.588, 154,   0, 0
    10264,       92.373, 0.286,  1.653, 154,   0, 0
    10265,       92.380, 0.291,  1.853, 154,   0, 0
    10266,       92.387, 0.321,  3.195, 154,   0, 0
    10267,       92.393, 0.297,  2.003, 154,   0, 0
    10268,       92.403, 0.284,  1.381, 154,   0, 0
    10269,       92.411, 0.272,  0.819, 154,   0, 0
    10270,       92.416, 0.295,  1.816, 154,   0, 0
    10271,       92.449, 0.287,  1.429, 154,   0, 0
    10272,       92.455, 0.297,  1.826, 154,   0, 0
    10273,       92.463, 0.285,  1.272, 154,   0, 0
    10274,       92.470, 0.272,  0.701, 154,   0, 0
    10275,       92.477, 0.262,  0.291, 154,   0, 0
    10276,       92.484, 0.286,  1.295, 154,   0, 0
    10277,       92.490, 0.257,  0.060, 154,   0, 0
    10278,       92.497, 0.287,  1.299, 154,   0, 0
    10279,       92.503, 0.285,  1.215, 154,   0, 0
    10280,       92.510, 0.287,  1.258, 154,   0, 0
    10281,       92.545, 0.286,  1.227, 154,   0, 0
    10282,       92.554, 0.296,  1.646, 154,   0, 0
    10283,       92.560, 0.259, -0.013, 154,   0, 0
    10284,       92.566, 0.269,  0.417, 154,   0, 0
    10285,       92.572, 0.270,  0.448, 154,   0, 0
    10286,       92.579, 0.276,  0.728, 154,   0, 0
    10287,       92.585, 0.293,  1.470, 154,   0, 0
    10288,       92.590, 0.293,  1.435, 154,   0, 0
    10289,       92.597, 0.276,  0.681, 154,   0, 0
    10290,       92.602, 0.292,  1.395, 154,   0, 0
    10291,       92.631, 0.285,  1.029, 154,   0, 0
    10292,       92.637, 0.274,  0.524, 154,   0, 0
    10293,       92.643, 0.261, -0.108, 154,   0, 0
    10294,       92.651, 0.276,  0.611, 154,   0, 0
    10295,       92.661, 0.261, -0.141, 154,   0, 0
    10296,       92.670, 0.270,  0.281, 154,   0, 0
    10297,       92.678, 0.261, -0.165, 154,   0, 0
    10298,       92.685, 0.260, -0.212, 154,   0, 0
    10299,       92.693, 0.261, -0.187, 154,   0, 0
    10300,       92.700, 0.259, -0.279, 154,   0, 0
    10301,       92.730, 0.297,  1.583, 154,   0, 0
    10302,       92.736, 0.286,  1.030, 154,   0, 0
    10303,       92.742, 0.272,  0.326, 154,   0, 0
    10304,       92.749, 0.270,  0.211, 154,   0, 0
    10305,       92.756, 0.274,  0.393, 154,   0, 0
    10306,       92.763, 0.272,  0.309, 154,   0, 0
    10307,       92.769, 0.257, -0.472, 154,   0, 0
    10308,       92.775, 0.286,  0.993, 154,   0, 0
    10309,       92.784, 0.274,  0.364, 154,   0, 0
    10310,       92.791, 0.274,  0.354, 154,   0, 0
    10311,       92.821, 0.267, -0.003, 154,   0, 0
    10312,       92.827, 0.272,  0.249, 154,   0, 0
    10313,       92.833, 0.286,  0.955, 154,   0, 0
    10314,       92.838, 0.296,  1.444, 154,   0, 0
    10315,       92.844, 0.272,  0.156, 154,   0, 0
    10316,       92.850, 0.266, -0.153, 154,   0, 0
    10317,       92.857, 0.260, -0.480, 154,   0, 0
    10318,       92.863, 0.277,  0.422, 154,   0, 0
    10319,       92.869, 0.257, -0.656, 154,   0, 0
    10320,       92.875, 0.259, -0.576, 154,   0, 0
    10321,       92.904, 0.244, -1.361, 154,   0, 0
    10322,       92.915, 0.274,  0.262, 154,   0, 0
    10323,       92.923, 0.259, -0.588, 154,   0, 0
    10324,       92.929, 0.244, -1.427, 154,   0, 0
    10325,       92.937, 0.259, -0.559, 154,   0, 0
    10326,       92.946, 0.254, -0.900, 154,   0, 0
    10327,       92.952, 0.263, -0.381, 154,   0, 0
    10328,       92.959, 0.252, -1.010, 154,   0, 0
    10329,       92.965, 0.274,  0.223, 154,   0, 0
    10330,       92.973, 0.257, -0.759, 154,   0, 0
    10331,       93.002, 0.303,  1.864, 154,   0, 0
    10332,       93.009, 0.243, -1.605, 154,   0, 0
    10333,       93.016, 0.274,  0.196, 154,   0, 0
    10334,       93.025, 0.290,  1.108, 154,   0, 0
    10335,       93.033, 0.288,  1.009, 154,   0, 0
    10336,       93.039, 0.274,  0.137, 154,   0, 0
    10337,       93.046, 0.275,  0.184, 154,   0, 0
    10338,       93.051, 0.290,  1.125, 154,   0, 0
    10339,       93.057, 0.290,  1.119, 154,   0, 0
    10340,       93.063, 0.260, -0.725, 154,   0, 0
    10341,       93.090, 0.275,  0.175, 154,   0, 0
    10342,       93.097, 0.247, -1.494, 154,   0, 0
    10343,       93.103, 0.260, -0.697, 154,   0, 0
    10344,       93.114, 0.259, -0.770, 154,   0, 0
    10345,       93.119, 0.275,  0.200, 154,   0, 0
    10346,       93.125, 0.254, -1.058, 154,   0, 0
    10347,       93.135, 0.274,  0.112, 154,   0, 0
    10348,       93.144, 0.241, -1.942, 154,   0, 0
    10349,       93.150, 0.244, -1.742, 154,   0, 0
    10350,       93.156, 0.255, -1.078, 154,   0, 0
    10351,       93.189, 0.287,  0.942, 154,   0, 0
    10352,       93.196, 0.270, -0.158, 154,   0, 0
    10353,       93.202, 0.239, -2.169, 155,   1, 0
    10354,       93.215, 0.255, -1.138, 155,   0, 0
    10355,       93.222, 0.273,  0.037, 155,   0, 0
    10356,       93.230, 0.260, -0.766, 155,   0, 0
    10357,       93.237, 0.276,  0.189, 155,   0, 0
    10358,       93.244, 0.315,  2.736, 155,   0, 0
    10359,       93.254, 0.290,  1.013, 155,   0, 0
    10360,       93.261, 0.295,  1.368, 155,   0, 0
    10361,       93.290, 0.295,  1.350, 155,   0, 0
    10362,       93.296, 0.340,  4.143, 155,   0, 0
    10363,       93.302, 0.330,  3.243, 155,   0, 0
    10364,       93.307, 0.326,  2.861, 155,   0, 0
    10365,       93.313, 0.341,  3.573, 155,   0, 0
    10366,       93.319, 0.338,  3.248, 155,   0, 0
    10367,       93.325, 0.340,  3.164, 155,   0, 0
    10368,       93.331, 0.338,  2.959, 155,   0, 0
    10369,       93.337, 0.326,  2.253, 155,   0, 0
    10370,       93.343, 0.341,  2.895, 155,   0, 0
    10371,       93.372, 0.326,  2.091, 155,   0, 0
    10372,       93.381, 0.351,  3.146, 155,   0, 0
    10373,       93.390, 0.341,  2.585, 155,   0, 0
    10374,       93.397, 0.325,  1.816, 155,   0, 0
    10375,       93.405, 0.323,  1.714, 155,   0, 0
    10376,       93.412, 0.326,  1.808, 155,   0, 0
    10377,       93.419, 0.325,  1.704, 155,   0, 0
    10378,       93.426, 0.316,  1.350, 155,   0, 0
    10379,       93.434, 0.333,  1.987, 155,   0, 0
    10380,       93.441, 0.319,  1.373, 155,   0, 0
    10381,       93.473, 0.317,  1.282, 155,   0, 0
    10382,       93.480, 0.340,  2.151, 155,   0, 0
    10383,       93.487, 0.348,  2.404, 155,   0, 0
    10384,       93.496, 0.355,  2.556, 155,   0, 0
    10385,       93.503, 0.354,  2.463, 155,   0, 0
    10386,       93.509, 0.398,  3.910, 155,   0, 0
    10387,       93.516, 0.367,  2.646, 155,   0, 0
    10388,       93.523, 0.383,  3.085, 155,   0, 0
    10389,       93.530, 0.352,  1.980, 155,   0, 0
    10390,       93.536, 0.382,  2.843, 155,   0, 0
    10391,       93.565, 0.367,  2.294, 155,   0, 0
    10392,       93.571, 0.354,  1.859, 155,   0, 0
    10393,       93.578, 0.353,  1.787, 155,   0, 0
    10394,       93.584, 0.353,  1.748, 155,   0, 0
    10395,       93.591, 0.353,  1.710, 155,   0, 0
    10396,       93.597, 0.335,  1.184, 155,   0, 0
    10397,       93.603, 0.354,  1.684, 155,   0, 0
    10398,       93.611, 0.367,  1.994, 155,   0, 0
    10399,       93.619, 0.353,  1.575, 155,   0, 0
    10400,       93.625, 0.378,  2.200, 155,   0, 0
    10401,       93.660, 0.363,  1.758, 155,   0, 0
    10402,       93.668, 0.368,  1.847, 155,   0, 0
    10403,       93.675, 0.381,  2.124, 155,   0, 0
    10404,       93.682, 0.370,  1.783, 155,   0, 0
    10405,       93.703, 0.370,  1.744, 155,   0, 0
    10406,       93.714, 0.368,  1.678, 155,   0, 0
    10407,       93.724, 0.370,  1.670, 155,   0, 0
    10408,       93.742, 0.381,  1.912, 155,   0, 0
    10409,       93.757, 0.381,  1.869, 155,   0, 0
    10410,       93.766, 0.353,  1.178, 155,   0, 0
    10411,       93.799, 0.362,  1.353, 155,   0, 0
    10412,       93.806, 0.360,  1.302, 155,   0, 0
    10413,       93.814, 0.343,  0.874, 155,   0, 0
    10414,       93.822, 0.338,  0.758, 155,   0, 0
    10415,       93.829, 0.355,  1.129, 155,   0, 0
    10416,       93.835, 0.394,  1.991, 155,   0, 0
    10417,       93.840, 0.382,  1.682, 155,   0, 0
    10418,       93.848, 0.339,  0.693, 155,   0, 0
    10419,       93.855, 0.338,  0.655, 155,   0, 0
    10420,       93.864, 0.353,  0.980, 155,   0, 0
    10421,       93.891, 0.338,  0.626, 155,   0, 0
    10422,       93.897, 0.354,  0.980, 155,   0, 0
    10423,       93.903, 0.355,  0.979, 155,   0, 0
    10424,       93.909, 0.356,  0.989, 155,   0, 0
    10425,       93.915, 0.370,  1.271, 155,   0, 0
    10426,       93.921, 0.368,  1.223, 155,   0, 0
    10427,       93.928, 0.368,  1.202, 155,   0, 0
    10428,       93.934, 0.378,  1.401, 155,   0, 0
    10429,       93.941, 0.378,  1.373, 155,   0, 0
    10430,       93.947, 0.379,  1.375, 155,   0, 0
    10431,       93.980, 0.366,  1.058, 155,   0, 0
    10432,       93.988, 0.354,  0.787, 155,   0, 0
    10433,       93.996, 0.355,  0.793, 155,   0, 0
    10434,       94.002, 0.365,  0.993, 155,   0, 0
    10435,       94.008, 0.378,  1.263, 155,   0, 0
    10436,       94.015, 0.392,  1.533, 155,   0, 0
    10437,       94.021, 0.360,  0.831, 155,   0, 0
    10438,       94.026, 0.360,  0.817, 155,   0, 0
    10439,       94.032, 0.375,  1.120, 155,   0, 0
    10440,       94.038, 0.392,  1.484, 155,   0, 0
    10441,       94.070, 0.392,  1.455, 155,   0, 0
    10442,       94.076, 0.351,  0.536, 155,   0, 0
    10443,       94.083, 0.364,  0.809, 155,   0, 0
    10444,       94.089, 0.370,  0.915, 155,   0, 0
    10445,       94.096, 0.370,  0.900, 155,   0, 0
    10446,       94.105, 0.370,  0.888, 155,   0, 0
    10447,       94.115, 0.325, -0.138, 155,   0, 0
    10448,       94.123, 0.350,  0.427, 155,   0, 0
    10449,       94.131, 0.335,  0.044, 155,   0, 0
    10450,       94.138, 0.327, -0.148, 155,   0, 0
    10451,       94.171, 0.370,  0.857, 155,   0, 0
    10452,       94.177, 0.370,  0.849, 155,   0, 0
    10453,       94.183, 0.391,  1.359, 155,   0, 0
    10454,       94.189, 0.375,  0.943, 155,   0, 0
    10455,       94.196, 0.381,  1.067, 155,   0, 0
    10456,       94.204, 0.348,  0.252, 155,   0, 0
    10457,       94.211, 0.363,  0.606, 155,   0, 0
    10458,       94.220, 0.394,  1.367, 155,   0, 0
    10459,       94.231, 0.379,  0.981, 155,   0, 0
    10460,       94.237, 0.370,  0.719, 155,   0, 0
    10461,       94.271, 0.363,  0.539, 155,   0, 0
    10462,       94.278, 0.378,  0.925, 155,   0, 0
    10463,       94.285, 0.349,  0.131, 155,   0, 0
    10464,       94.292, 0.382,  1.001, 155,   0, 0
    10465,       94.310, 0.378,  0.897, 155,   0, 0
    10466,       94.317, 0.380,  0.927, 155,   0, 0
    10467,       94.323, 0.380,  0.920, 155,   0, 0
    10468,       94.331, 0.380,  0.909, 155,   0, 0
    10469,       94.340, 0.380,  0.910, 155,   0, 0
    10470,       94.346, 0.362,  0.367, 155,   0, 0
    10471,       94.377, 0.364,  0.394, 155,   0, 0
    10472,       94.383, 0.376,  0.785, 155,   0, 0
    10473,       94.389, 0.376,  0.780, 155,   0, 0
    10474,       94.396, 0.375,  0.761, 155,   0, 0
    10475,       94.402, 0.340, -0.586, 155,   0, 0
    10476,       94.408, 0.360,  0.181, 155,   0, 0
    10477,       94.415, 0.406,  2.110, 155,   0, 0
    10478,       94.421, 0.353, -0.188, 155,   0, 0
    10479,       94.442, 0.360,  0.118, 155,   0, 0
    10480,       94.449, 0.355, -0.158, 155,   0, 0
    10481,       94.478, 0.351, -0.398, 155,   0, 0
    10482,       94.486, 0.391,  1.604, 155,   0, 0
    10483,       94.495, 0.383,  1.177, 155,   0, 0
    10484,       94.502, 0.392,  1.593, 155,   0, 0
    10485,       94.509, 0.386,  1.254, 155,   0, 0
    10486,       94.517, 0.397,  1.809, 155,   0, 0
    10487,       94.523, 0.394,  1.621, 155,   0, 0
    10488,       94.531, 0.394,  1.589, 155,   0, 0
    10489,       94.538, 0.393,  1.496, 155,   0, 0
    10490,       94.547, 0.394,  1.530, 155,   0, 0
    10491,       94.581, 0.344, -0.965, 155,   0, 0
    10492,       94.588, 0.392,  1.392, 155,   0, 0
    10493,       94.595, 0.354, -0.520, 155,   0, 0
    10494,       94.601, 0.396,  1.593, 155,   0, 0
    10495,       94.608, 0.383,  0.930, 155,   0, 0
    10496,       94.615, 0.370,  0.219, 155,   0, 0
    10497,       94.621, 0.397,  1.636, 155,   0, 0
    10498,       94.627, 0.396,  1.566, 155,   0, 0
    10499,       94.632, 0.363, -0.209, 155,   0, 0
    10500,       94.638, 0.394,  1.447, 155,   0, 0
    10501,       94.667, 0.409,  2.255, 155,   0, 0
    10502,       94.673, 0.378,  0.539, 155,   0, 0
    10503,       94.679, 0.393,  1.353, 155,   0, 0
    10504,       94.687, 0.393,  1.330, 155,   0, 0
    10505,       94.696, 0.366, -0.197, 155,   0, 0
    10506,       94.704, 0.368, -0.066, 155,   0, 0
    10507,       94.710, 0.380,  0.616, 155,   0, 0
    10508,       94.717, 0.382,  0.721, 155,   0, 0
    10509,       94.722, 0.364, -0.324, 155,   0, 0
    10510,       94.730, 0.368, -0.068, 155,   0, 0
    10511,       94.762, 0.410,  2.310, 155,   0, 0
    10512,       94.769, 0.383,  0.713, 155,   0, 0
    10513,       94.776, 0.407,  2.061, 155,   0, 0
    10514,       94.783, 0.394,  1.322, 155,   0, 0
    10515,       94.789, 0.394,  1.271, 155,   0, 0
    10516,       94.797, 0.409,  2.057, 155,   0, 0
    10517,       94.806, 0.409,  2.041, 155,   0, 0
    10518,       94.815, 0.394,  1.201, 155,   0, 0
    10519,       94.821, 0.375,  0.151, 155,   0, 0
    10520,       94.827, 0.236, -7.407, 156,   1, 0
    10521,       94.865, 0.187, -8.295, 156,   2, 0
    10522,       94.879, 0.213, -5.648, 156,   3, 0
    10523,       94.890, 0.219, -4.802, 156,   4, 0
    10524,       94.902, 0.227, -4.127, 156,   5, 0
    10525,       94.915, 0.244, -3.365, 156,   6, 0
    10526,       94.929, 0.259, -2.783, 156,   7, 0
    10527,       94.945, 0.273, -2.329, 156,   8, 0
    10528,       94.958, 0.259, -2.607, 156,   9, 0
    10529,       94.970, 0.274, -2.148, 156,  10, 0
    10530,       94.982, 0.243, -2.811, 156,  11, 0
    10531,       95.027, 0.260, -2.333, 156,  12, 0
    10532,       95.048, 0.243, -2.627, 156,  13, 0
    10533,       95.063, 0.283, -1.662, 156,   0, 0
    10534,       95.071, 0.243, -2.496, 157,   1, 0
    10535,       95.083, 0.259, -2.086, 157,   2, 0
    10536,       95.095, 0.244, -2.356, 157,   3, 0
    10537,       95.108, 0.259, -1.968, 157,   0, 0
    10538,       95.114, 0.258, -1.934, 157,   0, 0
    10539,       95.121, 0.274, -1.576, 157,   0, 0
    10540,       95.128, 0.258, -1.863, 157,   0, 0
    10541,       95.159, 0.289, -1.229, 157,   0, 0
    10542,       95.167, 0.330, -0.420, 157,   0, 0
    10543,       95.173, 0.334, -0.350, 157,   0, 0
    10544,       95.179, 0.324, -0.536, 157,   0, 0
    10545,       95.185, 0.314, -0.724, 157,   0, 0
    10546,       95.191, 0.322, -0.558, 157,   0, 0
    10547,       95.198, 0.325, -0.492, 157,   0, 0
    10548,       95.203, 0.312, -0.729, 157,   0, 0
    10549,       95.209, 0.326, -0.458, 157,   0, 0
    10550,       95.215, 0.322, -0.526, 157,   0, 0
    10551,       95.244, 0.322, -0.517, 157,   0, 0
    10552,       95.251, 0.309, -0.748, 157,   0, 0
    10553,       95.257, 0.320, -0.541, 157,   0, 0
    10554,       95.264, 0.326, -0.418, 157,   0, 0
    10555,       95.272, 0.309, -0.729, 157,   0, 0
    10556,       95.280, 0.324, -0.440, 157,   0, 0
    10557,       95.291, 0.317, -0.549, 157,   0, 0
    10558,       95.299, 0.313, -0.621, 157,   0, 0
    10559,       95.306, 0.323, -0.422, 157,   0, 0
    10560,       95.313, 0.319, -0.498, 157,   0, 0
    10561,       95.345, 0.305, -0.753, 157,   0, 0
    10562,       95.351, 0.350,  0.119, 157,   0, 0
    10563,       95.357, 0.303, -0.769, 157,   0, 0
    10564,       95.365, 0.302, -0.785, 157,   0, 0
    10565,       95.372, 0.326, -0.322, 157,   0, 0
    10566,       95.379, 0.341, -0.024, 157,   0, 0
    10567,       95.385, 0.342,  0.007, 157,   0, 0
    10568,       95.391, 0.340, -0.041, 157,   0, 0
    10569,       95.401, 0.340, -0.040, 157,   0, 0
    10570,       95.410, 0.340, -0.045, 157,   0, 0
    10571,       95.439, 0.305, -0.713, 157,   0, 0
    10572,       95.445, 0.317, -0.479, 157,   0, 0
    10573,       95.454, 0.303, -0.722, 157,   0, 0
    10574,       95.463, 0.302, -0.738, 157,   0, 0
    10575,       95.470, 0.317, -0.431, 157,   0, 0
    10576,       95.476, 0.319, -0.392, 157,   0, 0
    10577,       95.483, 0.319, -0.386, 157,   0, 0
    10578,       95.489, 0.302, -0.706, 157,   0, 0
    10579,       95.496, 0.302, -0.693, 157,   0, 0
    10580,       95.504, 0.303, -0.651, 157,   0, 0
    10581,       95.537, 0.302, -0.670, 157,   0, 0
    10582,       95.546, 0.305, -0.602, 157,   0, 0
    10583,       95.554, 0.302, -0.649, 157,   0, 0
    10584,       95.562, 0.303, -0.613, 157,   0, 0
    10585,       95.570, 0.341,  0.119, 157,   0, 0
    10586,       95.577, 0.305, -0.566, 157,   0, 0
    10587,       95.584, 0.312, -0.420, 157,   0, 0
    10588,       95.593, 0.298, -0.676, 157,   0, 0
    10589,       95.599, 0.299, -0.646, 157,   0, 0
    10590,       95.606, 0.355,  0.455, 157,   0, 0
    10591,       95.636, 0.312, -0.381, 157,   0, 0
    10592,       95.643, 0.302, -0.569, 157,   0, 0
    10593,       95.650, 0.327, -0.064, 157,   0, 0
    10594,       95.657, 0.320, -0.196, 157,   0, 0
    10595,       95.664, 0.326, -0.070, 157,   0, 0
    10596,       95.671, 0.312, -0.345, 157,   0, 0
    10597,       95.677, 0.312, -0.338, 157,   0, 0
    10598,       95.684, 0.312, -0.325, 157,   0, 0
    10599,       95.690, 0.320, -0.157, 157,   0, 0
    10600,       95.696, 0.312, -0.312, 157,   0, 0
    10601,       95.726, 0.326, -0.029, 157,   0, 0
    10602,       95.732, 0.326, -0.025, 157,   0, 0
    10603,       95.738, 0.341,  0.292, 157,   0, 0
    10604,       95.744, 0.341,  0.300, 157,   0, 0
    10605,       95.749, 0.341,  0.311, 157,   0, 0
    10606,       95.755, 0.335,  0.192, 157,   0, 0
    10607,       95.761, 0.342,  0.358, 157,   0, 0
    10608,       95.768, 0.313, -0.231, 157,   0, 0
    10609,       95.778, 0.341,  0.360, 157,   0, 0
    10610,       95.785, 0.356,  0.692, 157,   0, 0
    10611,       95.816, 0.327,  0.089, 157,   0, 0
    10612,       95.822, 0.312, -0.231, 157,   0, 0
    10613,       95.830, 0.327,  0.107, 157,   0, 0
    10614,       95.836, 0.341,  0.413, 157,   0, 0
    10615,       95.843, 0.340,  0.400, 157,   0, 0
    10616,       95.849, 0.355,  0.745, 157,   0, 0
    10617,       95.855, 0.355,  0.744, 157,   0, 0
    10618,       95.861, 0.356,  0.784, 157,   0, 0
    10619,       95.868, 0.341,  0.468, 157,   0, 0
    10620,       95.875, 0.326,  0.126, 157,   0, 0
    10621,       95.903, 0.365,  1.030, 157,   0, 0
    10622,       95.911, 0.312, -0.172, 157,   0, 0
    10623,       95.919, 0.309, -0.230, 157,   0, 0
    10624,       95.925, 0.303, -0.346, 157,   0, 0
    10625,       95.931, 0.310, -0.169, 157,   0, 0
    10626,       95.936, 0.341,  0.579, 157,   0, 0
    10627,       95.942, 0.352,  0.844, 157,   0, 0
    10628,       95.948, 0.363,  1.125, 157,   0, 0
    10629,       95.953, 0.363,  1.135, 157,   0, 0
    10630,       95.959, 0.341,  0.593, 157,   0, 0
    10631,       95.988, 0.356,  0.981, 157,   0, 0
    10632,       95.995, 0.355,  0.982, 157,   0, 0
    10633,       96.001, 0.356,  1.023, 157,   0, 0
    10634,       96.010, 0.354,  0.987, 157,   0, 0
    10635,       96.017, 0.322,  0.201, 157,   0, 0
    10636,       96.028, 0.315,  0.030, 157,   0, 0
    10637,       96.037, 0.356,  1.161, 157,   0, 0
    10638,       96.045, 0.371,  1.625, 157,   0, 0
    10639,       96.053, 0.366,  1.493, 157,   0, 0
    10640,       96.060, 0.366,  1.500, 157,   0, 0
    10641,       96.089, 0.366,  1.485, 157,   0, 0
    10642,       96.095, 0.366,  1.513, 157,   0, 0
    10643,       96.102, 0.365,  1.484, 157,   0, 0
    10644,       96.108, 0.356,  1.219, 157,   0, 0
    10645,       96.115, 0.355,  1.183, 157,   0, 0
    10646,       96.121, 0.356,  1.214, 157,   0, 0
    10647,       96.128, 0.354,  1.114, 157,   0, 0
    10648,       96.134, 0.341,  0.670, 157,   0, 0
    10649,       96.143, 0.327,  0.165, 157,   0, 0
    10650,       96.151, 0.341,  0.636, 157,   0, 0
    10651,       96.179, 0.339,  0.586, 157,   0, 0
    10652,       96.185, 0.335,  0.409, 157,   0, 0
    10653,       96.191, 0.349,  0.947, 157,   0, 0
    10654,       96.198, 0.365,  1.532, 157,   0, 0
    10655,       96.203, 0.339,  0.532, 157,   0, 0
    10656,       96.209, 0.352,  1.043, 157,   0, 0
    10657,       96.215, 0.351,  1.009, 157,   0, 0
    10658,       96.221, 0.350,  0.956, 157,   0, 0
    10659,       96.228, 0.366,  1.683, 157,   0, 0
    10660,       96.234, 0.345,  0.711, 157,   0, 0
    10661,       96.267, 0.344,  0.654, 157,   0, 0
    10662,       96.276, 0.366,  1.722, 157,   0, 0
    10663,       96.287, 0.329, -0.118, 157,   0, 0
    10664,       96.296, 0.343,  0.546, 157,   0, 0
    10665,       96.303, 0.343,  0.538, 157,   0, 0
    10666,       96.310, 0.356,  1.192, 157,   0, 0
    10667,       96.317, 0.352,  0.949, 157,   0, 0
    10668,       96.323, 0.329, -0.136, 157,   0, 0
    10669,       96.331, 0.355,  1.112, 157,   0, 0
    10670,       96.337, 0.339,  0.322, 157,   0, 0
    10671,       96.369, 0.327, -0.265, 157,   0, 0
    10672,       96.375, 0.366,  1.607, 157,   0, 0
    10673,       96.383, 0.340,  0.325, 157,   0, 0
    10674,       96.389, 0.341,  0.380, 157,   0, 0
    10675,       96.400, 0.334,  0.034, 157,   0, 0
    10676,       96.409, 0.352,  0.906, 157,   0, 0
    10677,       96.418, 0.341,  0.345, 157,   0, 0
    10678,       96.424, 0.355,  1.009, 157,   0, 0
    10679,       96.434, 0.339,  0.233, 157,   0, 0
    10680,       96.440, 0.338,  0.177, 157,   0, 0
    10681,       96.471, 0.392,  2.800, 157,   0, 0
    10682,       96.479, 0.370,  1.632, 157,   0, 0
    10683,       96.486, 0.360,  1.127, 157,   0, 0
    10684,       96.492, 0.379,  2.024, 157,   0, 0
    10685,       96.501, 0.379,  2.004, 157,   0, 0
    10686,       96.507, 0.366,  1.331, 157,   0, 0
    10687,       96.517, 0.371,  1.566, 157,   0, 0
    10688,       96.524, 0.372,  1.540, 157,   0, 0
    10689,       96.534, 0.332, -0.255, 157,   0, 0
    10690,       96.540, 0.401,  2.830, 157,   0, 0
    10691,       96.568, 0.423,  3.688, 157,   0, 0
    10692,       96.574, 0.353,  0.576, 157,   0, 0
    10693,       96.581, 0.374,  1.417, 157,   0, 0
    10694,       96.587, 0.365,  1.034, 157,   0, 0
    10695,       96.594, 0.351,  0.431, 157,   0, 0
    10696,       96.603, 0.355,  0.576, 157,   0, 0
    10697,       96.610, 0.351,  0.398, 157,   0, 0
    10698,       96.616, 0.370,  1.195, 157,   0, 0
    10699,       96.624, 0.351,  0.377, 157,   0, 0
    10700,       96.633, 0.352,  0.401, 157,   0, 0
    10701,       96.667, 0.369,  1.150, 157,   0, 0
    10702,       96.672, 0.369,  1.109, 157,   0, 0
    10703,       96.678, 0.362,  0.811, 157,   0, 0
    10704,       96.684, 0.363,  0.842, 157,   0, 0
    10705,       96.690, 0.351,  0.268, 157,   0, 0
    10706,       96.696, 0.351,  0.264, 157,   0, 0
    10707,       96.702, 0.364,  0.840, 157,   0, 0
    10708,       96.709, 0.362,  0.760, 157,   0, 0
    10709,       96.717, 0.351,  0.211, 157,   0, 0
    10710,       96.723, 0.376,  1.423, 157,   0, 0
    10711,       96.758, 0.368,  0.986, 157,   0, 0
    10712,       96.770, 0.340, -0.402, 157,   0, 0
    10713,       96.782, 0.355,  0.330, 157,   0, 0
    10714,       96.789, 0.353,  0.262, 157,   0, 0
    10715,       96.797, 0.369,  1.018, 157,   0, 0
    10716,       96.803, 0.367,  0.914, 157,   0, 0
    10717,       96.810, 0.338, -0.576, 157,   0, 0
    10718,       96.818, 0.368,  0.971, 157,   0, 0
    10719,       96.824, 0.384,  1.763, 157,   0, 0
    10720,       96.833, 0.369,  0.950, 157,   0, 0
    10721,       96.873, 0.338, -0.688, 157,   0, 0
    10722,       96.884, 0.394,  2.316, 157,   0, 0
    10723,       96.893, 0.366,  0.774, 157,   0, 0
    10724,       96.901, 0.370,  0.930, 157,   0, 0
    10725,       96.907, 0.383,  1.598, 157,   0, 0
    10726,       96.918, 0.384,  1.619, 157,   0, 0
    10727,       96.925, 0.383,  1.572, 157,   0, 0
    10728,       96.933, 0.370,  0.837, 157,   0, 0
    10729,       96.939, 0.356,  0.127, 157,   0, 0
    10730,       96.949, 0.440,  4.508, 157,   0, 0
    10731,       96.988, 0.370,  0.725, 157,   0, 0
    10732,       96.997, 0.427,  3.488, 157,   0, 0
    10733,       97.004, 0.379,  1.090, 157,   0, 0
    10734,       97.011, 0.409,  2.506, 157,   0, 0
    10735,       97.017, 0.411,  2.486, 157,   0, 0
    10736,       97.025, 0.399,  1.855, 157,   0, 0
    10737,       97.032, 0.400,  1.889, 157,   0, 0
    10738,       97.038, 0.367,  0.390, 157,   0, 0
    10739,       97.046, 0.377,  0.840, 157,   0, 0
    10740,       97.052, 0.322, -1.593, 157,   0, 0
    10741,       97.083, 0.218, -6.127, 158,   1, 0
    10742,       97.094, 0.153, -7.827, 158,   2, 0
    10743,       97.107, 0.194, -5.098, 158,   3, 0
    10744,       97.120, 0.258, -2.775, 158,   4, 0
    10745,       97.133, 0.329, -0.710, 158,   0, 0
    10746,       97.140, 0.315, -1.119, 158,   0, 0
    10747,       97.146, 0.336, -0.520, 158,   0, 0
    10748,       97.152, 0.350, -0.137, 158,   0, 0
    10749,       97.158, 0.347, -0.204, 158,   0, 0
    10750,       97.164, 0.350, -0.106, 158,   0, 0
    10751,       97.193, 0.361,  0.188, 158,   0, 0
    10752,       97.201, 0.345, -0.257, 158,   0, 0
    10753,       97.209, 0.364,  0.272, 158,   0, 0
    10754,       97.217, 0.361,  0.172, 158,   0, 0
    10755,       97.226, 0.364,  0.276, 158,   0, 0
    10756,       97.235, 0.378,  0.641, 158,   0, 0
    10757,       97.242, 0.379,  0.671, 158,   0, 0
    10758,       97.250, 0.335, -0.571, 158,   0, 0
    10759,       97.257, 0.362,  0.206, 158,   0, 0
    10760,       97.264, 0.393,  1.069, 158,   0, 0
    10761,       97.296, 0.393,  1.050, 158,   0, 0
    10762,       97.303, 0.345, -0.290, 158,   0, 0
    10763,       97.309, 0.390,  0.978, 158,   0, 0
    10764,       97.316, 0.425,  1.927, 158,   0, 0
    10765,       97.323, 0.371,  0.417, 158,   0, 0
    10766,       97.332, 0.393,  0.994, 158,   0, 0
    10767,       97.340, 0.350, -0.169, 158,   0, 0
    10768,       97.347, 0.367,  0.286, 158,   0, 0
    10769,       97.353, 0.385,  0.764, 158,   0, 0
    10770,       97.359, 0.384,  0.716, 158,   0, 0
    10771,       97.389, 0.409,  1.406, 158,   0, 0
    10772,       97.394, 0.409,  1.384, 158,   0, 0
    10773,       97.400, 0.380,  0.563, 158,   0, 0
    10774,       97.406, 0.380,  0.566, 158,   0, 0
    10775,       97.412, 0.385,  0.687, 158,   0, 0
    10776,       97.418, 0.359, -0.014, 158,   0, 0
    10777,       97.424, 0.354, -0.163, 158,   0, 0
    10778,       97.431, 0.381,  0.578, 158,   0, 0
    10779,       97.437, 0.378,  0.493, 158,   0, 0
    10780,       97.446, 0.376,  0.420, 158,   0, 0
    10781,       97.480, 0.349, -0.303, 158,   0, 0
    10782,       97.487, 0.377,  0.449, 158,   0, 0
    10783,       97.495, 0.395,  0.915, 158,   0, 0
    10784,       97.501, 0.377,  0.440, 158,   0, 0
    10785,       97.508, 0.367,  0.163, 158,   0, 0
    10786,       97.514, 0.378,  0.451, 158,   0, 0
    10787,       97.520, 0.393,  0.850, 158,   0, 0
    10788,       97.529, 0.393,  0.839, 158,   0, 0
    10789,       97.537, 0.395,  0.857, 158,   0, 0
    10790,       97.543, 0.363,  0.001, 158,   0, 0
    10791,       97.573, 0.375,  0.317, 158,   0, 0
    10792,       97.581, 0.378,  0.398, 158,   0, 0
    10793,       97.589, 0.375,  0.304, 158,   0, 0
    10794,       97.597, 0.395,  0.832, 158,   0, 0
    10795,       97.605, 0.384,  0.525, 158,   0, 0
    10796,       97.611, 0.370,  0.151, 158,   0, 0
    10797,       97.616, 0.367,  0.047, 158,   0, 0
    10798,       97.622, 0.372,  0.178, 158,   0, 0
    10799,       97.628, 0.363, -0.073, 158,   0, 0
    10800,       97.635, 0.378,  0.338, 158,   0, 0
    10801,       97.668, 0.356, -0.250, 158,   0, 0
    10802,       97.677, 0.348, -0.480, 158,   0, 0
    10803,       97.685, 0.339, -0.722, 158,   0, 0
    10804,       97.690, 0.333, -0.855, 158,   0, 0
    10805,       97.701, 0.322, -1.150, 158,   0, 0
    10806,       97.713, 0.339, -0.679, 158,   0, 0
    10807,       97.721, 0.323, -1.091, 158,   0, 0
    10808,       97.729, 0.333, -0.804, 158,   0, 0
    10809,       97.738, 0.322, -1.096, 158,   0, 0
    10810,       97.748, 0.337, -0.689, 158,   0, 0
    10811,       97.783, 0.320, -1.140, 158,   0, 0
    10812,       97.791, 0.330, -0.841, 158,   0, 0
    10813,       97.800, 0.317, -1.190, 158,   0, 0
    10814,       97.807, 0.350, -0.307, 158,   0, 0
    10815,       97.817, 0.335, -0.699, 158,   0, 0
    10816,       97.824, 0.319, -1.107, 158,   0, 0
    10817,       97.834, 0.318, -1.108, 158,   0, 0
    10818,       97.840, 0.327, -0.862, 158,   0, 0
    10819,       97.851, 0.311, -1.277, 158,   0, 0
    10820,       97.857, 0.326, -0.869, 158,   0, 0
    10821,       97.898, 0.352, -0.195, 158,   0, 0
    10822,       97.903, 0.320, -1.001, 158,   0, 0
    10823,       97.909, 0.289, -1.802, 158,   0, 0
    10824,       97.917, 0.292, -1.680, 158,   0, 0
    10825,       97.924, 0.274, -2.089, 159,   1, 0
    10826,       97.937, 0.289, -1.681, 159,   0, 0
    10827,       97.944, 0.274, -2.002, 160,   1, 0
    10828,       97.956, 0.289, -1.605, 160,   0, 0
    10829,       97.965, 0.310, -1.069, 160,   0, 0
    10830,       97.970, 0.307, -1.138, 160,   0, 0
    10831,       98.000, 0.349, -0.120, 160,   0, 0
    10832,       98.007, 0.315, -0.924, 160,   0, 0
    10833,       98.016, 0.322, -0.737, 160,   0, 0
    10834,       98.024, 0.326, -0.646, 160,   0, 0
    10835,       98.031, 0.334, -0.457, 160,   0, 0
    10836,       98.044, 0.309, -1.029, 160,   0, 0
    10837,       98.050, 0.307, -1.062, 160,   0, 0
    10838,       98.056, 0.315, -0.855, 160,   0, 0
    10839,       98.063, 0.336, -0.360, 160,   0, 0
    10840,       98.070, 0.333, -0.420, 160,   0, 0
    10841,       98.100, 0.346, -0.111, 160,   0, 0
    10842,       98.106, 0.314, -0.865, 160,   0, 0
    10843,       98.116, 0.304, -1.087, 160,   0, 0
    10844,       98.122, 0.275, -1.742, 160,   0, 0
    10845,       98.131, 0.297, -1.191, 160,   0, 0
    10846,       98.137, 0.295, -1.206, 160,   0, 0
    10847,       98.143, 0.282, -1.500, 160,   0, 0
    10848,       98.154, 0.281, -1.475, 160,   0, 0
    10849,       98.164, 0.257, -1.994, 160,   0, 0
    10850,       98.171, 0.290, -1.226, 160,   0, 0
    10851,       98.201, 0.289, -1.228, 160,   0, 0
    10852,       98.207, 0.298, -1.017, 160,   0, 0
    10853,       98.216, 0.259, -1.871, 160,   0, 0
    10854,       98.222, 0.244, -2.150, 161,   1, 0
    10855,       98.235, 0.274, -1.441, 161,   0, 0
    10856,       98.244, 0.282, -1.257, 161,   0, 0
    10857,       98.255, 0.295, -0.937, 161,   0, 0
    10858,       98.267, 0.259, -1.731, 161,   0, 0
    10859,       98.275, 0.289, -1.030, 161,   0, 0
    10860,       98.284, 0.304, -0.678, 161,   0, 0
    10861,       98.316, 0.304, -0.674, 161,   0, 0
    10862,       98.322, 0.295, -0.919, 161,   0, 0
    10863,       98.330, 0.306, -0.748, 161,   0, 0
    10864,       98.336, 0.304, -0.869, 161,   0, 0
    10865,       98.342, 0.302, -0.937, 161,   0, 0
    10866,       98.348, 0.306, -0.834, 161,   0, 0
    10867,       98.354, 0.302, -0.915, 161,   0, 0
    10868,       98.362, 0.332, -0.159, 161,   0, 0
    10869,       98.370, 0.314, -0.612, 161,   0, 0
    10870,       98.380, 0.327, -0.257, 161,   0, 0
    10871,       98.411, 0.349,  0.302, 161,   0, 0
    10872,       98.417, 0.313, -0.601, 161,   0, 0
    10873,       98.424, 0.306, -0.789, 161,   0, 0
    10874,       98.430, 0.331, -0.126, 161,   0, 0
    10875,       98.437, 0.309, -0.684, 161,   0, 0
    10876,       98.443, 0.326, -0.246, 161,   0, 0
    10877,       98.449, 0.337,  0.038, 161,   0, 0
    10878,       98.455, 0.305, -0.768, 161,   0, 0
    10879,       98.462, 0.305, -0.761, 161,   0, 0
    10880,       98.468, 0.320, -0.359, 161,   0, 0
    10881,       98.496, 0.306, -0.702, 161,   0, 0
    10882,       98.504, 0.298, -0.902, 161,   0, 0
    10883,       98.514, 0.298, -0.889, 161,   0, 0
    10884,       98.521, 0.289, -1.121, 161,   0, 0
    10885,       98.527, 0.303, -0.724, 161,   0, 0
    10886,       98.533, 0.323, -0.197, 161,   0, 0
    10887,       98.538, 0.323, -0.184, 161,   0, 0
    10888,       98.545, 0.275, -1.475, 161,   0, 0
    10889,       98.553, 0.305, -0.635, 161,   0, 0
    10890,       98.559, 0.295, -0.882, 161,   0, 0
    10891,       98.593, 0.297, -0.830, 161,   0, 0
    10892,       98.600, 0.320, -0.160, 161,   0, 0
    10893,       98.606, 0.322, -0.106, 161,   0, 0
    10894,       98.614, 0.330,  0.153, 161,   0, 0
    10895,       98.623, 0.322, -0.082, 161,   0, 0
    10896,       98.629, 0.305, -0.562, 161,   0, 0
    10897,       98.636, 0.297, -0.782, 161,   0, 0
    10898,       98.642, 0.304, -0.572, 161,   0, 0
    10899,       98.649, 0.295, -0.804, 161,   0, 0
    10900,       98.654, 0.306, -0.481, 161,   0, 0
    10901,       98.685, 0.298, -0.692, 161,   0, 0
    10902,       98.690, 0.295, -0.776, 161,   0, 0
    10903,       98.696, 0.298, -0.666, 161,   0, 0
    10904,       98.702, 0.298, -0.655, 161,   0, 0
    10905,       98.708, 0.302, -0.535, 161,   0, 0
    10906,       98.715, 0.291, -0.856, 161,   0, 0
    10907,       98.721, 0.302, -0.513, 161,   0, 0
    10908,       98.730, 0.284, -1.098, 161,   0, 0
    10909,       98.738, 0.298, -0.618, 161,   0, 0
    10910,       98.744, 0.298, -0.600, 161,   0, 0
    10911,       98.776, 0.306, -0.293, 161,   0, 0
    10912,       98.782, 0.307, -0.231, 161,   0, 0
    10913,       98.789, 0.307, -0.214, 161,   0, 0
    10914,       98.795, 0.291, -0.814, 161,   0, 0
    10915,       98.803, 0.306, -0.229, 161,   0, 0
    10916,       98.811, 0.306, -0.204, 161,   0, 0
    10917,       98.818, 0.306, -0.183, 161,   0, 0
    10918,       98.824, 0.304, -0.243, 161,   0, 0
    10919,       98.832, 0.335,  1.157, 161,   0, 0
    10920,       98.839, 0.319,  0.433, 161,   0, 0
    10921,       98.874, 0.319,  0.487, 161,   0, 0
    10922,       98.883, 0.303, -0.270, 161,   0, 0
    10923,       98.889, 0.304, -0.180, 161,   0, 0
    10924,       98.896, 0.325,  0.849, 161,   0, 0
    10925,       98.902, 0.349,  2.079, 161,   0, 0
    10926,       98.908, 0.329,  1.025, 161,   0, 0
    10927,       98.916, 0.342,  1.708, 161,   0, 0
    10928,       98.923, 0.371,  3.088, 161,   0, 0
    10929,       98.930, 0.352,  2.089, 161,   0, 0
    10930,       98.936, 0.356,  2.225, 161,   0, 0
    10931,       98.966, 0.341,  1.504, 161,   0, 0
    10932,       98.971, 0.340,  1.423, 161,   0, 0
    10933,       98.980, 0.349,  1.812, 161,   0, 0
    10934,       98.987, 0.351,  1.899, 161,   0, 0
    10935,       98.996, 0.366,  2.546, 161,   0, 0
    10936,       99.002, 0.366,  2.482, 161,   0, 0
    10937,       99.008, 0.365,  2.342, 161,   0, 0
    10938,       99.015, 0.350,  1.680, 161,   0, 0
    10939,       99.021, 0.350,  1.652, 161,   0, 0
    10940,       99.028, 0.349,  1.574, 161,   0, 0
    10941,       99.064, 0.349,  1.534, 161,   0, 0
    10942,       99.072, 0.365,  2.186, 161,   0, 0
    10943,       99.080, 0.332,  0.831, 161,   0, 0
    10944,       99.088, 0.350,  1.541, 161,   0, 0
    10945,       99.097, 0.348,  1.419, 161,   0, 0
    10946,       99.107, 0.350,  1.487, 161,   0, 0
    10947,       99.116, 0.378,  2.569, 161,   0, 0
    10948,       99.123, 0.356,  1.639, 161,   0, 0
    10949,       99.133, 0.345,  1.183, 161,   0, 0
    10950,       99.139, 0.338,  0.888, 161,   0, 0
    10951,       99.173, 0.378,  2.397, 161,   0, 0
    10952,       99.183, 0.380,  2.436, 161,   0, 0
    10953,       99.190, 0.379,  2.318, 161,   0, 0
    10954,       99.199, 0.364,  1.731, 161,   0, 0
    10955,       99.205, 0.355,  1.378, 161,   0, 0
    10956,       99.213, 0.400,  2.923, 161,   0, 0
    10957,       99.222, 0.370,  1.801, 161,   0, 0
    10958,       99.229, 0.366,  1.606, 161,   0, 0
    10959,       99.236, 0.371,  1.737, 161,   0, 0
    10960,       99.243, 0.372,  1.746, 161,   0, 0
    10961,       99.278, 0.356,  1.215, 161,   0, 0
    10962,       99.284, 0.356,  1.209, 161,   0, 0
    10963,       99.290, 0.351,  1.016, 161,   0, 0
    10964,       99.296, 0.343,  0.725, 161,   0, 0
    10965,       99.302, 0.328,  0.248, 161,   0, 0
    10966,       99.308, 0.322,  0.023, 161,   0, 0
    10967,       99.316, 0.307, -0.453, 161,   0, 0
    10968,       99.323, 0.352,  1.022, 161,   0, 0
    10969,       99.332, 0.350,  0.929, 161,   0, 0
    10970,       99.343, 0.307, -0.518, 161,   0, 0
    10971,       99.375, 0.307, -0.525, 161,   0, 0
    10972,       99.384, 0.298, -0.857, 161,   0, 0
    10973,       99.392, 0.306, -0.585, 161,   0, 0
    10974,       99.401, 0.304, -0.659, 161,   0, 0
    10975,       99.407, 0.336,  0.415, 161,   0, 0
    10976,       99.416, 0.317, -0.255, 161,   0, 0
    10977,       99.423, 0.332,  0.250, 161,   0, 0
    10978,       99.432, 0.324, -0.053, 161,   0, 0
    10979,       99.439, 0.332,  0.242, 161,   0, 0
    10980,       99.449, 0.332,  0.230, 161,   0, 0
    10981,       99.491, 0.346,  0.764, 161,   0, 0
    10982,       99.499, 0.352,  0.970, 161,   0, 0
    10983,       99.505, 0.321, -0.242, 161,   0, 0
    10984,       99.513, 0.295, -1.204, 161,   0, 0
    10985,       99.520, 0.306, -0.817, 161,   0, 0
    10986,       99.527, 0.306, -0.811, 161,   0, 0
    10987,       99.534, 0.295, -1.201, 161,   0, 0
    10988,       99.539, 0.326, -0.042, 161,   0, 0
    10989,       99.547, 0.295, -1.202, 161,   0, 0
    10990,       99.553, 0.312, -0.549, 161,   0, 0
    10991,       99.590, 0.315, -0.454, 161,   0, 0
    10992,       99.599, 0.296, -1.134, 161,   0, 0
    10993,       99.606, 0.304, -0.833, 161,   0, 0
    10994,       99.613, 0.295, -1.180, 161,   0, 0
    10995,       99.619, 0.305, -0.776, 161,   0, 0
    10996,       99.626, 0.316, -0.363, 161,   0, 0
    10997,       99.634, 0.352,  0.961, 161,   0, 0
    10998,       99.641, 0.357,  1.160, 161,   0, 0
    10999,       99.649, 0.369,  1.593, 161,   0, 0
    11000,       99.655, 0.356,  1.076, 161,   0, 0
    11001,       99.689, 0.356,  1.060, 161,   0, 0
    11002,       99.696, 0.382,  1.986, 161,   0, 0
    11003,       99.704, 0.381,  1.909, 161,   0, 0
    11004,       99.712, 0.378,  1.753, 161,   0, 0
    11005,       99.721, 0.394,  2.292, 161,   0, 0
    11006,       99.728, 0.366,  1.242, 161,   0, 0
    11007,       99.736, 0.381,  1.731, 161,   0, 0
    11008,       99.743, 0.349,  0.600, 161,   0, 0
    11009,       99.751, 0.352,  0.683, 161,   0, 0
    11010,       99.757, 0.393,  2.138, 161,   0, 0
    11011,       99.785, 0.395,  2.127, 161,   0, 0
    11012,       99.791, 0.380,  1.572, 161,   0, 0
    11013,       99.797, 0.381,  1.586, 161,   0, 0
    11014,       99.803, 0.365,  0.997, 161,   0, 0
    11015,       99.809, 0.361,  0.866, 161,   0, 0
    11016,       99.815, 0.380,  1.494, 161,   0, 0
    11017,       99.822, 0.393,  1.900, 161,   0, 0
    11018,       99.830, 0.381,  1.458, 161,   0, 0
    11019,       99.838, 0.365,  0.910, 161,   0, 0
    11020,       99.844, 0.395,  1.861, 161,   0, 0
    11021,       99.879, 0.350,  0.362, 161,   0, 0
    11022,       99.885, 0.364,  0.814, 161,   0, 0
    11023,       99.893, 0.345,  0.172, 161,   0, 0
    11024,       99.900, 0.364,  0.783, 161,   0, 0
    11025,       99.907, 0.348,  0.252, 161,   0, 0
    11026,       99.913, 0.358,  0.550, 161,   0, 0
    11027,       99.919, 0.337, -0.173, 161,   0, 0
    11028,       99.926, 0.349,  0.242, 161,   0, 0
    11029,       99.933, 0.352,  0.308, 161,   0, 0
    11030,       99.939, 0.365,  0.764, 161,   0, 0
    11031,       99.974, 0.364,  0.711, 161,   0, 0
    11032,       99.983, 0.349,  0.180, 161,   0, 0
    11033,       99.990, 0.348,  0.115, 161,   0, 0
    11034,       99.997, 0.351,  0.211, 161,   0, 0
    11035,      100.004, 0.349,  0.142, 161,   0, 0
    11036,      100.011, 0.339, -0.249, 161,   0, 0
    11037,      100.018, 0.335, -0.403, 161,   0, 0
    11038,      100.025, 0.362,  0.584, 161,   0, 0
    11039,      100.033, 0.365,  0.717, 161,   0, 0
    11040,      100.039, 0.377,  1.157, 161,   0, 0
    11041,      100.068, 0.366,  0.709, 161,   0, 0
    11042,      100.074, 0.375,  1.043, 161,   0, 0
    11043,      100.081, 0.367,  0.715, 161,   0, 0
    11044,      100.090, 0.380,  1.231, 161,   0, 0
    11045,      100.098, 0.366,  0.638, 161,   0, 0
    11046,      100.106, 0.367,  0.664, 161,   0, 0
    11047,      100.114, 0.366,  0.620, 161,   0, 0
    11048,      100.121, 0.365,  0.569, 161,   0, 0
    11049,      100.127, 0.365,  0.572, 161,   0, 0
    11050,      100.134, 0.365,  0.566, 161,   0, 0
    11051,      100.167, 0.365,  0.563, 161,   0, 0
    11052,      100.173, 0.366,  0.605, 161,   0, 0
    11053,      100.181, 0.381,  1.194, 161,   0, 0
    11054,      100.190, 0.366,  0.583, 161,   0, 0
    11055,      100.200, 0.365,  0.542, 161,   0, 0
    11056,      100.208, 0.364,  0.481, 161,   0, 0
    11057,      100.215, 0.366,  0.578, 161,   0, 0
    11058,      100.221, 0.363,  0.478, 161,   0, 0
    11059,      100.227, 0.366,  0.573, 161,   0, 0
    11060,      100.233, 0.362,  0.417, 161,   0, 0
    11061,      100.263, 0.366,  0.563, 161,   0, 0
    11062,      100.270, 0.366,  0.556, 161,   0, 0
    11063,      100.278, 0.369,  0.673, 161,   0, 0
    11064,      100.285, 0.371,  0.727, 161,   0, 0
    11065,      100.292, 0.342, -0.394, 161,   0, 0
    11066,      100.299, 0.356,  0.160, 161,   0, 0
    11067,      100.305, 0.351, -0.051, 161,   0, 0
    11068,      100.313, 0.378,  1.025, 161,   0, 0
    11069,      100.322, 0.364,  0.469, 161,   0, 0
    11070,      100.329, 0.365,  0.484, 161,   0, 0
    11071,      100.360, 0.380,  1.066, 161,   0, 0
    11072,      100.367, 0.365,  0.475, 161,   0, 0
    11073,      100.373, 0.366,  0.528, 161,   0, 0
    11074,      100.379, 0.363,  0.435, 161,   0, 0
    11075,      100.386, 0.363,  0.435, 161,   0, 0
    11076,      100.392, 0.366,  0.532, 161,   0, 0
    11077,      100.398, 0.363,  0.432, 161,   0, 0
    11078,      100.404, 0.391,  1.551, 161,   0, 0
    11079,      100.410, 0.394,  1.610, 161,   0, 0
    11080,      100.416, 0.364,  0.459, 161,   0, 0
    11081,      100.447, 0.366,  0.531, 161,   0, 0
    11082,      100.457, 0.364,  0.458, 161,   0, 0
    11083,      100.465, 0.380,  1.069, 161,   0, 0
    11084,      100.472, 0.380,  1.054, 161,   0, 0
    11085,      100.479, 0.366,  0.499, 161,   0, 0
    11086,      100.487, 0.366,  0.488, 161,   0, 0
    11087,      100.494, 0.381,  1.067, 161,   0, 0
    11088,      100.500, 0.378,  0.938, 161,   0, 0
    11089,      100.506, 0.365,  0.397, 161,   0, 0
    11090,      100.512, 0.379,  0.943, 161,   0, 0
    11091,      100.540, 0.381,  1.023, 161,   0, 0
    11092,      100.547, 0.354, -0.089, 161,   0, 0
    11093,      100.555, 0.395,  1.555, 161,   0, 0
    11094,      100.562, 0.395,  1.537, 161,   0, 0
    11095,      100.571, 0.366,  0.339, 161,   0, 0
    11096,      100.580, 0.378,  0.841, 161,   0, 0
    11097,      100.587, 0.365,  0.288, 161,   0, 0
    11098,      100.594, 0.377,  0.781, 161,   0, 0
    11099,      100.600, 0.354, -0.206, 161,   0, 0
    11100,      100.608, 0.376,  0.711, 161,   0, 0
    11101,      100.639, 0.354, -0.231, 161,   0, 0
    11102,      100.645, 0.378,  0.788, 161,   0, 0
    11103,      100.651, 0.363,  0.123, 161,   0, 0
    11104,      100.657, 0.347, -0.578, 161,   0, 0
    11105,      100.665, 0.347, -0.630, 161,   0, 0
    11106,      100.671, 0.365,  0.159, 161,   0, 0
    11107,      100.680, 0.350, -0.571, 161,   0, 0
    11108,      100.688, 0.349, -0.654, 161,   0, 0
    11109,      100.696, 0.349, -0.671, 161,   0, 0
    11110,      100.703, 0.363,  0.033, 161,   0, 0
    11111,      100.732, 0.352, -0.600, 161,   0, 0
    11112,      100.740, 0.355, -0.473, 161,   0, 0
    11113,      100.747, 0.354, -0.559, 161,   0, 0
    11114,      100.755, 0.365,  0.021, 161,   0, 0
    11115,      100.762, 0.366,  0.064, 161,   0, 0
    11116,      100.770, 0.353, -0.885, 161,   0, 0
    11117,      100.779, 0.366,  0.012, 161,   0, 0
    11118,      100.788, 0.354, -0.872, 161,   0, 0
    11119,      100.796, 0.366,  0.004, 161,   0, 0
    11120,      100.805, 0.343, -1.759, 161,   0, 0
    11121,      100.839, 0.298, -5.037, 162,   1, 0
    11122,      100.853, 0.297, -4.640, 162,   2, 0
    11123,      100.868, 0.331, -2.099, 162,   3, 0
    11124,      100.883, 0.313, -3.164, 162,   4, 0
    11125,      100.895, 0.298, -3.911, 162,   5, 0
    11126,      100.907, 0.292, -4.040, 162,   6, 0
    11127,      100.923, 0.311, -2.755, 162,   7, 0
    11128,      100.936, 0.295, -3.461, 162,   8, 0
    11129,      100.947, 0.297, -3.203, 162,   9, 0
    11130,      100.959, 0.253, -5.146, 162,  10, 0
    11131,      100.996, 0.312, -2.079, 162,  11, 0
    11132,      101.010, 0.312, -2.024, 162,  12, 0
    11133,      101.026, 0.297, -2.636, 162,  13, 0
    11134,      101.038, 0.314, -1.829, 162,   0, 0
    11135,      101.048, 0.283, -3.066, 163,   1, 0
    11136,      101.060, 0.313, -1.715, 163,   0, 0
    11137,      101.068, 0.306, -1.991, 163,   0, 0
    11138,      101.076, 0.320, -1.367, 163,   0, 0
    11139,      101.083, 0.297, -2.255, 164,   1, 0
    11140,      101.096, 0.294, -2.306, 164,   2, 0
    11141,      101.133, 0.295, -2.190, 164,   3, 0
    11142,      101.146, 0.294, -2.188, 164,   4, 0
    11143,      101.161, 0.312, -1.459, 164,   0, 0
    11144,      101.168, 0.297, -1.987, 164,   0, 0
    11145,      101.176, 0.304, -1.685, 164,   0, 0
    11146,      101.183, 0.314, -1.317, 164,   0, 0
    11147,      101.190, 0.285, -2.298, 165,   1, 0
    11148,      101.203, 0.286, -2.189, 165,   2, 0
    11149,      101.216, 0.297, -1.776, 165,   0, 0
    11150,      101.222, 0.297, -1.740, 165,   0, 0
    11151,      101.253, 0.295, -1.746, 165,   0, 0
    11152,      101.262, 0.297, -1.665, 165,   0, 0
    11153,      101.269, 0.297, -1.632, 165,   0, 0
    11154,      101.276, 0.298, -1.557, 165,   0, 0
    11155,      101.284, 0.295, -1.613, 165,   0, 0
    11156,      101.291, 0.297, -1.534, 165,   0, 0
    11157,      101.298, 0.297, -1.515, 165,   0, 0
    11158,      101.304, 0.327, -0.563, 165,   0, 0
    11159,      101.311, 0.321, -0.735, 165,   0, 0
    11160,      101.317, 0.334, -0.329, 165,   0, 0
    11161,      101.351, 0.348,  0.085, 165,   0, 0
    11162,      101.360, 0.352,  0.241, 165,   0, 0
    11163,      101.368, 0.363,  0.556, 165,   0, 0
    11164,      101.376, 0.348,  0.097, 165,   0, 0
    11165,      101.384, 0.356,  0.373, 165,   0, 0
    11166,      101.392, 0.327, -0.517, 165,   0, 0
    11167,      101.399, 0.326, -0.550, 165,   0, 0
    11168,      101.407, 0.355,  0.362, 165,   0, 0
    11169,      101.413, 0.325, -0.554, 165,   0, 0
    11170,      101.419, 0.327, -0.486, 165,   0, 0
    11171,      101.451, 0.297, -1.424, 165,   0, 0
    11172,      101.457, 0.309, -1.017, 165,   0, 0
    11173,      101.466, 0.312, -0.919, 165,   0, 0
    11174,      101.473, 0.366,  0.772, 165,   0, 0
    11175,      101.482, 0.365,  0.739, 165,   0, 0
    11176,      101.491, 0.352,  0.344, 165,   0, 0
    11177,      101.500, 0.327, -0.433, 165,   0, 0
    11178,      101.507, 0.355,  0.456, 165,   0, 0
    11179,      101.514, 0.345,  0.146, 165,   0, 0
    11180,      101.520, 0.341,  0.018, 165,   0, 0
    11181,      101.552, 0.321, -0.604, 165,   0, 0
    11182,      101.560, 0.299, -1.271, 165,   0, 0
    11183,      101.568, 0.298, -1.278, 165,   0, 0
    11184,      101.576, 0.313, -0.783, 165,   0, 0
    11185,      101.583, 0.315, -0.710, 165,   0, 0
    11186,      101.591, 0.320, -0.551, 165,   0, 0
    11187,      101.602, 0.329, -0.279, 165,   0, 0
    11188,      101.612, 0.320, -0.537, 165,   0, 0
    11189,      101.621, 0.313, -0.735, 165,   0, 0
    11190,      101.629, 0.312, -0.765, 165,   0, 0
    11191,      101.667, 0.314, -0.678, 165,   0, 0
    11192,      101.675, 0.312, -0.745, 165,   0, 0
    11193,      101.682, 0.317, -0.560, 165,   0, 0
    11194,      101.689, 0.317, -0.548, 165,   0, 0
    11195,      101.697, 0.318, -0.525, 165,   0, 0
    11196,      101.704, 0.332, -0.072, 165,   0, 0
    11197,      101.711, 0.321, -0.410, 165,   0, 0
    11198,      101.719, 0.317, -0.537, 165,   0, 0
    11199,      101.726, 0.332, -0.022, 165,   0, 0
    11200,      101.733, 0.317, -0.488, 165,   0, 0
    11201,      101.769, 0.332,  0.008, 165,   0, 0
    11202,      101.777, 0.333,  0.058, 165,   0, 0
    11203,      101.786, 0.302, -0.982, 165,   0, 0
    11204,      101.793, 0.313, -0.578, 165,   0, 0
    11205,      101.801, 0.335,  0.157, 165,   0, 0
    11206,      101.809, 0.366,  1.239, 165,   0, 0
    11207,      101.817, 0.341,  0.381, 165,   0, 0
    11208,      101.824, 0.351,  0.738, 165,   0, 0
    11209,      101.832, 0.351,  0.753, 165,   0, 0
    11210,      101.841, 0.309, -0.698, 165,   0, 0
    11211,      101.872, 0.325, -0.135, 165,   0, 0
    11212,      101.878, 0.299, -1.035, 165,   0, 0
    11213,      101.886, 0.311, -0.612, 165,   0, 0
    11214,      101.895, 0.303, -0.870, 165,   0, 0
    11215,      101.903, 0.330,  0.152, 165,   0, 0
    11216,      101.910, 0.324, -0.061, 165,   0, 0
    11217,      101.916, 0.339,  0.512, 165,   0, 0
    11218,      101.924, 0.311, -0.568, 165,   0, 0
    11219,      101.930, 0.300, -0.973, 165,   0, 0
    11220,      101.937, 0.297, -1.091, 165,   0, 0
    11221,      101.972, 0.297, -1.079, 165,   0, 0
    11222,      101.980, 0.326,  0.117, 165,   0, 0
    11223,      101.989, 0.335,  0.508, 165,   0, 0
    11224,      101.996, 0.343,  0.844, 165,   0, 0
    11225,      102.003, 0.352,  1.225, 165,   0, 0
    11226,      102.011, 0.327,  0.206, 165,   0, 0
    11227,      102.019, 0.313, -0.365, 165,   0, 0
    11228,      102.027, 0.298, -1.004, 165,   0, 0
    11229,      102.035, 0.313, -0.337, 165,   0, 0
    11230,      102.041, 0.335,  0.593, 165,   0, 0
    11231,      102.074, 0.340,  0.833, 165,   0, 0
    11232,      102.084, 0.309, -0.504, 165,   0, 0
    11233,      102.092, 0.326,  0.251, 165,   0, 0
    11234,      102.099, 0.312, -0.352, 165,   0, 0
    11235,      102.106, 0.298, -0.989, 165,   0, 0
    11236,      102.113, 0.297, -1.020, 165,   0, 0
    11237,      102.119, 0.303, -0.704, 165,   0, 0
    11238,      102.125, 0.303, -0.693, 165,   0, 0
    11239,      102.131, 0.305, -0.603, 165,   0, 0
    11240,      102.137, 0.298, -0.941, 165,   0, 0
    11241,      102.169, 0.297, -0.970, 165,   0, 0
    11242,      102.175, 0.298, -0.902, 165,   0, 0
    11243,      102.182, 0.299, -0.858, 165,   0, 0
    11244,      102.189, 0.313, -0.149, 165,   0, 0
    11245,      102.197, 0.326,  0.457, 165,   0, 0
    11246,      102.205, 0.298, -0.933, 165,   0, 0
    11247,      102.213, 0.298, -0.907, 165,   0, 0
    11248,      102.222, 0.356,  1.921, 165,   0, 0
    11249,      102.229, 0.341,  1.154, 165,   0, 0
    11250,      102.236, 0.355,  1.801, 165,   0, 0
    11251,      102.268, 0.355,  1.810, 165,   0, 0
    11252,      102.274, 0.340,  1.026, 165,   0, 0
    11253,      102.280, 0.312, -0.337, 165,   0, 0
    11254,      102.288, 0.312, -0.326, 165,   0, 0
    11255,      102.295, 0.287, -1.572, 165,   0, 0
    11256,      102.301, 0.337,  0.878, 165,   0, 0
    11257,      102.308, 0.335,  0.744, 165,   0, 0
    11258,      102.317, 0.350,  1.489, 165,   0, 0
    11259,      102.325, 0.336,  0.797, 165,   0, 0
    11260,      102.332, 0.313, -0.325, 165,   0, 0
    11261,      102.363, 0.320, -0.006, 165,   0, 0
    11262,      102.370, 0.309, -0.553, 165,   0, 0
    11263,      102.377, 0.320, -0.023, 165,   0, 0
    11264,      102.384, 0.320, -0.035, 165,   0, 0
    11265,      102.391, 0.335,  0.694, 165,   0, 0
    11266,      102.398, 0.362,  2.042, 165,   0, 0
    11267,      102.405, 0.350,  1.397, 165,   0, 0
    11268,      102.413, 0.327,  0.244, 165,   0, 0
    11269,      102.422, 0.341,  0.921, 165,   0, 0
    11270,      102.429, 0.342,  0.975, 165,   0, 0
    11271,      102.460, 0.354,  1.565, 165,   0, 0
    11272,      102.467, 0.354,  1.538, 165,   0, 0
    11273,      102.473, 0.354,  1.511, 165,   0, 0
    11274,      102.479, 0.366,  2.083, 165,   0, 0
    11275,      102.485, 0.354,  1.441, 165,   0, 0
    11276,      102.492, 0.354,  1.418, 165,   0, 0
    11277,      102.499, 0.369,  2.094, 165,   0, 0
    11278,      102.507, 0.339,  0.613, 165,   0, 0
    11279,      102.515, 0.353,  1.254, 165,   0, 0
    11280,      102.523, 0.356,  1.412, 165,   0, 0
    11281,      102.560, 0.354,  1.297, 165,   0, 0
    11282,      102.571, 0.354,  1.300, 165,   0, 0
    11283,      102.580, 0.340,  0.622, 165,   0, 0
    11284,      102.589, 0.341,  0.678, 165,   0, 0
    11285,      102.597, 0.370,  2.104, 165,   0, 0
    11286,      102.604, 0.354,  1.297, 165,   0, 0
    11287,      102.612, 0.352,  1.158, 165,   0, 0
    11288,      102.620, 0.368,  1.934, 165,   0, 0
    11289,      102.626, 0.370,  2.009, 165,   0, 0
    11290,      102.632, 0.369,  1.906, 165,   0, 0
    11291,      102.665, 0.381,  2.377, 165,   0, 0
    11292,      102.673, 0.393,  2.859, 165,   0, 0
    11293,      102.683, 0.379,  2.162, 165,   0, 0
    11294,      102.689, 0.379,  2.087, 165,   0, 0
    11295,      102.696, 0.378,  2.013, 165,   0, 0
    11296,      102.703, 0.378,  2.006, 165,   0, 0
    11297,      102.709, 0.393,  2.582, 165,   0, 0
    11298,      102.717, 0.365,  1.354, 165,   0, 0
    11299,      102.723, 0.381,  2.020, 165,   0, 0
    11300,      102.730, 0.369,  1.489, 165,   0, 0
    11301,      102.762, 0.366,  1.344, 165,   0, 0
    11302,      102.768, 0.341,  0.343, 165,   0, 0
    11303,      102.776, 0.355,  0.888, 165,   0, 0
    11304,      102.784, 0.352,  0.764, 165,   0, 0
    11305,      102.793, 0.365,  1.242, 165,   0, 0
    11306,      102.799, 0.355,  0.833, 165,   0, 0
    11307,      102.806, 0.378,  1.720, 165,   0, 0
    11308,      102.814, 0.364,  1.166, 165,   0, 0
    11309,      102.822, 0.395,  2.318, 165,   0, 0
    11310,      102.829, 0.380,  1.694, 165,   0, 0
    11311,      102.860, 0.350,  0.512, 165,   0, 0
    11312,      102.868, 0.369,  1.235, 165,   0, 0
    11313,      102.876, 0.362,  0.952, 165,   0, 0
    11314,      102.883, 0.379,  1.570, 165,   0, 0
    11315,      102.889, 0.393,  2.054, 165,   0, 0
    11316,      102.896, 0.380,  1.541, 165,   0, 0
    11317,      102.905, 0.379,  1.465, 165,   0, 0
    11318,      102.913, 0.379,  1.437, 165,   0, 0
    11319,      102.920, 0.381,  1.497, 165,   0, 0
    11320,      102.928, 0.380,  1.429, 165,   0, 0
    11321,      102.957, 0.378,  1.313, 165,   0, 0
    11322,      102.964, 0.393,  1.849, 165,   0, 0
    11323,      102.972, 0.393,  1.807, 165,   0, 0
    11324,      102.979, 0.380,  1.317, 165,   0, 0
    11325,      102.987, 0.380,  1.294, 165,   0, 0
    11326,      102.995, 0.395,  1.769, 165,   0, 0
    11327,      103.002, 0.383,  1.343, 165,   0, 0
    11328,      103.009, 0.395,  1.725, 165,   0, 0
    11329,      103.019, 0.379,  1.154, 165,   0, 0
    11330,      103.026, 0.366,  0.695, 165,   0, 0
    11331,      103.056, 0.393,  1.583, 165,   0, 0
    11332,      103.063, 0.378,  1.060, 165,   0, 0
    11333,      103.070, 0.369,  0.762, 165,   0, 0
    11334,      103.078, 0.378,  1.042, 165,   0, 0
    11335,      103.086, 0.378,  1.026, 165,   0, 0
    11336,      103.093, 0.379,  1.040, 165,   0, 0
    11337,      103.099, 0.379,  1.023, 165,   0, 0
    11338,      103.105, 0.368,  0.655, 165,   0, 0
    11339,      103.111, 0.365,  0.520, 165,   0, 0
    11340,      103.118, 0.368,  0.630, 165,   0, 0
    11341,      103.147, 0.370,  0.682, 165,   0, 0
    11342,      103.156, 0.368,  0.604, 165,   0, 0
    11343,      103.164, 0.351,  0.000, 165,   0, 0
    11344,      103.171, 0.312, -1.373, 165,   0, 0
    11345,      103.179, 0.312, -1.347, 165,   0, 0
    11346,      103.186, 0.313, -1.286, 165,   0, 0
    11347,      103.192, 0.309, -1.412, 165,   0, 0
    11348,      103.199, 0.312, -1.320, 165,   0, 0
    11349,      103.206, 0.311, -1.376, 165,   0, 0
    11350,      103.213, 0.312, -1.330, 165,   0, 0
    11351,      103.246, 0.312, -1.316, 165,   0, 0
    11352,      103.253, 0.312, -1.292, 165,   0, 0
    11353,      103.260, 0.312, -1.294, 165,   0, 0
    11354,      103.269, 0.312, -1.292, 165,   0, 0
    11355,      103.276, 0.312, -1.292, 165,   0, 0
    11356,      103.284, 0.312, -1.304, 165,   0, 0
    11357,      103.290, 0.312, -1.318, 165,   0, 0
    11358,      103.296, 0.312, -1.325, 165,   0, 0
    11359,      103.303, 0.312, -1.333, 165,   0, 0
    11360,      103.309, 0.298, -1.818, 165,   0, 0
    11361,      103.338, 0.312, -1.345, 165,   0, 0
    11362,      103.346, 0.326, -0.875, 165,   0, 0
    11363,      103.354, 0.311, -1.422, 165,   0, 0
    11364,      103.362, 0.320, -1.093, 165,   0, 0
    11365,      103.370, 0.319, -1.149, 165,   0, 0
    11366,      103.379, 0.303, -1.694, 165,   0, 0
    11367,      103.387, 0.320, -1.108, 165,   0, 0
    11368,      103.393, 0.303, -1.728, 165,   0, 0
    11369,      103.401, 0.302, -1.743, 165,   0, 0
    11370,      103.408, 0.295, -1.942, 165,   0, 0
    11371,      103.439, 0.295, -1.895, 165,   0, 0
    11372,      103.446, 0.297, -1.799, 165,   0, 0
    11373,      103.453, 0.295, -1.816, 165,   0, 0
    11374,      103.461, 0.295, -1.798, 165,   0, 0
    11375,      103.469, 0.313, -1.196, 165,   0, 0
    11376,      103.476, 0.287, -2.090, 166,   1, 0
    11377,      103.489, 0.292, -1.873, 166,   0, 0
    11378,      103.497, 0.297, -1.685, 166,   0, 0
    11379,      103.503, 0.306, -1.338, 166,   0, 0
    11380,      103.509, 0.305, -1.370, 166,   0, 0
    11381,      103.538, 0.299, -1.547, 166,   0, 0
    11382,      103.545, 0.295, -1.652, 166,   0, 0
    11383,      103.551, 0.320, -0.851, 166,   0, 0
    11384,      103.558, 0.307, -1.261, 166,   0, 0
    11385,      103.565, 0.297, -1.588, 166,   0, 0
    11386,      103.572, 0.319, -0.874, 166,   0, 0
    11387,      103.579, 0.305, -1.291, 166,   0, 0
    11388,      103.587, 0.307, -1.198, 166,   0, 0
    11389,      103.595, 0.277, -2.128, 167,   1, 0
    11390,      103.610, 0.303, -1.267, 167,   0, 0
    11391,      103.645, 0.290, -1.644, 167,   0, 0
    11392,      103.653, 0.292, -1.554, 167,   0, 0
    11393,      103.660, 0.306, -1.122, 167,   0, 0
    11394,      103.667, 0.298, -1.346, 167,   0, 0
    11395,      103.674, 0.308, -1.032, 167,   0, 0
    11396,      103.682, 0.306, -1.051, 167,   0, 0
    11397,      103.689, 0.313, -0.842, 167,   0, 0
    11398,      103.696, 0.306, -1.039, 167,   0, 0
    11399,      103.703, 0.305, -1.053, 167,   0, 0
    11400,      103.710, 0.324, -0.485, 167,   0, 0
    11401,      103.743, 0.355,  0.395, 167,   0, 0
    11402,      103.751, 0.356,  0.432, 167,   0, 0
    11403,      103.756, 0.324, -0.474, 167,   0, 0
    11404,      103.762, 0.320, -0.591, 167,   0, 0
    11405,      103.769, 0.311, -0.858, 167,   0, 0
    11406,      103.775, 0.298, -1.211, 167,   0, 0
    11407,      103.782, 0.297, -1.217, 167,   0, 0
    11408,      103.788, 0.297, -1.193, 167,   0, 0
    11409,      103.795, 0.309, -0.819, 167,   0, 0
    11410,      103.801, 0.327, -0.305, 167,   0, 0
    11411,      103.844, 0.327, -0.296, 167,   0, 0
    11412,      103.853, 0.326, -0.319, 167,   0, 0
    11413,      103.862, 0.341,  0.120, 167,   0, 0
    11414,      103.872, 0.311, -0.747, 167,   0, 0
    11415,      103.880, 0.328, -0.243, 167,   0, 0
    11416,      103.890, 0.309, -0.763, 167,   0, 0
    11417,      103.898, 0.312, -0.667, 167,   0, 0
    11418,      103.905, 0.297, -1.103, 167,   0, 0
    11419,      103.912, 0.297, -1.084, 167,   0, 0
    11420,      103.920, 0.297, -1.067, 167,   0, 0
    11421,      103.952, 0.322, -0.318, 167,   0, 0
    11422,      103.959, 0.312, -0.605, 167,   0, 0
    11423,      103.968, 0.320, -0.338, 167,   0, 0
    11424,      103.976, 0.340,  0.242, 167,   0, 0
    11425,      103.983, 0.301, -0.907, 167,   0, 0
    11426,      103.991, 0.320, -0.312, 167,   0, 0
    11427,      103.998, 0.355,  0.727, 167,   0, 0
    11428,      104.004, 0.341,  0.322, 167,   0, 0
    11429,      104.011, 0.313, -0.503, 167,   0, 0
    11430,      104.017, 0.326, -0.110, 167,   0, 0
    11431,      104.047, 0.356,  0.834, 167,   0, 0
    11432,      104.054, 0.313, -0.482, 167,   0, 0
    11433,      104.060, 0.305, -0.736, 167,   0, 0
    11434,      104.068, 0.350,  0.685, 167,   0, 0
    11435,      104.077, 0.353,  0.792, 167,   0, 0
    11436,      104.086, 0.327, -0.010, 167,   0, 0
    11437,      104.092, 0.322, -0.172, 167,   0, 0
    11438,      104.100, 0.305, -0.709, 167,   0, 0
    11439,      104.107, 0.335,  0.277, 167,   0, 0
    11440,      104.114, 0.335,  0.302, 167,   0, 0
    11441,      104.147, 0.350,  0.841, 167,   0, 0
    11442,      104.155, 0.325, -0.009, 167,   0, 0
    11443,      104.163, 0.324, -0.009, 167,   0, 0
    11444,      104.171, 0.336,  0.417, 167,   0, 0
    11445,      104.176, 0.335,  0.408, 167,   0, 0
    11446,      104.183, 0.341,  0.668, 167,   0, 0
    11447,      104.189, 0.322, -0.042, 167,   0, 0
    11448,      104.197, 0.319, -0.132, 167,   0, 0
    11449,      104.205, 0.305, -0.673, 167,   0, 0
    11450,      104.213, 0.350,  1.195, 167,   0, 0
    11451,      104.245, 0.304, -0.689, 167,   0, 0
    11452,      104.252, 0.306, -0.590, 167,   0, 0
    11453,      104.258, 0.322,  0.094, 167,   0, 0
    11454,      104.265, 0.350,  1.391, 167,   0, 0
    11455,      104.274, 0.312, -0.310, 167,   0, 0
    11456,      104.280, 0.335,  0.812, 167,   0, 0
    11457,      104.288, 0.313, -0.223, 167,   0, 0
    11458,      104.295, 0.329,  0.574, 167,   0, 0
    11459,      104.302, 0.313, -0.192, 167,   0, 0
    11460,      104.312, 0.313, -0.174, 167,   0, 0
    11461,      104.347, 0.313, -0.155, 167,   0, 0
    11462,      104.356, 0.343,  1.552, 167,   0, 0
    11463,      104.362, 0.313, -0.125, 167,   0, 0
    11464,      104.368, 0.312, -0.191, 167,   0, 0
    11465,      104.374, 0.299, -0.979, 167,   0, 0
    11466,      104.380, 0.337,  1.320, 167,   0, 0
    11467,      104.387, 0.338,  1.365, 167,   0, 0
    11468,      104.395, 0.299, -0.981, 167,   0, 0
    11469,      104.402, 0.298, -1.053, 167,   0, 0
    11470,      104.410, 0.298, -1.015, 167,   0, 0
    11471,      104.444, 0.298, -1.031, 167,   0, 0
    11472,      104.452, 0.299, -0.939, 167,   0, 0
    11473,      104.460, 0.313, -0.090, 167,   0, 0
    11474,      104.468, 0.312, -0.171, 167,   0, 0
    11475,      104.475, 0.297, -1.064, 167,   0, 0
    11476,      104.483, 0.298, -0.998, 167,   0, 0
    11477,      104.490, 0.312, -0.155, 167,   0, 0
    11478,      104.498, 0.297, -1.041, 167,   0, 0
    11479,      104.505, 0.312, -0.147, 167,   0, 0
    11480,      104.511, 0.297, -1.029, 167,   0, 0
    11481,      104.545, 0.297, -1.027, 167,   0, 0
    11482,      104.552, 0.298, -0.963, 167,   0, 0
    11483,      104.559, 0.305, -0.534, 167,   0, 0
    11484,      104.565, 0.295, -1.085, 167,   0, 0
    11485,      104.574, 0.312, -0.104, 167,   0, 0
    11486,      104.579, 0.297, -0.977, 167,   0, 0
    11487,      104.585, 0.312, -0.116, 167,   0, 0
    11488,      104.593, 0.297, -0.968, 167,   0, 0
    11489,      104.602, 0.295, -1.050, 167,   0, 0
    11490,      104.611, 0.291, -1.272, 167,   0, 0
    11491,      104.642, 0.298, -0.901, 167,   0, 0
    11492,      104.650, 0.298, -0.903, 167,   0, 0
    11493,      104.657, 0.297, -0.956, 167,   0, 0
    11494,      104.666, 0.298, -0.880, 167,   0, 0
    11495,      104.674, 0.296, -0.996, 167,   0, 0
    11496,      104.686, 0.306, -0.407, 167,   0, 0
    11497,      104.693, 0.298, -0.888, 167,   0, 0
    11498,      104.701, 0.298, -0.930, 167,   0, 0
    11499,      104.708, 0.307, -0.372, 167,   0, 0
    11500,      104.715, 0.352,  2.212, 167,   0, 0
    11501,      104.747, 0.351,  2.087, 167,   0, 0
    11502,      104.755, 0.333,  1.036, 167,   0, 0
    11503,      104.762, 0.351,  1.985, 167,   0, 0
    11504,      104.768, 0.338,  1.262, 167,   0, 0
    11505,      104.776, 0.338,  1.222, 167,   0, 0
    11506,      104.784, 0.351,  1.918, 167,   0, 0
    11507,      104.793, 0.341,  1.339, 167,   0, 0
    11508,      104.803, 0.350,  1.786, 167,   0, 0
    11509,      104.811, 0.339,  1.146, 167,   0, 0
    11510,      104.818, 0.349,  1.674, 167,   0, 0
    11511,      104.847, 0.350,  1.707, 167,   0, 0
    11512,      104.854, 0.350,  1.665, 167,   0, 0
    11513,      104.863, 0.348,  1.514, 167,   0, 0
    11514,      104.871, 0.349,  1.547, 167,   0, 0
    11515,      104.878, 0.340,  1.053, 167,   0, 0
    11516,      104.884, 0.348,  1.437, 167,   0, 0
    11517,      104.890, 0.342,  1.110, 167,   0, 0
    11518,      104.896, 0.339,  0.936, 167,   0, 0
    11519,      104.904, 0.325,  0.215, 167,   0, 0
    11520,      104.913, 0.314, -0.358, 167,   0, 0
    11521,      104.946, 0.319, -0.096, 167,   0, 0
    11522,      104.955, 0.297, -1.214, 167,   0, 0
    11523,      104.963, 0.297, -1.198, 167,   0, 0
    11524,      104.969, 0.312, -0.389, 167,   0, 0
    11525,      104.976, 0.296, -1.241, 167,   0, 0
    11526,      104.983, 0.327,  0.397, 167,   0, 0
    11527,      104.989, 0.326,  0.326, 167,   0, 0
    11528,      104.996, 0.298, -1.152, 167,   0, 0
    11529,      105.003, 0.286, -1.758, 167,   0, 0
    11530,      105.012, 0.306, -0.688, 167,   0, 0
    11531,      105.046, 0.326,  0.310, 167,   0, 0
    11532,      105.054, 0.361,  2.130, 167,   0, 0
    11533,      105.062, 0.337,  0.882, 167,   0, 0
    11534,      105.071, 0.340,  1.014, 167,   0, 0
    11535,      105.079, 0.370,  2.543, 167,   0, 0
    11536,      105.087, 0.369,  2.398, 167,   0, 0
    11537,      105.095, 0.356,  1.700, 167,   0, 0
    11538,      105.102, 0.357,  1.681, 167,   0, 0
    11539,      105.109, 0.355,  1.594, 167,   0, 0
    11540,      105.115, 0.371,  2.321, 167,   0, 0
    11541,      105.147, 0.337,  0.660, 167,   0, 0
    11542,      105.154, 0.351,  1.313, 167,   0, 0
    11543,      105.162, 0.367,  2.002, 167,   0, 0
    11544,      105.170, 0.358,  1.537, 167,   0, 0
    11545,      105.177, 0.358,  1.519, 167,   0, 0
    11546,      105.183, 0.341,  0.748, 167,   0, 0
    11547,      105.190, 0.341,  0.739, 167,   0, 0
    11548,      105.198, 0.358,  1.493, 167,   0, 0
    11549,      105.206, 0.325,  0.044, 167,   0, 0
    11550,      105.213, 0.354,  1.294, 167,   0, 0
    11551,      105.243, 0.358,  1.453, 167,   0, 0
    11552,      105.251, 0.327,  0.099, 167,   0, 0
    11553,      105.258, 0.326,  0.052, 167,   0, 0
    11554,      105.266, 0.358,  1.445, 167,   0, 0
    11555,      105.276, 0.342,  0.738, 167,   0, 0
    11556,      105.285, 0.354,  1.301, 167,   0, 0
    11557,      105.296, 0.356,  1.355, 167,   0, 0
    11558,      105.303, 0.387,  2.672, 167,   0, 0
    11559,      105.311, 0.356,  1.278, 167,   0, 0
    11560,      105.319, 0.356,  1.263, 167,   0, 0
    11561,      105.348, 0.343,  0.709, 167,   0, 0
    11562,      105.355, 0.351,  1.014, 167,   0, 0
    11563,      105.361, 0.355,  1.184, 167,   0, 0
    11564,      105.368, 0.371,  1.862, 167,   0, 0
    11565,      105.376, 0.384,  2.350, 167,   0, 0
    11566,      105.383, 0.355,  1.103, 167,   0, 0
    11567,      105.390, 0.358,  1.199, 167,   0, 0
    11568,      105.399, 0.342,  0.551, 167,   0, 0
    11569,      105.408, 0.369,  1.636, 167,   0, 0
    11570,      105.416, 0.328, -0.039, 167,   0, 0
    11571,      105.448, 0.349,  0.827, 167,   0, 0
    11572,      105.455, 0.370,  1.644, 167,   0, 0
    11573,      105.462, 0.350,  0.789, 167,   0, 0
    11574,      105.471, 0.366,  1.428, 167,   0, 0
    11575,      105.480, 0.351,  0.816, 167,   0, 0
    11576,      105.488, 0.339,  0.345, 167,   0, 0
    11577,      105.495, 0.326, -0.173, 167,   0, 0
    11578,      105.503, 0.330, -0.028, 167,   0, 0
    11579,      105.513, 0.327, -0.124, 167,   0, 0
    11580,      105.519, 0.345,  0.555, 167,   0, 0
    11581,      105.559, 0.330, -0.043, 167,   0, 0
    11582,      105.568, 0.356,  0.996, 167,   0, 0
    11583,      105.576, 0.341,  0.388, 167,   0, 0
    11584,      105.584, 0.342,  0.434, 167,   0, 0
    11585,      105.592, 0.371,  1.577, 167,   0, 0
    11586,      105.599, 0.356,  0.945, 167,   0, 0
    11587,      105.607, 0.356,  0.936, 167,   0, 0
    11588,      105.616, 0.358,  0.992, 167,   0, 0
    11589,      105.626, 0.343,  0.375, 167,   0, 0
    11590,      105.633, 0.358,  0.960, 167,   0, 0
    11591,      105.666, 0.329, -0.205, 167,   0, 0
    11592,      105.674, 0.358,  0.951, 167,   0, 0
    11593,      105.682, 0.356,  0.868, 167,   0, 0
    11594,      105.690, 0.342,  0.297, 167,   0, 0
    11595,      105.698, 0.342,  0.287, 167,   0, 0
    11596,      105.704, 0.371,  1.464, 167,   0, 0
    11597,      105.711, 0.356,  0.828, 167,   0, 0
    11598,      105.718, 0.359,  0.897, 167,   0, 0
    11599,      105.726, 0.358,  0.856, 167,   0, 0
    11600,      105.734, 0.343,  0.210, 167,   0, 0
    11601,      105.768, 0.341,  0.139, 167,   0, 0
    11602,      105.775, 0.324, -0.596, 167,   0, 0
    11603,      105.781, 0.333, -0.230, 167,   0, 0
    11604,      105.788, 0.309, -1.267, 167,   0, 0
    11605,      105.795, 0.343,  0.164, 167,   0, 0
    11606,      105.801, 0.356,  0.762, 167,   0, 0
    11607,      105.808, 0.326, -0.601, 167,   0, 0
    11608,      105.815, 0.332, -0.337, 167,   0, 0
    11609,      105.821, 0.349,  0.405, 167,   0, 0
    11610,      105.828, 0.357,  0.774, 167,   0, 0
    11611,      105.859, 0.350,  0.402, 167,   0, 0
    11612,      105.869, 0.317, -1.139, 167,   0, 0
    11613,      105.877, 0.351,  0.471, 167,   0, 0
    11614,      105.885, 0.341, -0.040, 167,   0, 0
    11615,      105.895, 0.327, -0.752, 167,   0, 0
    11616,      105.902, 0.327, -0.799, 167,   0, 0
    11617,      105.908, 0.327, -0.818, 167,   0, 0
    11618,      105.916, 0.327, -0.847, 167,   0, 0
    11619,      105.923, 0.356,  0.695, 167,   0, 0
    11620,      105.931, 0.364,  1.082, 167,   0, 0
    11621,      105.962, 0.354,  0.536, 167,   0, 0
    11622,      105.969, 0.354,  0.534, 167,   0, 0
    11623,      105.978, 0.300, -2.400, 168,   1, 0
    11624,      105.993, 0.329, -0.773, 168,   0, 0
    11625,      106.002, 0.363,  1.011, 168,   0, 0
    11626,      106.010, 0.355,  0.621, 168,   0, 0
    11627,      106.016, 0.365,  1.106, 168,   0, 0
    11628,      106.022, 0.355,  0.599, 168,   0, 0
    11629,      106.029, 0.355,  0.583, 168,   0, 0
    11630,      106.039, 0.356,  0.635, 168,   0, 0
    11631,      106.071, 0.356,  0.631, 168,   0, 0
    11632,      106.080, 0.355,  0.567, 168,   0, 0
    11633,      106.089, 0.313, -1.620, 168,   0, 0
    11634,      106.099, 0.297, -2.432, 169,   1, 0
    11635,      106.113, 0.312, -1.585, 169,   0, 0
    11636,      106.120, 0.328, -0.750, 169,   0, 0
    11637,      106.131, 0.350,  0.349, 169,   0, 0
    11638,      106.139, 0.306, -1.862, 169,   0, 0
    11639,      106.150, 0.248, -4.659, 170,   1, 0
    11640,      106.166, 0.234, -4.897, 170,   2, 0
    11641,      106.215, 0.230, -4.657, 170,   3, 0
    11642,      106.231, 0.199, -5.464, 170,   4, 0
    11643,      106.244, 0.193, -5.105, 170,   5, 0
    11644,      106.263, 0.214, -3.959, 170,   6, 0
    11645,      106.286, 0.215, -3.697, 170,   7, 0
    11646,      106.305, 0.188, -4.268, 170,   8, 0
    11647,      106.321, 0.222, -3.051, 170,   9, 0
    11648,      106.336, 0.197, -3.568, 170,  10, 0
    11649,      106.353, 0.212, -3.002, 170,  11, 0
    11650,      106.367, 0.228, -2.531, 170,  12, 0
    11651,      106.403, 0.215, -2.752, 170,  13, 0
    11652,      106.415, 0.226, -2.409, 170,  14, 0
    11653,      106.430, 0.213, -2.610, 170,  15, 0
    11654,      106.442, 0.187, -3.068, 170,  16, 0
    11655,      106.454, 0.212, -2.413, 170,  17, 0
    11656,      106.468, 0.200, -2.584, 170,  18, 0
    11657,      106.481, 0.217, -2.169, 170,  19, 0
    11658,      106.493, 0.236, -1.734, 170,   0, 0
    11659,      106.500, 0.222, -1.960, 170,   0, 0
    11660,      106.508, 0.217, -2.017, 171,   1, 0
    11661,      106.545, 0.198, -2.323, 171,   2, 0
    11662,      106.557, 0.216, -1.923, 171,   0, 0
    11663,      106.564, 0.197, -2.221, 172,   1, 0
    11664,      106.576, 0.290, -0.504, 172,   0, 0
    11665,      106.584, 0.305, -0.226, 172,   0, 0
    11666,      106.590, 0.321,  0.074, 172,   0, 0
    11667,      106.597, 0.331,  0.253, 172,   0, 0
    11668,      106.603, 0.334,  0.298, 172,   0, 0
    11669,      106.610, 0.365,  0.856, 172,   0, 0
    11670,      106.617, 0.352,  0.616, 172,   0, 0
    11671,      106.648, 0.352,  0.630, 172,   0, 0
    11672,      106.656, 0.352,  0.631, 172,   0, 0
    11673,      106.666, 0.322,  0.078, 172,   0, 0
    11674,      106.676, 0.323,  0.105, 172,   0, 0
    11675,      106.683, 0.314, -0.053, 172,   0, 0
    11676,      106.691, 0.329,  0.214, 172,   0, 0
    11677,      106.699, 0.335,  0.339, 172,   0, 0
    11678,      106.706, 0.358,  0.754, 172,   0, 0
    11679,      106.714, 0.349,  0.596, 172,   0, 0
    11680,      106.722, 0.337,  0.377, 172,   0, 0
    11681,      106.755, 0.302, -0.252, 172,   0, 0
    11682,      106.763, 0.289, -0.482, 172,   0, 0
    11683,      106.773, 0.246, -1.241, 172,   0, 0
    11684,      106.781, 0.215, -1.784, 172,   0, 0
    11685,      106.788, 0.228, -1.515, 172,   0, 0
    11686,      106.795, 0.199, -1.994, 172,   0, 0
    11687,      106.802, 0.191, -2.095, 173,   1, 0
    11688,      106.814, 0.219, -1.558, 173,   0, 0
    11689,      106.821, 0.215, -1.594, 173,   0, 0
    11690,      106.829, 0.222, -1.435, 173,   0, 0
    11691,      106.860, 0.222, -1.406, 173,   0, 0
    11692,      106.868, 0.215, -1.505, 173,   0, 0
    11693,      106.876, 0.203, -1.674, 173,   0, 0
    11694,      106.884, 0.187, -1.908, 173,   0, 0
    11695,      106.894, 0.182, -1.945, 173,   0, 0
    11696,      106.902, 0.182, -1.898, 173,   0, 0
    11697,      106.908, 0.203, -1.524, 173,   0, 0
    11698,      106.915, 0.230, -1.065, 173,   0, 0
    11699,      106.922, 0.224, -1.138, 173,   0, 0
    11700,      106.928, 0.184, -1.743, 173,   0, 0
    11701,      106.956, 0.232, -0.955, 173,   0, 0
    11702,      106.963, 0.208, -1.326, 173,   0, 0
    11703,      106.971, 0.182, -1.700, 173,   0, 0
    11704,      106.979, 0.199, -1.405, 173,   0, 0
    11705,      106.987, 0.236, -0.808, 173,   0, 0
    11706,      106.996, 0.214, -1.134, 173,   0, 0
    11707,      107.004, 0.212, -1.146, 173,   0, 0
    11708,      107.011, 0.184, -1.551, 173,   0, 0
    11709,      107.018, 0.171, -1.730, 173,   0, 0
    11710,      107.026, 0.203, -1.212, 173,   0, 0
    11711,      107.058, 0.214, -1.019, 173,   0, 0
    11712,      107.066, 0.188, -1.394, 173,   0, 0
    11713,      107.073, 0.228, -0.773, 173,   0, 0
    11714,      107.081, 0.200, -1.183, 173,   0, 0
    11715,      107.088, 0.185, -1.390, 173,   0, 0
    11716,      107.095, 0.199, -1.150, 173,   0, 0
    11717,      107.102, 0.182, -1.387, 173,   0, 0
    11718,      107.108, 0.224, -0.729, 173,   0, 0
    11719,      107.116, 0.207, -0.977, 173,   0, 0
    11720,      107.123, 0.223, -0.714, 173,   0, 0
    11721,      107.153, 0.215, -0.829, 173,   0, 0
    11722,      107.160, 0.238, -0.460, 173,   0, 0
    11723,      107.166, 0.200, -1.034, 173,   0, 0
    11724,      107.173, 0.179, -1.340, 173,   0, 0
    11725,      107.179, 0.188, -1.173, 173,   0, 0
    11726,      107.185, 0.205, -0.902, 173,   0, 0
    11727,      107.193, 0.187, -1.163, 173,   0, 0
    11728,      107.200, 0.203, -0.900, 173,   0, 0
    11729,      107.206, 0.202, -0.890, 173,   0, 0
    11730,      107.213, 0.191, -1.051, 173,   0, 0
    11731,      107.245, 0.210, -0.738, 173,   0, 0
    11732,      107.254, 0.166, -1.411, 173,   0, 0
    11733,      107.262, 0.169, -1.327, 173,   0, 0
    11734,      107.269, 0.198, -0.872, 173,   0, 0
    11735,      107.275, 0.214, -0.595, 173,   0, 0
    11736,      107.281, 0.230, -0.338, 173,   0, 0
    11737,      107.287, 0.214, -0.577, 173,   0, 0
    11738,      107.294, 0.228, -0.346, 173,   0, 0
    11739,      107.301, 0.232, -0.269, 173,   0, 0
    11740,      107.310, 0.302,  0.856, 173,   0, 0
    11741,      107.340, 0.345,  1.582, 173,   0, 0
    11742,      107.348, 0.305,  0.932, 173,   0, 0
    11743,      107.355, 0.362,  1.887, 173,   0, 0
    11744,      107.364, 0.350,  1.661, 173,   0, 0
    11745,      107.377, 0.320,  1.166, 173,   0, 0
    11746,      107.384, 0.350,  1.671, 173,   0, 0
    11747,      107.392, 0.348,  1.632, 173,   0, 0
    11748,      107.400, 0.365,  1.923, 173,   0, 0
    11749,      107.406, 0.365,  1.920, 173,   0, 0
    11750,      107.413, 0.347,  1.622, 173,   0, 0
    11751,      107.446, 0.318,  1.158, 173,   0, 0
    11752,      107.452, 0.320,  1.198, 173,   0, 0
    11753,      107.458, 0.350,  1.703, 173,   0, 0
    11754,      107.467, 0.348,  1.667, 173,   0, 0
    11755,      107.477, 0.355,  1.758, 173,   0, 0
    11756,      107.484, 0.355,  1.738, 173,   0, 0
    11757,      107.494, 0.336,  1.410, 173,   0, 0
    11758,      107.502, 0.313,  1.052, 173,   0, 0
    11759,      107.510, 0.302,  0.867, 173,   0, 0
    11760,      107.517, 0.348,  1.604, 173,   0, 0
    11761,      107.548, 0.353,  1.643, 173,   0, 0
    11762,      107.555, 0.352,  1.592, 173,   0, 0
    11763,      107.563, 0.339,  1.357, 173,   0, 0
    11764,      107.569, 0.341,  1.371, 173,   0, 0
    11765,      107.575, 0.285,  0.475, 173,   0, 0
    11766,      107.581, 0.309,  0.845, 173,   0, 0
    11767,      107.589, 0.305,  0.764, 173,   0, 0
    11768,      107.600, 0.327,  1.093, 173,   0, 0
    11769,      107.609, 0.356,  1.532, 173,   0, 0
    11770,      107.617, 0.353,  1.445, 173,   0, 0
    11771,      107.651, 0.285,  0.393, 173,   0, 0
    11772,      107.659, 0.313,  0.808, 173,   0, 0
    11773,      107.667, 0.335,  1.125, 173,   0, 0
    11774,      107.676, 0.326,  0.971, 173,   0, 0
    11775,      107.685, 0.341,  1.188, 173,   0, 0
    11776,      107.693, 0.363,  1.491, 173,   0, 0
    11777,      107.700, 0.341,  1.140, 173,   0, 0
    11778,      107.710, 0.311,  0.663, 173,   0, 0
    11779,      107.717, 0.281,  0.206, 173,   0, 0
    11780,      107.724, 0.205, -0.938, 173,   0, 0
    11781,      107.756, 0.222, -0.690, 173,   0, 0
    11782,      107.763, 0.240, -0.422, 173,   0, 0
    11783,      107.773, 0.201, -1.009, 173,   0, 0
    11784,      107.780, 0.193, -1.134, 173,   0, 0
    11785,      107.786, 0.221, -0.692, 173,   0, 0
    11786,      107.793, 0.209, -0.861, 173,   0, 0
    11787,      107.800, 0.227, -0.584, 173,   0, 0
    11788,      107.806, 0.200, -0.978, 173,   0, 0
    11789,      107.815, 0.208, -0.843, 173,   0, 0
    11790,      107.823, 0.212, -0.760, 173,   0, 0
    11791,      107.856, 0.213, -0.735, 173,   0, 0
    11792,      107.864, 0.219, -0.634, 173,   0, 0
    11793,      107.873, 0.203, -0.863, 173,   0, 0
    11794,      107.880, 0.236, -0.339, 173,   0, 0
    11795,      107.887, 0.228, -0.459, 173,   0, 0
    11796,      107.895, 0.184, -1.127, 173,   0, 0
    11797,      107.903, 0.199, -0.872, 173,   0, 0
    11798,      107.911, 0.212, -0.654, 173,   0, 0
    11799,      107.919, 0.197, -0.877, 173,   0, 0
    11800,      107.926, 0.200, -0.823, 173,   0, 0
    11801,      107.957, 0.197, -0.860, 173,   0, 0
    11802,      107.966, 0.228, -0.347, 173,   0, 0
    11803,      107.973, 0.197, -0.827, 173,   0, 0
    11804,      107.980, 0.212, -0.581, 173,   0, 0
    11805,      107.986, 0.286,  0.591, 173,   0, 0
    11806,      107.991, 0.306,  0.899, 173,   0, 0
    11807,      107.997, 0.304,  0.863, 173,   0, 0
    11808,      108.003, 0.336,  1.350, 173,   0, 0
    11809,      108.009, 0.347,  1.499, 173,   0, 0
    11810,      108.016, 0.365,  1.753, 173,   0, 0
    11811,      108.045, 0.298,  0.674, 173,   0, 0
    11812,      108.051, 0.352,  1.513, 173,   0, 0
    11813,      108.057, 0.285,  0.453, 173,   0, 0
    11814,      108.064, 0.308,  0.798, 173,   0, 0
    11815,      108.071, 0.353,  1.468, 173,   0, 0
    11816,      108.081, 0.322,  0.970, 173,   0, 0
    11817,      108.089, 0.324,  0.990, 173,   0, 0
    11818,      108.099, 0.356,  1.468, 173,   0, 0
    11819,      108.106, 0.298,  0.540, 173,   0, 0
    11820,      108.116, 0.340,  1.185, 173,   0, 0
    11821,      108.151, 0.304,  0.606, 173,   0, 0
    11822,      108.157, 0.312,  0.721, 173,   0, 0
    11823,      108.165, 0.304,  0.584, 173,   0, 0
    11824,      108.171, 0.244, -0.353, 173,   0, 0
    11825,      108.180, 0.202, -1.011, 173,   0, 0
    11826,      108.188, 0.203, -0.991, 173,   0, 0
    11827,      108.199, 0.221, -0.703, 173,   0, 0
    11828,      108.207, 0.208, -0.915, 173,   0, 0
    11829,      108.216, 0.196, -1.098, 173,   0, 0
    11830,      108.223, 0.184, -1.291, 173,   0, 0
    11831,      108.256, 0.238, -0.450, 173,   0, 0
    11832,      108.266, 0.222, -0.705, 173,   0, 0
    11833,      108.273, 0.230, -0.594, 173,   0, 0
    11834,      108.283, 0.219, -0.754, 173,   0, 0
    11835,      108.290, 0.213, -0.856, 173,   0, 0
    11836,      108.300, 0.210, -0.906, 173,   0, 0
    11837,      108.308, 0.213, -0.868, 173,   0, 0
    11838,      108.317, 0.242, -0.411, 173,   0, 0
    11839,      108.325, 0.306,  0.594, 173,   0, 0
    11840,      108.334, 0.348,  1.247, 173,   0, 0
    11841,      108.366, 0.327,  0.899, 173,   0, 0
    11842,      108.372, 0.333,  0.972, 173,   0, 0
    11843,      108.378, 0.352,  1.265, 173,   0, 0
    11844,      108.385, 0.366,  1.457, 173,   0, 0
    11845,      108.392, 0.348,  1.143, 173,   0, 0
    11846,      108.404, 0.353,  1.208, 173,   0, 0
    11847,      108.412, 0.364,  1.369, 173,   0, 0
    11848,      108.419, 0.344,  1.031, 173,   0, 0
    11849,      108.430, 0.352,  1.144, 173,   0, 0
    11850,      108.438, 0.334,  0.837, 173,   0, 0
    11851,      108.470, 0.361,  1.248, 173,   0, 0
    11852,      108.478, 0.332,  0.760, 173,   0, 0
    11853,      108.484, 0.359,  1.191, 173,   0, 0
    11854,      108.492, 0.364,  1.250, 173,   0, 0
    11855,      108.499, 0.352,  1.043, 173,   0, 0
    11856,      108.505, 0.352,  1.031, 173,   0, 0
    11857,      108.512, 0.335,  0.735, 173,   0, 0
    11858,      108.519, 0.334,  0.703, 173,   0, 0
    11859,      108.525, 0.323,  0.506, 173,   0, 0
    11860,      108.532, 0.334,  0.681, 173,   0, 0
    11861,      108.566, 0.350,  0.926, 173,   0, 0
    11862,      108.574, 0.355,  1.013, 173,   0, 0
    11863,      108.581, 0.370,  1.248, 173,   0, 0
    11864,      108.587, 0.347,  0.878, 173,   0, 0
    11865,      108.595, 0.354,  0.978, 173,   0, 0
    11866,      108.602, 0.364,  1.135, 173,   0, 0
    11867,      108.610, 0.347,  0.856, 173,   0, 0
    11868,      108.616, 0.380,  1.399, 173,   0, 0
    11869,      108.622, 0.349,  0.889, 173,   0, 0
    11870,      108.629, 0.334,  0.651, 173,   0, 0
    11871,      108.660, 0.338,  0.718, 173,   0, 0
    11872,      108.667, 0.366,  1.169, 173,   0, 0
    11873,      108.677, 0.351,  0.909, 173,   0, 0
    11874,      108.685, 0.350,  0.889, 173,   0, 0
    11875,      108.695, 0.369,  1.207, 173,   0, 0
    11876,      108.703, 0.360,  1.061, 173,   0, 0
    11877,      108.712, 0.352,  0.923, 173,   0, 0
    11878,      108.718, 0.366,  1.146, 173,   0, 0
    11879,      108.727, 0.366,  1.134, 173,   0, 0
    11880,      108.733, 0.352,  0.895, 173,   0, 0
    11881,      108.765, 0.366,  1.118, 173,   0, 0
    11882,      108.772, 0.352,  0.891, 173,   0, 0
    11883,      108.779, 0.261, -0.554, 173,   0, 0
    11884,      108.785, 0.251, -0.703, 173,   0, 0
    11885,      108.794, 0.212, -1.315, 173,   0, 0
    11886,      108.804, 0.244, -0.791, 173,   0, 0
    11887,      108.810, 0.244, -0.779, 173,   0, 0
    11888,      108.816, 0.306,  0.210, 173,   0, 0
    11889,      108.823, 0.304,  0.180, 173,   0, 0
    11890,      108.829, 0.295,  0.034, 173,   0, 0
    11891,      108.860, 0.325,  0.521, 173,   0, 0
    11892,      108.867, 0.326,  0.537, 173,   0, 0
    11893,      108.873, 0.319,  0.430, 173,   0, 0
    11894,      108.879, 0.312,  0.314, 173,   0, 0
    11895,      108.886, 0.297,  0.073, 173,   0, 0
    11896,      108.894, 0.336,  0.709, 173,   0, 0
    11897,      108.901, 0.333,  0.668, 173,   0, 0
    11898,      108.908, 0.320,  0.459, 173,   0, 0
    11899,      108.917, 0.336,  0.707, 173,   0, 0
    11900,      108.925, 0.347,  0.873, 173,   0, 0
    11901,      108.956, 0.334,  0.660, 173,   0, 0
    11902,      108.965, 0.329,  0.565, 173,   0, 0
    11903,      108.972, 0.333,  0.609, 173,   0, 0
    11904,      108.980, 0.352,  0.919, 173,   0, 0
    11905,      108.987, 0.310,  0.211, 173,   0, 0
    11906,      108.994, 0.336,  0.620, 173,   0, 0
    11907,      109.001, 0.338,  0.647, 173,   0, 0
    11908,      109.009, 0.321,  0.342, 173,   0, 0
    11909,      109.015, 0.334,  0.560, 173,   0, 0
    11910,      109.022, 0.332,  0.503, 173,   0, 0
    11911,      109.057, 0.335,  0.547, 173,   0, 0
    11912,      109.065, 0.329,  0.433, 173,   0, 0
    11913,      109.072, 0.347,  0.741, 173,   0, 0
    11914,      109.079, 0.345,  0.693, 173,   0, 0
    11915,      109.085, 0.344,  0.657, 173,   0, 0
    11916,      109.092, 0.362,  0.966, 173,   0, 0
    11917,      109.098, 0.333,  0.436, 173,   0, 0
    11918,      109.105, 0.351,  0.744, 173,   0, 0
    11919,      109.112, 0.361,  0.927, 173,   0, 0
    11920,      109.117, 0.324,  0.214, 173,   0, 0
    11921,      109.157, 0.331,  0.319, 173,   0, 0
    11922,      109.165, 0.304, -0.223, 173,   0, 0
    11923,      109.174, 0.335,  0.387, 173,   0, 0
    11924,      109.181, 0.351,  0.694, 173,   0, 0
    11925,      109.187, 0.316, -0.045, 173,   0, 0
    11926,      109.195, 0.347,  0.608, 173,   0, 0
    11927,      109.202, 0.361,  0.881, 173,   0, 0
    11928,      109.209, 0.348,  0.595, 173,   0, 0
    11929,      109.218, 0.315, -0.100, 173,   0, 0
    11930,      109.226, 0.337,  0.371, 173,   0, 0
    11931,      109.260, 0.330,  0.227, 173,   0, 0
    11932,      109.266, 0.316, -0.059, 173,   0, 0
    11933,      109.273, 0.321,  0.045, 173,   0, 0
    11934,      109.283, 0.319, -0.008, 173,   0, 0
    11935,      109.291, 0.292, -0.586, 173,   0, 0
    11936,      109.298, 0.292, -0.576, 173,   0, 0
    11937,      109.305, 0.290, -0.601, 173,   0, 0
    11938,      109.312, 0.290, -0.595, 173,   0, 0
    11939,      109.319, 0.290, -0.585, 173,   0, 0
    11940,      109.327, 0.289, -0.614, 173,   0, 0
    11941,      109.358, 0.291, -0.566, 173,   0, 0
    11942,      109.364, 0.304, -0.272, 173,   0, 0
    11943,      109.370, 0.306, -0.238, 173,   0, 0
    11944,      109.376, 0.314, -0.073, 173,   0, 0
    11945,      109.383, 0.283, -0.742, 173,   0, 0
    11946,      109.389, 0.334,  0.332, 173,   0, 0
    11947,      109.395, 0.335,  0.338, 173,   0, 0
    11948,      109.404, 0.303, -0.390, 173,   0, 0
    11949,      109.412, 0.291, -0.723, 173,   0, 0
    11950,      109.418, 0.303, -0.456, 173,   0, 0
    11951,      109.455, 0.305, -0.465, 173,   0, 0
    11952,      109.462, 0.290, -0.872, 173,   0, 0
    11953,      109.470, 0.289, -0.951, 173,   0, 0
    11954,      109.479, 0.320, -0.137, 173,   0, 0
    11955,      109.487, 0.335,  0.269, 173,   0, 0
    11956,      109.494, 0.318, -0.250, 173,   0, 0
    11957,      109.502, 0.290, -1.186, 173,   0, 0
    11958,      109.508, 0.289, -1.299, 173,   0, 0
    11959,      109.518, 0.289, -1.348, 173,   0, 0
    11960,      109.527, 0.289, -1.336, 173,   0, 0
    11961,      109.558, 0.289, -1.312, 173,   0, 0
    11962,      109.565, 0.303, -0.802, 173,   0, 0
    11963,      109.573, 0.290, -1.250, 173,   0, 0
    11964,      109.580, 0.296, -1.011, 173,   0, 0
    11965,      109.586, 0.295, -1.018, 173,   0, 0
    11966,      109.595, 0.305, -0.679, 173,   0, 0
    11967,      109.601, 0.314, -0.377, 173,   0, 0
    11968,      109.608, 0.296, -0.965, 173,   0, 0
    11969,      109.614, 0.313, -0.378, 173,   0, 0
    11970,      109.623, 0.313, -0.368, 173,   0, 0
    11971,      109.665, 0.315, -0.304, 173,   0, 0
    11972,      109.676, 0.313, -0.343, 173,   0, 0
    11973,      109.684, 0.300, -0.778, 173,   0, 0
    11974,      109.691, 0.300, -0.764, 173,   0, 0
    11975,      109.700, 0.291, -1.064, 173,   0, 0
    11976,      109.707, 0.316, -0.183, 173,   0, 0
    11977,      109.716, 0.305, -0.559, 173,   0, 0
    11978,      109.726, 0.306, -0.519, 173,   0, 0
    11979,      109.734, 0.307, -0.486, 173,   0, 0
    11980,      109.742, 0.298, -0.768, 173,   0, 0
    11981,      109.784, 0.298, -0.787, 173,   0, 0
    11982,      109.794, 0.288, -1.102, 173,   0, 0
    11983,      109.804, 0.300, -0.668, 173,   0, 0
    11984,      109.814, 0.300, -0.655, 173,   0, 0
    11985,      109.823, 0.316, -0.076, 173,   0, 0
    11986,      109.832, 0.299, -0.669, 173,   0, 0
    11987,      109.840, 0.300, -0.630, 173,   0, 0
    11988,      109.850, 0.299, -0.644, 173,   0, 0
    11989,      109.858, 0.315, -0.078, 173,   0, 0
    11990,      109.868, 0.312, -0.160, 173,   0, 0
    11991,      109.901, 0.300, -0.573, 173,   0, 0
    11992,      109.910, 0.299, -0.622, 173,   0, 0
    11993,      109.917, 0.283, -1.201, 173,   0, 0
    11994,      109.924, 0.297, -0.642, 173,   0, 0
    11995,      109.932, 0.257, -2.120, 174,   1, 0
    11996,      109.943, 0.312, -0.053, 174,   0, 0
    11997,      109.951, 0.314,  0.022, 174,   0, 0
    11998,      109.958, 0.274, -1.459, 174,   0, 0
    11999,      109.964, 0.253, -2.259, 175,   1, 0
    12000,      109.975, 0.244, -2.535, 175,   2, 0
    12001,      110.010, 0.265, -1.679, 175,   0, 0
    12002,      110.019, 0.242, -2.519, 176,   1, 0
    12003,      110.035, 0.293, -0.566, 176,   0, 0
    12004,      110.044, 0.260, -1.823, 176,   0, 0
    12005,      110.052, 0.251, -2.183, 177,   1, 0
    12006,      110.065, 0.246, -2.451, 177,   2, 0
    12007,      110.079, 0.253, -2.208, 177,   3, 0
    12008,      110.094, 0.257, -2.045, 177,   4, 0
    12009,      110.108, 0.253, -2.164, 177,   5, 0
    12010,      110.121, 0.244, -2.426, 177,   6, 0
    12011,      110.161, 0.244, -2.356, 177,   7, 0
    12012,      110.174, 0.282, -0.909, 177,   0, 0
    12013,      110.180, 0.253, -1.962, 177,   0, 0
    12014,      110.187, 0.244, -2.221, 178,   1, 0
    12015,      110.202, 0.284, -0.766, 178,   0, 0
    12016,      110.209, 0.251, -1.892, 178,   0, 0
    12017,      110.215, 0.244, -2.104, 179,   1, 0
    12018,      110.231, 0.274, -1.028, 179,   0, 0
    12019,      110.238, 0.235, -2.338, 180,   1, 0
    12020,      110.251, 0.253, -1.678, 180,   0, 0
    12021,      110.283, 0.235, -2.239, 181,   1, 0
    12022,      110.297, 0.274, -0.906, 181,   0, 0
    12023,      110.305, 0.250, -1.679, 181,   0, 0
    12024,      110.312, 0.251, -1.613, 181,   0, 0
    12025,      110.319, 0.273, -0.869, 181,   0, 0
    12026,      110.328, 0.250, -1.605, 181,   0, 0
    12027,      110.334, 0.244, -1.771, 181,   0, 0
    12028,      110.341, 0.261, -1.172, 181,   0, 0
    12029,      110.348, 0.246, -1.644, 181,   0, 0
    12030,      110.355, 0.216, -2.557, 182,   1, 0
    12031,      110.394, 0.242, -1.658, 182,   0, 0
    12032,      110.403, 0.200, -2.957, 183,   1, 0
    12033,      110.418, 0.196, -2.959, 183,   2, 0
    12034,      110.431, 0.217, -2.222, 183,   3, 0
    12035,      110.442, 0.193, -2.862, 183,   4, 0
    12036,      110.454, 0.193, -2.762, 183,   5, 0
    12037,      110.468, 0.200, -2.504, 183,   6, 0
    12038,      110.480, 0.193, -2.606, 183,   7, 0
    12039,      110.494, 0.214, -1.976, 183,   0, 0
    12040,      110.500, 0.196, -2.438, 184,   1, 0
    12041,      110.536, 0.210, -1.984, 184,   0, 0
    12042,      110.545, 0.237, -1.220, 184,   0, 0
    12043,      110.552, 0.220, -1.637, 184,   0, 0
    12044,      110.558, 0.244, -0.977, 184,   0, 0
    12045,      110.566, 0.230, -1.356, 184,   0, 0
    12046,      110.575, 0.230, -1.331, 184,   0, 0
    12047,      110.582, 0.230, -1.314, 184,   0, 0
    12048,      110.589, 0.206, -1.936, 184,   0, 0
    12049,      110.598, 0.242, -0.927, 184,   0, 0
    12050,      110.604, 0.244, -0.863, 184,   0, 0
    12051,      110.636, 0.208, -1.839, 184,   0, 0
    12052,      110.645, 0.237, -1.017, 184,   0, 0
    12053,      110.654, 0.228, -1.228, 184,   0, 0
    12054,      110.661, 0.237, -0.981, 184,   0, 0
    12055,      110.668, 0.244, -0.751, 184,   0, 0
    12056,      110.676, 0.214, -1.572, 184,   0, 0
    12057,      110.682, 0.227, -1.190, 184,   0, 0
    12058,      110.689, 0.227, -1.170, 184,   0, 0
    12059,      110.697, 0.213, -1.533, 184,   0, 0
    12060,      110.703, 0.213, -1.503, 184,   0, 0
    12061,      110.734, 0.213, -1.474, 184,   0, 0
    12062,      110.741, 0.218, -1.302, 184,   0, 0
    12063,      110.750, 0.213, -1.423, 184,   0, 0
    12064,      110.760, 0.229, -0.967, 184,   0, 0
    12065,      110.768, 0.212, -1.407, 184,   0, 0
    12066,      110.778, 0.230, -0.914, 184,   0, 0
    12067,      110.786, 0.213, -1.349, 184,   0, 0
    12068,      110.795, 0.242, -0.554, 184,   0, 0
    12069,      110.801, 0.228, -0.933, 184,   0, 0
    12070,      110.810, 0.229, -0.890, 184,   0, 0
    12071,      110.843, 0.227, -0.921, 184,   0, 0
    12072,      110.850, 0.234, -0.711, 184,   0, 0
    12073,      110.857, 0.199, -1.638, 184,   0, 0
    12074,      110.865, 0.198, -1.619, 184,   0, 0
    12075,      110.873, 0.198, -1.593, 184,   0, 0
    12076,      110.880, 0.181, -2.032, 185,   1, 0
    12077,      110.895, 0.222, -0.907, 185,   0, 0
    12078,      110.903, 0.213, -1.135, 185,   0, 0
    12079,      110.911, 0.207, -1.261, 185,   0, 0
    12080,      110.918, 0.199, -1.466, 185,   0, 0
    12081,      110.955, 0.218, -0.926, 185,   0, 0
    12082,      110.962, 0.206, -1.245, 185,   0, 0
    12083,      110.972, 0.218, -0.890, 185,   0, 0
    12084,      110.980, 0.201, -1.338, 185,   0, 0
    12085,      110.988, 0.234, -0.445, 185,   0, 0
    12086,      110.998, 0.215, -0.937, 185,   0, 0
    12087,      111.006, 0.222, -0.730, 185,   0, 0
    12088,      111.014, 0.214, -0.923, 185,   0, 0
    12089,      111.021, 0.210, -1.015, 185,   0, 0
    12090,      111.029, 0.222, -0.684, 185,   0, 0
    12091,      111.059, 0.222, -0.672, 185,   0, 0
    12092,      111.066, 0.212, -0.938, 185,   0, 0
    12093,      111.073, 0.228, -0.489, 185,   0, 0
    12094,      111.080, 0.227, -0.496, 185,   0, 0
    12095,      111.087, 0.222, -0.615, 185,   0, 0
    12096,      111.093, 0.227, -0.470, 185,   0, 0
    12097,      111.102, 0.244,  0.052, 185,   0, 0
    12098,      111.111, 0.228, -0.422, 185,   0, 0
    12099,      111.118, 0.212, -0.883, 185,   0, 0
    12100,      111.126, 0.212, -0.866, 185,   0, 0
    12101,      111.156, 0.229, -0.343, 185,   0, 0
    12102,      111.162, 0.230, -0.302, 185,   0, 0
    12103,      111.168, 0.208, -0.983, 185,   0, 0
    12104,      111.174, 0.224, -0.450, 185,   0, 0
    12105,      111.180, 0.214, -0.758, 185,   0, 0
    12106,      111.188, 0.244,  0.259, 185,   0, 0
    12107,      111.197, 0.216, -0.692, 185,   0, 0
    12108,      111.205, 0.242,  0.246, 185,   0, 0
    12109,      111.214, 0.229, -0.218, 185,   0, 0
    12110,      111.223, 0.229, -0.195, 185,   0, 0
    12111,      111.255, 0.228, -0.215, 185,   0, 0
    12112,      111.263, 0.227, -0.232, 185,   0, 0
    12113,      111.270, 0.212, -0.802, 185,   0, 0
    12114,      111.277, 0.244,  0.516, 185,   0, 0
    12115,      111.283, 0.237,  0.240, 185,   0, 0
    12116,      111.289, 0.228, -0.138, 185,   0, 0
    12117,      111.297, 0.236,  0.239, 185,   0, 0
    12118,      111.304, 0.242,  0.598, 185,   0, 0
    12119,      111.311, 0.197, -1.565, 185,   0, 0
    12120,      111.317, 0.242,  0.640, 185,   0, 0
    12121,      111.350, 0.242,  0.641, 185,   0, 0
    12122,      111.358, 0.242,  0.657, 185,   0, 0
    12123,      111.366, 0.212, -0.796, 185,   0, 0
    12124,      111.375, 0.228, -0.025, 185,   0, 0
    12125,      111.382, 0.225, -0.159, 185,   0, 0
    12126,      111.389, 0.229,  0.055, 185,   0, 0
    12127,      111.397, 0.239,  0.575, 185,   0, 0
    12128,      111.404, 0.220, -0.351, 185,   0, 0
    12129,      111.413, 0.235,  0.419, 185,   0, 0
    12130,      111.421, 0.246,  1.003, 185,   0, 0
    12131,      111.451, 0.229,  0.092, 185,   0, 0
    12132,      111.459, 0.242,  0.818, 185,   0, 0
    12133,      111.468, 0.220, -0.329, 185,   0, 0
    12134,      111.475, 0.258,  1.732, 185,   0, 0
    12135,      111.482, 0.242,  0.871, 185,   0, 0
    12136,      111.489, 0.242,  0.925, 185,   0, 0
    12137,      111.497, 0.227,  0.057, 185,   0, 0
    12138,      111.505, 0.242,  0.946, 185,   0, 0
    12139,      111.511, 0.227,  0.082, 185,   0, 0
    12140,      111.518, 0.244,  1.099, 185,   0, 0
    12141,      111.550, 0.230,  0.255, 185,   0, 0
    12142,      111.557, 0.244,  1.114, 185,   0, 0
    12143,      111.564, 0.242,  1.052, 185,   0, 0
    12144,      111.573, 0.223, -0.128, 185,   0, 0
    12145,      111.581, 0.208, -1.014, 185,   0, 0
    12146,      111.588, 0.227,  0.170, 185,   0, 0
    12147,      111.594, 0.227,  0.184, 185,   0, 0
    12148,      111.601, 0.227,  0.194, 185,   0, 0
    12149,      111.607, 0.228,  0.293, 185,   0, 0
    12150,      111.614, 0.212, -0.751, 185,   0, 0
    12151,      111.645, 0.212, -0.747, 185,   0, 0
    12152,      111.651, 0.220, -0.173, 185,   0, 0
    12153,      111.659, 0.242,  1.295, 185,   0, 0
    12154,      111.665, 0.242,  1.279, 185,   0, 0
    12155,      111.671, 0.242,  1.257, 185,   0, 0
    12156,      111.678, 0.242,  1.244, 185,   0, 0
    12157,      111.686, 0.236,  0.778, 185,   0, 0
    12158,      111.694, 0.250,  1.738, 185,   0, 0
    12159,      111.703, 0.244,  1.328, 185,   0, 0
    12160,      111.711, 0.250,  1.694, 185,   0, 0
    12161,      111.744, 0.258,  2.259, 185,   0, 0
    12162,      111.749, 0.239,  0.850, 185,   0, 0
    12163,      111.755, 0.225, -0.136, 185,   0, 0
    12164,      111.762, 0.242,  1.104, 185,   0, 0
    12165,      111.768, 0.231,  0.340, 185,   0, 0
    12166,      111.774, 0.242,  1.105, 185,   0, 0
    12167,      111.781, 0.212, -1.014, 185,   0, 0
    12168,      111.787, 0.242,  1.098, 185,   0, 0
    12169,      111.795, 0.227, -0.003, 185,   0, 0
    12170,      111.802, 0.197, -2.109, 186,   1, 0
    12171,      111.844, 0.242,  1.110, 186,   0, 0
    12172,      111.853, 0.228,  0.063, 186,   0, 0
    12173,      111.862, 0.228,  0.068, 186,   0, 0
    12174,      111.870, 0.244,  1.225, 186,   0, 0
    12175,      111.878, 0.246,  1.348, 186,   0, 0
    12176,      111.885, 0.260,  2.334, 186,   0, 0
    12177,      111.893, 0.244,  1.164, 186,   0, 0
    12178,      111.900, 0.244,  1.148, 186,   0, 0
    12179,      111.906, 0.237,  0.643, 186,   0, 0
    12180,      111.912, 0.244,  1.122, 186,   0, 0
    12181,      111.945, 0.229,  0.059, 186,   0, 0
    12182,      111.954, 0.244,  1.099, 186,   0, 0
    12183,      111.961, 0.212, -1.071, 186,   0, 0
    12184,      111.968, 0.237,  0.591, 186,   0, 0
    12185,      111.974, 0.229,  0.032, 186,   0, 0
    12186,      111.980, 0.212, -1.087, 186,   0, 0
    12187,      111.986, 0.237,  0.586, 186,   0, 0
    12188,      111.992, 0.224, -0.303, 186,   0, 0
    12189,      111.998, 0.230,  0.113, 186,   0, 0
    12190,      112.006, 0.221, -0.507, 186,   0, 0
    12191,      112.038, 0.222, -0.411, 186,   0, 0
    12192,      112.046, 0.197, -2.123, 187,   1, 0
    12193,      112.059, 0.225, -0.210, 187,   0, 0
    12194,      112.066, 0.242,  0.966, 187,   0, 0
    12195,      112.073, 0.258,  2.000, 187,   0, 0
    12196,      112.080, 0.228, -0.091, 187,   0, 0
    12197,      112.086, 0.213, -1.169, 187,   0, 0
    12198,      112.091, 0.244,  1.053, 187,   0, 0
    12199,      112.098, 0.220, -0.655, 187,   0, 0
    12200,      112.106, 0.239,  0.657, 187,   0, 0
    12201,      112.139, 0.208, -1.603, 187,   0, 0
    12202,      112.145, 0.230,  0.022, 187,   0, 0
    12203,      112.151, 0.212, -1.313, 187,   0, 0
    12204,      112.157, 0.242,  0.897, 187,   0, 0
    12205,      112.164, 0.235,  0.342, 187,   0, 0
    12206,      112.171, 0.235,  0.357, 187,   0, 0
    12207,      112.179, 0.223, -0.572, 187,   0, 0
    12208,      112.187, 0.202, -2.099, 188,   1, 0
    12209,      112.201, 0.208, -1.644, 188,   0, 0
    12210,      112.207, 0.211, -1.409, 188,   0, 0
    12211,      112.235, 0.203, -1.998, 188,   0, 0
    12212,      112.244, 0.212, -1.297, 188,   0, 0
    12213,      112.250, 0.228, -0.186, 188,   0, 0
    12214,      112.256, 0.228, -0.186, 188,   0, 0
    12215,      112.264, 0.234,  0.275, 188,   0, 0
    12216,      112.269, 0.258,  2.030, 188,   0, 0
    12217,      112.275, 0.297,  4.689, 188,   0, 0
    12218,      112.281, 0.336,  6.870, 188,   0, 0
    12219,      112.288, 0.379,  8.177, 188,   0, 0
    12220,      112.296, 0.339,  4.731, 188,   0, 0
    12221,      112.328, 0.380,  6.029, 188,   0, 0
    12222,      112.336, 0.371,  4.923, 188,   0, 0
    12223,      112.344, 0.345,  3.587, 188,   0, 0
    12224,      112.350, 0.355,  3.708, 188,   0, 0
    12225,      112.357, 0.356,  3.507, 188,   0, 0
    12226,      112.365, 0.378,  3.941, 188,   0, 0
    12227,      112.372, 0.353,  2.996, 188,   0, 0
    12228,      112.379, 0.353,  2.867, 188,   0, 0
    12229,      112.385, 0.353,  2.751, 188,   0, 0
    12230,      112.393, 0.352,  2.623, 188,   0, 0
    12231,      112.423, 0.353,  2.550, 188,   0, 0
    12232,      112.433, 0.320,  1.703, 188,   0, 0
    12233,      112.442, 0.313,  1.506, 188,   0, 0
    12234,      112.449, 0.313,  1.481, 188,   0, 0
    12235,      112.455, 0.341,  2.081, 188,   0, 0
    12236,      112.461, 0.354,  2.311, 188,   0, 0
    12237,      112.467, 0.354,  2.241, 188,   0, 0
    12238,      112.473, 0.366,  2.438, 188,   0, 0
    12239,      112.481, 0.355,  2.141, 188,   0, 0
    12240,      112.487, 0.340,  1.764, 188,   0, 0
    12241,      112.516, 0.339,  1.713, 188,   0, 0
    12242,      112.522, 0.350,  1.897, 188,   0, 0
    12243,      112.529, 0.365,  2.140, 188,   0, 0
    12244,      112.535, 0.363,  2.059, 188,   0, 0
    12245,      112.545, 0.347,  1.691, 188,   0, 0
    12246,      112.554, 0.348,  1.672, 188,   0, 0
    12247,      112.561, 0.361,  1.888, 188,   0, 0
    12248,      112.568, 0.303,  0.759, 188,   0, 0
    12249,      112.575, 0.315,  0.973, 188,   0, 0
    12250,      112.582, 0.308,  0.820, 188,   0, 0
    12251,      112.611, 0.317,  0.991, 188,   0, 0
    12252,      112.617, 0.308,  0.811, 188,   0, 0
    12253,      112.623, 0.303,  0.694, 188,   0, 0
    12254,      112.629, 0.285,  0.365, 188,   0, 0
    12255,      112.636, 0.304,  0.704, 188,   0, 0
    12256,      112.643, 0.332,  1.206, 188,   0, 0
    12257,      112.652, 0.348,  1.480, 188,   0, 0
    12258,      112.663, 0.309,  0.739, 188,   0, 0
    12259,      112.671, 0.304,  0.643, 188,   0, 0
    12260,      112.680, 0.323,  0.975, 188,   0, 0
    12261,      112.711, 0.307,  0.672, 188,   0, 0
    12262,      112.717, 0.338,  1.210, 188,   0, 0
    12263,      112.724, 0.322,  0.903, 188,   0, 0
    12264,      112.731, 0.293,  0.373, 188,   0, 0
    12265,      112.737, 0.293,  0.363, 188,   0, 0
    12266,      112.744, 0.277,  0.071, 188,   0, 0
    12267,      112.750, 0.307,  0.606, 188,   0, 0
    12268,      112.758, 0.306,  0.581, 188,   0, 0
    12269,      112.765, 0.294,  0.336, 188,   0, 0
    12270,      112.775, 0.334,  1.073, 188,   0, 0
    12271,      112.807, 0.317,  0.744, 188,   0, 0
    12272,      112.813, 0.292,  0.257, 188,   0, 0
    12273,      112.819, 0.304,  0.475, 188,   0, 0
    12274,      112.826, 0.303,  0.441, 188,   0, 0
    12275,      112.832, 0.301,  0.404, 188,   0, 0
    12276,      112.837, 0.275, -0.087, 188,   0, 0
    12277,      112.845, 0.289,  0.167, 188,   0, 0
    12278,      112.851, 0.307,  0.486, 188,   0, 0
    12279,      112.859, 0.260, -0.395, 188,   0, 0
    12280,      112.868, 0.275, -0.108, 188,   0, 0
    12281,      112.899, 0.259, -0.419, 188,   0, 0
    12282,      112.906, 0.275, -0.112, 188,   0, 0
    12283,      112.914, 0.275, -0.118, 188,   0, 0
    12284,      112.921, 0.244, -0.709, 188,   0, 0
    12285,      112.928, 0.275, -0.131, 188,   0, 0
    12286,      112.935, 0.275, -0.134, 188,   0, 0
    12287,      112.944, 0.259, -0.449, 188,   0, 0
    12288,      112.952, 0.261, -0.425, 188,   0, 0
    12289,      112.958, 0.261, -0.428, 188,   0, 0
    12290,      112.966, 0.272, -0.226, 188,   0, 0
    12291,      112.995, 0.235, -0.949, 188,   0, 0
    12292,      113.003, 0.257, -0.523, 188,   0, 0
    12293,      113.011, 0.259, -0.492, 188,   0, 0
    12294,      113.021, 0.259, -0.499, 188,   0, 0
    12295,      113.031, 0.257, -0.540, 188,   0, 0
    12296,      113.038, 0.257, -0.541, 188,   0, 0
    12297,      113.045, 0.258, -0.524, 188,   0, 0
    12298,      113.052, 0.250, -0.687, 188,   0, 0
    12299,      113.059, 0.257, -0.546, 188,   0, 0
    12300,      113.065, 0.264, -0.406, 188,   0, 0
    12301,      113.099, 0.250, -0.698, 188,   0, 0
    12302,      113.104, 0.250, -0.704, 188,   0, 0
    12303,      113.111, 0.264, -0.416, 188,   0, 0
    12304,      113.116, 0.260, -0.516, 188,   0, 0
    12305,      113.122, 0.257, -0.579, 188,   0, 0
    12306,      113.130, 0.229, -1.153, 188,   0, 0
    12307,      113.138, 0.236, -1.017, 188,   0, 0
    12308,      113.145, 0.236, -1.016, 188,   0, 0
    12309,      113.151, 0.244, -0.854, 188,   0, 0
    12310,      113.159, 0.246, -0.821, 188,   0, 0
    12311,      113.189, 0.276, -0.219, 188,   0, 0
    12312,      113.196, 0.244, -0.877, 188,   0, 0
    12313,      113.205, 0.246, -0.851, 188,   0, 0
    12314,      113.212, 0.276, -0.250, 188,   0, 0
    12315,      113.218, 0.261, -0.554, 188,   0, 0
    12316,      113.223, 0.244, -0.917, 188,   0, 0
    12317,      113.229, 0.260, -0.586, 188,   0, 0
    12318,      113.235, 0.247, -0.882, 188,   0, 0
    12319,      113.241, 0.236, -1.115, 188,   0, 0
    12320,      113.251, 0.260, -0.605, 188,   0, 0
    12321,      113.284, 0.244, -0.954, 188,   0, 0
    12322,      113.290, 0.251, -0.809, 188,   0, 0
    12323,      113.296, 0.260, -0.641, 188,   0, 0
    12324,      113.303, 0.274, -0.337, 188,   0, 0
    12325,      113.310, 0.236, -1.181, 188,   0, 0
    12326,      113.317, 0.230, -1.311, 188,   0, 0
    12327,      113.323, 0.235, -1.200, 188,   0, 0
    12328,      113.331, 0.244, -1.007, 188,   0, 0
    12329,      113.337, 0.244, -1.026, 188,   0, 0
    12330,      113.343, 0.259, -0.715, 188,   0, 0
    12331,      113.382, 0.288, -0.071, 188,   0, 0
    12332,      113.389, 0.290, -0.053, 188,   0, 0
    12333,      113.397, 0.321,  0.666, 188,   0, 0
    12334,      113.403, 0.318,  0.585, 188,   0, 0
    12335,      113.410, 0.323,  0.681, 188,   0, 0
    12336,      113.418, 0.308,  0.319, 188,   0, 0
    12337,      113.425, 0.304,  0.215, 188,   0, 0
    12338,      113.432, 0.306,  0.248, 188,   0, 0
    12339,      113.439, 0.320,  0.591, 188,   0, 0
    12340,      113.447, 0.318,  0.577, 188,   0, 0
    12341,      113.481, 0.318,  0.583, 188,   0, 0
    12342,      113.490, 0.318,  0.606, 188,   0, 0
    12343,      113.498, 0.294,  0.021, 188,   0, 0
    12344,      113.507, 0.298,  0.123, 188,   0, 0
    12345,      113.514, 0.285, -0.182, 188,   0, 0
    12346,      113.522, 0.299,  0.171, 188,   0, 0
    12347,      113.530, 0.334,  1.135, 188,   0, 0
    12348,      113.537, 0.294,  0.065, 188,   0, 0
    12349,      113.544, 0.310,  0.513, 188,   0, 0
    12350,      113.551, 0.321,  0.841, 188,   0, 0
    12351,      113.585, 0.326,  0.982, 188,   0, 0
    12352,      113.592, 0.337,  1.300, 188,   0, 0
    12353,      113.599, 0.323,  0.897, 188,   0, 0
    12354,      113.606, 0.321,  0.853, 188,   0, 0
    12355,      113.614, 0.336,  1.255, 188,   0, 0
    12356,      113.622, 0.321,  0.855, 188,   0, 0
    12357,      113.628, 0.313,  0.645, 188,   0, 0
    12358,      113.634, 0.326,  1.020, 188,   0, 0
    12359,      113.641, 0.328,  1.119, 188,   0, 0
    12360,      113.647, 0.337,  1.375, 188,   0, 0
    12361,      113.678, 0.314,  0.736, 188,   0, 0
    12362,      113.685, 0.343,  1.587, 188,   0, 0
    12363,      113.694, 0.327,  1.114, 188,   0, 0
    12364,      113.702, 0.327,  1.140, 188,   0, 0
    12365,      113.710, 0.341,  1.583, 188,   0, 0
    12366,      113.716, 0.327,  1.172, 188,   0, 0
    12367,      113.723, 0.323,  1.056, 188,   0, 0
    12368,      113.735, 0.339,  1.574, 188,   0, 0
    12369,      113.745, 0.320,  0.987, 188,   0, 0
    12370,      113.755, 0.322,  1.035, 188,   0, 0
    12371,      113.791, 0.312,  0.717, 188,   0, 0
    12372,      113.799, 0.321,  1.014, 188,   0, 0
    12373,      113.806, 0.304,  0.493, 188,   0, 0
    12374,      113.813, 0.315,  0.825, 188,   0, 0
    12375,      113.820, 0.330,  1.272, 188,   0, 0
    12376,      113.828, 0.354,  1.981, 188,   0, 0
    12377,      113.834, 0.354,  1.957, 188,   0, 0
    12378,      113.844, 0.352,  1.874, 188,   0, 0
    12379,      113.852, 0.365,  2.222, 188,   0, 0
    12380,      113.858, 0.309,  0.553, 188,   0, 0
    12381,      113.889, 0.363,  2.111, 188,   0, 0
    12382,      113.895, 0.315,  0.704, 188,   0, 0
    12383,      113.902, 0.299,  0.275, 188,   0, 0
    12384,      113.909, 0.287, -0.076, 188,   0, 0
    12385,      113.915, 0.285, -0.114, 188,   0, 0
    12386,      113.921, 0.295,  0.150, 188,   0, 0
    12387,      113.928, 0.298,  0.234, 188,   0, 0
    12388,      113.934, 0.337,  1.349, 188,   0, 0
    12389,      113.940, 0.337,  1.353, 188,   0, 0
    12390,      113.946, 0.363,  2.074, 188,   0, 0
    12391,      113.997, 0.347,  1.577, 188,   0, 0
    12392,      114.005, 0.335,  1.245, 188,   0, 0
    12393,      114.013, 0.355,  1.776, 188,   0, 0
    12394,      114.022, 0.297,  0.156, 188,   0, 0
    12395,      114.030, 0.296,  0.132, 188,   0, 0
    12396,      114.039, 0.296,  0.133, 188,   0, 0
    12397,      114.047, 0.297,  0.146, 188,   0, 0
    12398,      114.056, 0.305,  0.365, 188,   0, 0
    12399,      114.065, 0.325,  0.913, 188,   0, 0
    12400,      114.074, 0.354,  1.685, 188,   0, 0
    12401,      114.109, 0.354,  1.649, 188,   0, 0
    12402,      114.121, 0.350,  1.518, 188,   0, 0
    12403,      114.133, 0.295,  0.023, 188,   0, 0
    12404,      114.141, 0.305,  0.278, 188,   0, 0
    12405,      114.148, 0.339,  1.194, 188,   0, 0
    12406,      114.154, 0.296,  0.018, 188,   0, 0
    12407,      114.161, 0.296,  0.013, 188,   0, 0
    12408,      114.168, 0.304,  0.225, 188,   0, 0
    12409,      114.175, 0.354,  1.550, 188,   0, 0
    12410,      114.182, 0.310,  0.352, 188,   0, 0
    12411,      114.211, 0.325,  0.741, 188,   0, 0
    12412,      114.218, 0.324,  0.707, 188,   0, 0
    12413,      114.225, 0.354,  1.498, 188,   0, 0
    12414,      114.231, 0.354,  1.471, 188,   0, 0
    12415,      114.237, 0.326,  0.691, 188,   0, 0
    12416,      114.243, 0.322,  0.564, 188,   0, 0
    12417,      114.252, 0.366,  1.755, 188,   0, 0
    12418,      114.260, 0.335,  0.895, 188,   0, 0
    12419,      114.267, 0.337,  0.920, 188,   0, 0
    12420,      114.273, 0.316,  0.330, 188,   0, 0
    12421,      114.303, 0.349,  1.235, 188,   0, 0
    12422,      114.311, 0.355,  1.374, 188,   0, 0
    12423,      114.320, 0.365,  1.619, 188,   0, 0
    12424,      114.328, 0.364,  1.553, 188,   0, 0
    12425,      114.334, 0.297, -0.296, 188,   0, 0
    12426,      114.340, 0.354,  1.255, 188,   0, 0
    12427,      114.347, 0.335,  0.740, 188,   0, 0
    12428,      114.353, 0.353,  1.217, 188,   0, 0
    12429,      114.360, 0.339,  0.799, 188,   0, 0
    12430,      114.369, 0.335,  0.696, 188,   0, 0
    12431,      114.401, 0.351,  1.146, 188,   0, 0
    12432,      114.409, 0.319,  0.183, 188,   0, 0
    12433,      114.416, 0.312, -0.053, 188,   0, 0
    12434,      114.423, 0.328,  0.439, 188,   0, 0
    12435,      114.429, 0.325,  0.316, 188,   0, 0
    12436,      114.436, 0.294, -0.651, 188,   0, 0
    12437,      114.443, 0.295, -0.648, 188,   0, 0
    12438,      114.450, 0.287, -0.910, 188,   0, 0
    12439,      114.458, 0.295, -0.686, 188,   0, 0
    12440,      114.466, 0.325,  0.276, 188,   0, 0
    12441,      114.497, 0.330,  0.431, 188,   0, 0
    12442,      114.506, 0.337,  0.650, 188,   0, 0
    12443,      114.512, 0.308, -0.371, 188,   0, 0
    12444,      114.518, 0.307, -0.411, 188,   0, 0
    12445,      114.525, 0.297, -0.814, 188,   0, 0
    12446,      114.531, 0.299, -0.767, 188,   0, 0
    12447,      114.537, 0.287, -1.304, 188,   0, 0
    12448,      114.544, 0.295, -1.062, 188,   0, 0
    12449,      114.550, 0.295, -1.121, 188,   0, 0
    12450,      114.556, 0.295, -1.187, 188,   0, 0
    12451,      114.590, 0.306, -0.730, 188,   0, 0
    12452,      114.597, 0.272, -2.305, 189,   1, 0
    12453,      114.614, 0.296, -1.164, 189,   0, 0
    12454,      114.623, 0.295, -1.210, 189,   0, 0
    12455,      114.629, 0.294, -1.223, 189,   0, 0
    12456,      114.636, 0.295, -1.176, 189,   0, 0
    12457,      114.642, 0.295, -1.166, 189,   0, 0
    12458,      114.648, 0.295, -1.159, 189,   0, 0
    12459,      114.654, 0.295, -1.150, 189,   0, 0
    12460,      114.660, 0.295, -1.135, 189,   0, 0
    12461,      114.698, 0.295, -1.120, 189,   0, 0
    12462,      114.707, 0.285, -1.502, 189,   0, 0
    12463,      114.716, 0.295, -1.084, 189,   0, 0
    12464,      114.724, 0.303, -0.735, 189,   0, 0
    12465,      114.734, 0.287, -1.421, 189,   0, 0
    12466,      114.740, 0.304, -0.677, 189,   0, 0
    12467,      114.748, 0.296, -1.033, 189,   0, 0
    12468,      114.754, 0.295, -1.076, 189,   0, 0
    12469,      114.763, 0.285, -1.497, 189,   0, 0
    12470,      114.770, 0.286, -1.417, 189,   0, 0
    12471,      114.804, 0.285, -1.456, 189,   0, 0
    12472,      114.813, 0.293, -1.089, 189,   0, 0
    12473,      114.820, 0.294, -1.035, 189,   0, 0
    12474,      114.829, 0.300, -0.752, 189,   0, 0
    12475,      114.836, 0.341,  0.952, 189,   0, 0
    12476,      114.845, 0.323,  0.202, 189,   0, 0
    12477,      114.853, 0.308, -0.407, 189,   0, 0
    12478,      114.860, 0.334,  0.658, 189,   0, 0
    12479,      114.868, 0.295, -0.973, 189,   0, 0
    12480,      114.875, 0.294, -0.996, 189,   0, 0
    12481,      114.906, 0.304, -0.548, 189,   0, 0
    12482,      114.915, 0.303, -0.603, 189,   0, 0
    12483,      114.922, 0.284, -1.362, 189,   0, 0
    12484,      114.931, 0.326,  0.391, 189,   0, 0
    12485,      114.940, 0.308, -0.348, 189,   0, 0
    12486,      114.946, 0.304, -0.500, 189,   0, 0
    12487,      114.955, 0.309, -0.309, 189,   0, 0
    12488,      114.964, 0.298, -0.747, 189,   0, 0
    12489,      114.973, 0.309, -0.290, 189,   0, 0
    12490,      114.980, 0.307, -0.350, 189,   0, 0
    12491,      115.013, 0.307, -0.345, 189,   0, 0
    12492,      115.021, 0.297, -0.755, 189,   0, 0
    12493,      115.027, 0.323,  0.322, 189,   0, 0
    12494,      115.034, 0.295, -0.840, 189,   0, 0
    12495,      115.041, 0.293, -0.921, 189,   0, 0
    12496,      115.047, 0.294, -0.872, 189,   0, 0
    12497,      115.054, 0.302, -0.522, 189,   0, 0
    12498,      115.062, 0.294, -0.824, 189,   0, 0
    12499,      115.069, 0.303, -0.456, 189,   0, 0
    12500,      115.081, 0.294, -0.817, 189,   0, 0
    12501,      115.113, 0.293, -0.848, 189,   0, 0
    12502,      115.120, 0.293, -0.837, 189,   0, 0
    12503,      115.127, 0.293, -0.827, 189,   0, 0
    12504,      115.134, 0.294, -0.770, 189,   0, 0
    12505,      115.141, 0.296, -0.713, 189,   0, 0
    12506,      115.148, 0.295, -0.749, 189,   0, 0
    12507,      115.155, 0.298, -0.623, 189,   0, 0
    12508,      115.162, 0.295, -0.749, 189,   0, 0
    12509,      115.169, 0.303, -0.401, 189,   0, 0
    12510,      115.176, 0.303, -0.390, 189,   0, 0
    12511,      115.212, 0.303, -0.376, 189,   0, 0
    12512,      115.223, 0.294, -0.771, 189,   0, 0
    12513,      115.231, 0.294, -0.746, 189,   0, 0
    12514,      115.238, 0.302, -0.365, 189,   0, 0
    12515,      115.246, 0.303, -0.333, 189,   0, 0
    12516,      115.252, 0.302, -0.370, 189,   0, 0
    12517,      115.259, 0.294, -0.743, 189,   0, 0
    12518,      115.265, 0.303, -0.337, 189,   0, 0
    12519,      115.272, 0.290, -0.942, 189,   0, 0
    12520,      115.279, 0.279, -1.418, 189,   0, 0
    12521,      115.310, 0.303, -0.296, 189,   0, 0
    12522,      115.317, 0.302, -0.317, 189,   0, 0
    12523,      115.325, 0.294, -0.688, 189,   0, 0
    12524,      115.336, 0.293, -0.741, 189,   0, 0
    12525,      115.343, 0.302, -0.297, 189,   0, 0
    12526,      115.349, 0.303, -0.248, 189,   0, 0
    12527,      115.356, 0.303, -0.251, 189,   0, 0
    12528,      115.363, 0.285, -1.092, 189,   0, 0
    12529,      115.369, 0.285, -1.109, 189,   0, 0
    12530,      115.379, 0.285, -1.099, 189,   0, 0
    12531,      115.413, 0.285, -1.053, 189,   0, 0
    12532,      115.420, 0.294, -0.621, 189,   0, 0
    12533,      115.427, 0.296, -0.522, 189,   0, 0
    12534,      115.434, 0.305, -0.045, 189,   0, 0
    12535,      115.442, 0.296, -0.481, 189,   0, 0
    12536,      115.451, 0.302, -0.171, 189,   0, 0
    12537,      115.460, 0.290, -0.800, 189,   0, 0
    12538,      115.468, 0.291, -0.707, 189,   0, 0
    12539,      115.476, 0.293, -0.594, 189,   0, 0
    12540,      115.484, 0.295, -0.478, 189,   0, 0
    12541,      115.516, 0.294, -0.511, 189,   0, 0
    12542,      115.523, 0.306,  0.150, 189,   0, 0
    12543,      115.530, 0.306,  0.180, 189,   0, 0
    12544,      115.537, 0.306,  0.262, 189,   0, 0
    12545,      115.545, 0.298, -0.269, 189,   0, 0
    12546,      115.552, 0.321,  1.278, 189,   0, 0
    12547,      115.560, 0.306,  0.297, 189,   0, 0
    12548,      115.568, 0.320,  1.297, 189,   0, 0
    12549,      115.576, 0.306,  0.358, 189,   0, 0
    12550,      115.582, 0.303,  0.154, 189,   0, 0
    12551,      115.624, 0.288, -0.979, 189,   0, 0
    12552,      115.631, 0.308,  0.706, 189,   0, 0
    12553,      115.638, 0.343,  3.660, 189,   0, 0
    12554,      115.644, 0.297, -0.292, 189,   0, 0
    12555,      115.650, 0.297, -0.276, 189,   0, 0
    12556,      115.656, 0.285, -1.195, 189,   0, 0
    12557,      115.663, 0.327,  2.327, 189,   0, 0
    12558,      115.669, 0.312,  0.970, 189,   0, 0
    12559,      115.677, 0.367,  5.534, 189,   0, 0
    12560,      115.688, 0.298, -0.215, 189,   0, 0
    12561,      115.722, 0.307,  0.516, 189,   0, 0
    12562,      115.728, 0.352,  3.952, 189,   0, 0
    12563,      115.735, 0.367,  4.936, 189,   0, 0
    12564,      115.742, 0.367,  4.487, 189,   0, 0
    12565,      115.749, 0.365,  3.964, 189,   0, 0
    12566,      115.755, 0.364,  3.627, 189,   0, 0
    12567,      115.761, 0.362,  3.347, 189,   0, 0
    12568,      115.767, 0.313,  0.543, 189,   0, 0
    12569,      115.774, 0.341,  2.018, 189,   0, 0
    12570,      115.781, 0.341,  1.967, 189,   0, 0
    12571,      115.814, 0.349,  2.318, 189,   0, 0
    12572,      115.823, 0.334,  1.489, 189,   0, 0
    12573,      115.831, 0.349,  2.245, 189,   0, 0
    12574,      115.838, 0.320,  0.716, 189,   0, 0
    12575,      115.845, 0.304, -0.066, 189,   0, 0
    12576,      115.851, 0.307,  0.084, 189,   0, 0
    12577,      115.858, 0.350,  2.200, 189,   0, 0
    12578,      115.865, 0.366,  2.938, 189,   0, 0
    12579,      115.871, 0.365,  2.771, 189,   0, 0
    12580,      115.878, 0.302, -0.247, 189,   0, 0
    12581,      115.908, 0.325,  0.823, 189,   0, 0
    12582,      115.914, 0.298, -0.460, 189,   0, 0
    12583,      115.920, 0.299, -0.403, 189,   0, 0
    12584,      115.928, 0.296, -0.548, 189,   0, 0
    12585,      115.936, 0.298, -0.473, 189,   0, 0
    12586,      115.944, 0.343,  1.653, 189,   0, 0
    12587,      115.950, 0.343,  1.620, 189,   0, 0
    12588,      115.956, 0.298, -0.494, 189,   0, 0
    12589,      115.962, 0.350,  1.892, 189,   0, 0
    12590,      115.968, 0.303, -0.259, 189,   0, 0
    12591,      116.001, 0.306, -0.156, 189,   0, 0
    12592,      116.009, 0.366,  2.571, 189,   0, 0
    12593,      116.017, 0.353,  1.907, 189,   0, 0
    12594,      116.025, 0.363,  2.282, 189,   0, 0
    12595,      116.032, 0.304, -0.296, 189,   0, 0
    12596,      116.041, 0.338,  1.178, 189,   0, 0
    12597,      116.050, 0.354,  1.853, 189,   0, 0
    12598,      116.059, 0.306, -0.207, 189,   0, 0
    12599,      116.067, 0.280, -1.321, 189,   0, 0
    12600,      116.074, 0.309, -0.092, 189,   0, 0
    12601,      116.106, 0.297, -0.618, 189,   0, 0
    12602,      116.113, 0.296, -0.648, 189,   0, 0
    12603,      116.120, 0.309, -0.092, 189,   0, 0
    12604,      116.126, 0.309, -0.102, 189,   0, 0
    12605,      116.132, 0.307, -0.158, 189,   0, 0
    12606,      116.137, 0.337,  1.108, 189,   0, 0
    12607,      116.144, 0.337,  1.091, 189,   0, 0
    12608,      116.150, 0.337,  1.076, 189,   0, 0
    12609,      116.156, 0.293, -0.800, 189,   0, 0
    12610,      116.165, 0.294, -0.761, 189,   0, 0
    12611,      116.195, 0.288, -0.987, 189,   0, 0
    12612,      116.201, 0.303, -0.362, 189,   0, 0
    12613,      116.208, 0.264, -1.977, 189,   0, 0
    12614,      116.213, 0.285, -1.051, 189,   0, 0
    12615,      116.219, 0.295, -0.669, 189,   0, 0
    12616,      116.226, 0.303, -0.335, 189,   0, 0
    12617,      116.233, 0.324,  0.541, 189,   0, 0
    12618,      116.239, 0.306, -0.223, 189,   0, 0
    12619,      116.246, 0.338,  1.110, 189,   0, 0
    12620,      116.252, 0.350,  1.574, 189,   0, 0
    12621,      116.283, 0.362,  2.055, 189,   0, 0
    12622,      116.289, 0.335,  0.908, 189,   0, 0
    12623,      116.297, 0.321,  0.334, 189,   0, 0
    12624,      116.304, 0.323,  0.403, 189,   0, 0
    12625,      116.311, 0.335,  0.877, 189,   0, 0
    12626,      116.317, 0.353,  1.565, 189,   0, 0
    12627,      116.323, 0.337,  0.905, 189,   0, 0
    12628,      116.330, 0.336,  0.847, 189,   0, 0
    12629,      116.338, 0.337,  0.876, 189,   0, 0
    12630,      116.345, 0.354,  1.541, 189,   0, 0
    12631,      116.375, 0.338,  0.898, 189,   0, 0
    12632,      116.382, 0.351,  1.388, 189,   0, 0
    12633,      116.388, 0.333,  0.646, 189,   0, 0
    12634,      116.396, 0.337,  0.799, 189,   0, 0
    12635,      116.403, 0.351,  1.346, 189,   0, 0
    12636,      116.414, 0.366,  1.902, 189,   0, 0
    12637,      116.419, 0.366,  1.856, 189,   0, 0
    12638,      116.425, 0.364,  1.719, 189,   0, 0
    12639,      116.431, 0.364,  1.682, 189,   0, 0
    12640,      116.437, 0.364,  1.648, 189,   0, 0
    12641,      116.469, 0.365,  1.665, 189,   0, 0
    12642,      116.475, 0.365,  1.630, 189,   0, 0
    12643,      116.481, 0.363,  1.509, 189,   0, 0
    12644,      116.489, 0.351,  1.065, 189,   0, 0
    12645,      116.496, 0.364,  1.510, 189,   0, 0
    12646,      116.503, 0.320, -0.104, 189,   0, 0
    12647,      116.510, 0.349,  0.932, 189,   0, 0
    12648,      116.518, 0.350,  0.964, 189,   0, 0
    12649,      116.527, 0.364,  1.443, 189,   0, 0
    12650,      116.535, 0.364,  1.422, 189,   0, 0
    12651,      116.572, 0.364,  1.399, 189,   0, 0
    12652,      116.580, 0.366,  1.468, 189,   0, 0
    12653,      116.586, 0.302, -0.901, 189,   0, 0
    12654,      116.593, 0.332,  0.211, 189,   0, 0
    12655,      116.599, 0.349,  0.817, 189,   0, 0
    12656,      116.606, 0.335,  0.276, 189,   0, 0
    12657,      116.612, 0.348,  0.751, 189,   0, 0
    12658,      116.619, 0.333,  0.197, 189,   0, 0
    12659,      116.628, 0.350,  0.820, 189,   0, 0
    12660,      116.636, 0.349,  0.750, 189,   0, 0
    12661,      116.673, 0.347,  0.653, 189,   0, 0
    12662,      116.682, 0.348,  0.686, 189,   0, 0
    12663,      116.689, 0.341,  0.400, 189,   0, 0
    12664,      116.696, 0.339,  0.344, 189,   0, 0
    12665,      116.702, 0.350,  0.718, 189,   0, 0
    12666,      116.710, 0.351,  0.751, 189,   0, 0
    12667,      116.718, 0.341,  0.365, 189,   0, 0
    12668,      116.725, 0.331, -0.031, 189,   0, 0
    12669,      116.734, 0.356,  0.940, 189,   0, 0
    12670,      116.743, 0.338,  0.227, 189,   0, 0
    12671,      116.773, 0.324, -0.323, 189,   0, 0
    12672,      116.782, 0.366,  1.301, 189,   0, 0
    12673,      116.791, 0.337,  0.141, 189,   0, 0
    12674,      116.797, 0.323, -0.414, 189,   0, 0
    12675,      116.803, 0.323, -0.426, 189,   0, 0
    12676,      116.810, 0.335,  0.060, 189,   0, 0
    12677,      116.816, 0.332, -0.066, 189,   0, 0
    12678,      116.823, 0.320, -0.565, 189,   0, 0
    12679,      116.830, 0.327, -0.274, 189,   0, 0
    12680,      116.838, 0.311, -0.916, 189,   0, 0
    12681,      116.871, 0.313, -0.840, 189,   0, 0
    12682,      116.880, 0.340,  0.240, 189,   0, 0
    12683,      116.888, 0.337,  0.142, 189,   0, 0
    12684,      116.897, 0.341,  0.310, 189,   0, 0
    12685,      116.906, 0.315, -0.763, 189,   0, 0
    12686,      116.914, 0.340,  0.298, 189,   0, 0
    12687,      116.922, 0.337,  0.190, 189,   0, 0
    12688,      116.929, 0.331, -0.087, 189,   0, 0
    12689,      116.935, 0.308, -1.042, 189,   0, 0
    12690,      116.943, 0.354,  0.905, 189,   0, 0
    12691,      116.974, 0.296, -1.558, 189,   0, 0
    12692,      116.982, 0.296, -1.527, 189,   0, 0
    12693,      116.989, 0.297, -1.468, 189,   0, 0
    12694,      116.996, 0.296, -1.472, 189,   0, 0
    12695,      117.002, 0.296, -1.452, 189,   0, 0
    12696,      117.008, 0.307, -0.977, 189,   0, 0
    12697,      117.016, 0.306, -1.008, 189,   0, 0
    12698,      117.024, 0.295, -1.454, 189,   0, 0
    12699,      117.030, 0.298, -1.312, 189,   0, 0
    12700,      117.035, 0.298, -1.291, 189,   0, 0
    12701,      117.063, 0.304, -1.030, 189,   0, 0
    12702,      117.070, 0.304, -1.019, 189,   0, 0
    12703,      117.076, 0.304, -1.024, 189,   0, 0
    12704,      117.082, 0.307, -0.909, 189,   0, 0
    12705,      117.089, 0.307, -0.917, 189,   0, 0
    12706,      117.096, 0.327, -0.117, 189,   0, 0
    12707,      117.103, 0.338,  0.352, 189,   0, 0
    12708,      117.111, 0.335,  0.243, 189,   0, 0
    12709,      117.118, 0.312, -0.737, 189,   0, 0
    12710,      117.125, 0.327, -0.092, 189,   0, 0
    12711,      117.160, 0.335,  0.238, 189,   0, 0
    12712,      117.168, 0.335,  0.197, 189,   0, 0
    12713,      117.175, 0.313, -0.703, 189,   0, 0
    12714,      117.182, 0.294, -1.497, 189,   0, 0
    12715,      117.188, 0.296, -1.386, 189,   0, 0
    12716,      117.194, 0.304, -1.061, 189,   0, 0
    12717,      117.200, 0.351,  0.955, 189,   0, 0
    12718,      117.207, 0.352,  0.971, 189,   0, 0
    12719,      117.214, 0.335,  0.278, 189,   0, 0
    12720,      117.220, 0.334,  0.208, 189,   0, 0
    12721,      117.248, 0.333,  0.168, 189,   0, 0
    12722,      117.254, 0.299, -1.327, 189,   0, 0
    12723,      117.260, 0.320, -0.438, 189,   0, 0
    12724,      117.268, 0.298, -1.397, 189,   0, 0
    12725,      117.277, 0.306, -1.035, 189,   0, 0
    12726,      117.282, 0.306, -1.034, 189,   0, 0
    12727,      117.288, 0.304, -1.118, 189,   0, 0
    12728,      117.294, 0.302, -1.167, 189,   0, 0
    12729,      117.300, 0.304, -1.051, 189,   0, 0
    12730,      117.307, 0.309, -0.870, 189,   0, 0
    12731,      117.336, 0.297, -1.408, 189,   0, 0
    12732,      117.343, 0.306, -1.014, 189,   0, 0
    12733,      117.350, 0.335,  0.266, 189,   0, 0
    12734,      117.357, 0.313, -0.755, 189,   0, 0
    12735,      117.364, 0.305, -1.139, 189,   0, 0
    12736,      117.370, 0.298, -1.487, 189,   0, 0
    12737,      117.378, 0.306, -1.110, 189,   0, 0
    12738,      117.387, 0.328, -0.073, 189,   0, 0
    12739,      117.394, 0.323, -0.338, 189,   0, 0
    12740,      117.400, 0.304, -1.201, 189,   0, 0
    12741,      117.432, 0.335,  0.262, 189,   0, 0
    12742,      117.440, 0.300, -1.347, 189,   0, 0
    12743,      117.446, 0.294, -1.623, 189,   0, 0
    12744,      117.452, 0.293, -1.630, 189,   0, 0
    12745,      117.459, 0.277, -2.310, 190,   1, 0
    12746,      117.472, 0.267, -2.673, 190,   2, 0
    12747,      117.485, 0.277, -2.157, 190,   3, 0
    12748,      117.497, 0.290, -1.534, 190,   0, 0
    12749,      117.506, 0.305, -0.909, 190,   0, 0
    12750,      117.512, 0.323, -0.135, 190,   0, 0
    12751,      117.548, 0.338,  0.503, 190,   0, 0
    12752,      117.554, 0.293, -1.385, 190,   0, 0
    12753,      117.560, 0.309, -0.700, 190,   0, 0
    12754,      117.566, 0.293, -1.350, 190,   0, 0
    12755,      117.572, 0.289, -1.482, 190,   0, 0
    12756,      117.579, 0.321, -0.137, 190,   0, 0
    12757,      117.584, 0.337,  0.515, 190,   0, 0
    12758,      117.591, 0.313, -0.456, 190,   0, 0
    12759,      117.597, 0.293, -1.298, 190,   0, 0
    12760,      117.605, 0.293, -1.283, 190,   0, 0
    12761,      117.641, 0.279, -1.883, 190,   0, 0
    12762,      117.650, 0.323,  0.057, 190,   0, 0
    12763,      117.657, 0.306, -0.675, 190,   0, 0
    12764,      117.663, 0.304, -0.727, 190,   0, 0
    12765,      117.670, 0.310, -0.450, 190,   0, 0
    12766,      117.677, 0.324,  0.189, 190,   0, 0
    12767,      117.684, 0.293, -1.221, 190,   0, 0
    12768,      117.692, 0.293, -1.201, 190,   0, 0
    12769,      117.698, 0.324,  0.231, 190,   0, 0
    12770,      117.705, 0.304, -0.662, 190,   0, 0
    12771,      117.733, 0.304, -0.650, 190,   0, 0
    12772,      117.740, 0.306, -0.568, 190,   0, 0
    12773,      117.746, 0.307, -0.486, 190,   0, 0
    12774,      117.755, 0.276, -2.034, 191,   1, 0
    12775,      117.768, 0.241, -3.621, 191,   2, 0
    12776,      117.779, 0.161, -7.125, 191,   3, 0
    12777,      117.790, 0.161, -5.934, 191,   4, 0
    12778,      117.804, 0.144, -5.789, 191,   5, 0
    12779,      117.816, 0.182, -3.937, 191,   6, 0
    12780,      117.829, 0.228, -2.374, 191,   7, 0
    12781,      117.865, 0.246, -1.783, 191,   0, 0
    12782,      117.873, 0.246, -1.745, 191,   0, 0
    12783,      117.881, 0.274, -0.912, 191,   0, 0
    12784,      117.889, 0.304, -0.065, 191,   0, 0
    12785,      117.897, 0.304, -0.057, 191,   0, 0
    12786,      117.904, 0.246, -1.692, 191,   0, 0
    12787,      117.912, 0.258, -1.326, 191,   0, 0
    12788,      117.918, 0.231, -2.038, 192,   1, 0
    12789,      117.931, 0.197, -2.924, 192,   2, 0
    12790,      117.944, 0.212, -2.421, 192,   3, 0
    12791,      117.981, 0.231, -1.836, 192,   0, 0
    12792,      117.989, 0.262, -1.012, 192,   0, 0
    12793,      117.995, 0.258, -1.088, 192,   0, 0
    12794,      118.001, 0.246, -1.391, 192,   0, 0
    12795,      118.008, 0.264, -0.902, 192,   0, 0
    12796,      118.014, 0.262, -0.938, 192,   0, 0
    12797,      118.020, 0.260, -0.967, 192,   0, 0
    12798,      118.027, 0.262, -0.904, 192,   0, 0
    12799,      118.034, 0.288, -0.207, 192,   0, 0
    12800,      118.042, 0.304,  0.224, 192,   0, 0
    12801,      118.103, 0.306,  0.263, 192,   0, 0
    12802,      118.113, 0.279, -0.444, 192,   0, 0
    12803,      118.121, 0.263, -0.842, 192,   0, 0
    12804,      118.130, 0.308,  0.343, 192,   0, 0
    12805,      118.138, 0.279, -0.403, 192,   0, 0
    12806,      118.147, 0.303,  0.235, 192,   0, 0
    12807,      118.157, 0.290, -0.105, 192,   0, 0
    12808,      118.165, 0.279, -0.381, 192,   0, 0
    12809,      118.174, 0.281, -0.322, 192,   0, 0
    12810,      118.182, 0.279, -0.364, 192,   0, 0
    12811,      118.219, 0.279, -0.352, 192,   0, 0
    12812,      118.227, 0.294,  0.051, 192,   0, 0
    12813,      118.234, 0.293,  0.031, 192,   0, 0
    12814,      118.241, 0.262, -0.819, 192,   0, 0
    12815,      118.248, 0.279, -0.348, 192,   0, 0
    12816,      118.256, 0.279, -0.336, 192,   0, 0
    12817,      118.263, 0.277, -0.379, 192,   0, 0
    12818,      118.270, 0.276, -0.414, 192,   0, 0
    12819,      118.277, 0.275, -0.417, 192,   0, 0
    12820,      118.285, 0.277, -0.363, 192,   0, 0
    12821,      118.320, 0.277, -0.365, 192,   0, 0
    12822,      118.327, 0.279, -0.310, 192,   0, 0
    12823,      118.335, 0.307,  0.470, 192,   0, 0
    12824,      118.343, 0.296,  0.154, 192,   0, 0
    12825,      118.352, 0.302,  0.331, 192,   0, 0
    12826,      118.360, 0.306,  0.437, 192,   0, 0
    12827,      118.367, 0.277, -0.332, 192,   0, 0
    12828,      118.374, 0.307,  0.497, 192,   0, 0
    12829,      118.381, 0.279, -0.281, 192,   0, 0
    12830,      118.390, 0.305,  0.457, 192,   0, 0
    12831,      118.421, 0.305,  0.464, 192,   0, 0
    12832,      118.428, 0.298,  0.268, 192,   0, 0
    12833,      118.436, 0.307,  0.545, 192,   0, 0
    12834,      118.444, 0.323,  0.998, 192,   0, 0
    12835,      118.453, 0.306,  0.497, 192,   0, 0
    12836,      118.462, 0.309,  0.578, 192,   0, 0
    12837,      118.470, 0.279, -0.266, 192,   0, 0
    12838,      118.479, 0.309,  0.601, 192,   0, 0
    12839,      118.487, 0.307,  0.574, 192,   0, 0
    12840,      118.496, 0.279, -0.240, 192,   0, 0
    12841,      118.528, 0.292,  0.159, 192,   0, 0
    12842,      118.535, 0.292,  0.181, 192,   0, 0
    12843,      118.542, 0.309,  0.674, 192,   0, 0
    12844,      118.548, 0.307,  0.624, 192,   0, 0
    12845,      118.555, 0.277, -0.271, 192,   0, 0
    12846,      118.565, 0.291,  0.158, 192,   0, 0
    12847,      118.574, 0.275, -0.314, 192,   0, 0
    12848,      118.583, 0.307,  0.643, 192,   0, 0
    12849,      118.591, 0.307,  0.641, 192,   0, 0
    12850,      118.600, 0.306,  0.595, 192,   0, 0
    12851,      118.632, 0.292,  0.181, 192,   0, 0
    12852,      118.640, 0.306,  0.606, 192,   0, 0
    12853,      118.647, 0.323,  1.109, 192,   0, 0
    12854,      118.656, 0.275, -0.305, 192,   0, 0
    12855,      118.666, 0.303,  0.525, 192,   0, 0
    12856,      118.675, 0.289,  0.119, 192,   0, 0
    12857,      118.683, 0.305,  0.583, 192,   0, 0
    12858,      118.691, 0.337,  1.547, 192,   0, 0
    12859,      118.698, 0.322,  1.093, 192,   0, 0
    12860,      118.704, 0.307,  0.656, 192,   0, 0
    12861,      118.734, 0.291,  0.166, 192,   0, 0
    12862,      118.741, 0.279, -0.180, 192,   0, 0
    12863,      118.748, 0.279, -0.175, 192,   0, 0
    12864,      118.755, 0.277, -0.208, 192,   0, 0
    12865,      118.761, 0.276, -0.258, 192,   0, 0
    12866,      118.767, 0.304,  0.600, 192,   0, 0
    12867,      118.773, 0.258, -0.786, 192,   0, 0
    12868,      118.779, 0.288,  0.121, 192,   0, 0
    12869,      118.785, 0.275, -0.269, 192,   0, 0
    12870,      118.795, 0.257, -0.808, 192,   0, 0
    12871,      118.828, 0.259, -0.736, 192,   0, 0
    12872,      118.835, 0.259, -0.723, 192,   0, 0
    12873,      118.843, 0.259, -0.713, 192,   0, 0
    12874,      118.850, 0.257, -0.759, 192,   0, 0
    12875,      118.857, 0.259, -0.691, 192,   0, 0
    12876,      118.865, 0.244, -1.116, 192,   0, 0
    12877,      118.872, 0.227, -1.622, 192,   0, 0
    12878,      118.879, 0.259, -0.621, 192,   0, 0
    12879,      118.885, 0.244, -1.066, 192,   0, 0
    12880,      118.891, 0.258, -0.640, 192,   0, 0
    12881,      118.922, 0.242, -1.098, 192,   0, 0
    12882,      118.930, 0.265, -0.401, 192,   0, 0
    12883,      118.937, 0.260, -0.554, 192,   0, 0
    12884,      118.944, 0.228, -1.480, 192,   0, 0
    12885,      118.950, 0.253, -0.719, 192,   0, 0
    12886,      118.956, 0.250, -0.808, 192,   0, 0
    12887,      118.963, 0.244, -0.962, 192,   0, 0
    12888,      118.970, 0.259, -0.499, 192,   0, 0
    12889,      118.976, 0.244, -0.939, 192,   0, 0
    12890,      118.984, 0.236, -1.170, 192,   0, 0
    12891,      119.021, 0.252, -0.676, 192,   0, 0
    12892,      119.029, 0.244, -0.885, 192,   0, 0
    12893,      119.037, 0.260, -0.407, 192,   0, 0
    12894,      119.048, 0.231, -1.277, 192,   0, 0
    12895,      119.056, 0.260, -0.383, 192,   0, 0
    12896,      119.062, 0.236, -1.103, 192,   0, 0
    12897,      119.068, 0.231, -1.342, 192,   0, 0
    12898,      119.075, 0.252, -0.727, 192,   0, 0
    12899,      119.082, 0.258, -0.591, 192,   0, 0
    12900,      119.090, 0.260, -0.585, 192,   0, 0
    12901,      119.123, 0.234, -1.570, 192,   0, 0
    12902,      119.131, 0.260, -0.596, 192,   0, 0
    12903,      119.139, 0.261, -0.534, 192,   0, 0
    12904,      119.146, 0.250, -0.980, 192,   0, 0
    12905,      119.153, 0.273, -0.063, 192,   0, 0
    12906,      119.161, 0.303,  1.071, 192,   0, 0
    12907,      119.170, 0.334,  2.243, 192,   0, 0
    12908,      119.179, 0.349,  2.727, 192,   0, 0
    12909,      119.187, 0.343,  2.452, 192,   0, 0
    12910,      119.194, 0.365,  3.238, 192,   0, 0
    12911,      119.226, 0.330,  1.858, 192,   0, 0
    12912,      119.233, 0.339,  2.150, 192,   0, 0
    12913,      119.239, 0.318,  1.338, 192,   0, 0
    12914,      119.247, 0.301,  0.703, 192,   0, 0
    12915,      119.255, 0.303,  0.755, 192,   0, 0
    12916,      119.265, 0.324,  1.512, 192,   0, 0
    12917,      119.273, 0.340,  2.053, 192,   0, 0
    12918,      119.281, 0.339,  1.946, 192,   0, 0
    12919,      119.290, 0.316,  1.100, 192,   0, 0
    12920,      119.297, 0.269, -0.523, 192,   0, 0
    12921,      119.332, 0.246, -1.309, 192,   0, 0
    12922,      119.340, 0.215, -2.329, 193,   1, 0
    12923,      119.352, 0.200, -2.781, 193,   2, 0
    12924,      119.366, 0.205, -2.505, 193,   3, 0
    12925,      119.379, 0.203, -2.503, 193,   4, 0
    12926,      119.393, 0.229, -1.615, 193,   0, 0
    12927,      119.400, 0.227, -1.651, 193,   0, 0
    12928,      119.407, 0.227, -1.604, 193,   0, 0
    12929,      119.415, 0.227, -1.575, 193,   0, 0
    12930,      119.422, 0.229, -1.494, 193,   0, 0
    12931,      119.452, 0.242, -1.062, 193,   0, 0
    12932,      119.460, 0.252, -0.776, 193,   0, 0
    12933,      119.467, 0.243, -1.030, 193,   0, 0
    12934,      119.473, 0.227, -1.473, 193,   0, 0
    12935,      119.479, 0.227, -1.465, 193,   0, 0
    12936,      119.484, 0.235, -1.195, 193,   0, 0
    12937,      119.493, 0.227, -1.415, 193,   0, 0
    12938,      119.500, 0.229, -1.336, 193,   0, 0
    12939,      119.506, 0.260, -0.436, 193,   0, 0
    12940,      119.513, 0.323,  1.344, 193,   0, 0
    12941,      119.546, 0.306,  0.865, 193,   0, 0
    12942,      119.553, 0.305,  0.812, 193,   0, 0
    12943,      119.562, 0.323,  1.302, 193,   0, 0
    12944,      119.570, 0.338,  1.725, 193,   0, 0
    12945,      119.578, 0.323,  1.263, 193,   0, 0
    12946,      119.585, 0.308,  0.844, 193,   0, 0
    12947,      119.593, 0.326,  1.351, 193,   0, 0
    12948,      119.601, 0.338,  1.659, 193,   0, 0
    12949,      119.609, 0.312,  0.925, 193,   0, 0
    12950,      119.617, 0.304,  0.713, 193,   0, 0
    12951,      119.647, 0.304,  0.693, 193,   0, 0
    12952,      119.653, 0.304,  0.714, 193,   0, 0
    12953,      119.660, 0.319,  1.096, 193,   0, 0
    12954,      119.666, 0.303,  0.667, 193,   0, 0
    12955,      119.674, 0.303,  0.674, 193,   0, 0
    12956,      119.681, 0.304,  0.714, 193,   0, 0
    12957,      119.690, 0.320,  1.130, 193,   0, 0
    12958,      119.699, 0.319,  1.088, 193,   0, 0
    12959,      119.706, 0.303,  0.675, 193,   0, 0
    12960,      119.712, 0.287,  0.252, 193,   0, 0
    12961,      119.744, 0.318,  1.055, 193,   0, 0
    12962,      119.751, 0.288,  0.261, 193,   0, 0
    12963,      119.757, 0.281,  0.068, 193,   0, 0
    12964,      119.763, 0.296,  0.480, 193,   0, 0
    12965,      119.768, 0.296,  0.484, 193,   0, 0
    12966,      119.774, 0.296,  0.479, 193,   0, 0
    12967,      119.780, 0.303,  0.658, 193,   0, 0
    12968,      119.786, 0.287,  0.242, 193,   0, 0
    12969,      119.794, 0.302,  0.636, 193,   0, 0
    12970,      119.801, 0.302,  0.638, 193,   0, 0
    12971,      119.835, 0.320,  1.128, 193,   0, 0
    12972,      119.843, 0.302,  0.630, 193,   0, 0
    12973,      119.851, 0.306,  0.728, 193,   0, 0
    12974,      119.864, 0.306,  0.735, 193,   0, 0
    12975,      119.872, 0.318,  1.046, 193,   0, 0
    12976,      119.880, 0.297,  0.484, 193,   0, 0
    12977,      119.886, 0.297,  0.476, 193,   0, 0
    12978,      119.894, 0.319,  1.066, 193,   0, 0
    12979,      119.902, 0.267, -0.296, 193,   0, 0
    12980,      119.911, 0.287,  0.241, 193,   0, 0
    12981,      119.951, 0.296,  0.500, 193,   0, 0
    12982,      119.959, 0.287,  0.245, 193,   0, 0
    12983,      119.970, 0.303,  0.678, 193,   0, 0
    12984,      119.983, 0.297,  0.496, 193,   0, 0
    12985,      119.994, 0.277, -0.032, 193,   0, 0
    12986,      120.002, 0.285,  0.195, 193,   0, 0
    12987,      120.012, 0.286,  0.219, 193,   0, 0
    12988,      120.018, 0.279,  0.024, 193,   0, 0
    12989,      120.025, 0.296,  0.478, 193,   0, 0
    12990,      120.034, 0.275, -0.092, 193,   0, 0
    12991,      120.067, 0.277, -0.041, 193,   0, 0
    12992,      120.073, 0.290,  0.292, 193,   0, 0
    12993,      120.083, 0.291,  0.334, 193,   0, 0
    12994,      120.092, 0.282,  0.079, 193,   0, 0
    12995,      120.101, 0.282,  0.073, 193,   0, 0
    12996,      120.109, 0.306,  0.705, 193,   0, 0
    12997,      120.116, 0.288,  0.215, 193,   0, 0
    12998,      120.122, 0.291,  0.292, 193,   0, 0
    12999,      120.130, 0.282,  0.035, 193,   0, 0
    13000,      120.136, 0.277, -0.116, 193,   0, 0
    13001,      120.169, 0.324,  1.171, 193,   0, 0
    13002,      120.177, 0.258, -0.669, 193,   0, 0
    13003,      120.185, 0.282,  0.013, 193,   0, 0
    13004,      120.193, 0.285,  0.091, 193,   0, 0
    13005,      120.201, 0.258, -0.693, 193,   0, 0
    13006,      120.210, 0.277, -0.159, 193,   0, 0
    13007,      120.218, 0.285,  0.071, 193,   0, 0
    13008,      120.226, 0.304,  0.587, 193,   0, 0
    13009,      120.233, 0.335,  1.429, 193,   0, 0
    13010,      120.240, 0.273, -0.308, 193,   0, 0
    13011,      120.273, 0.293,  0.230, 193,   0, 0
    13012,      120.281, 0.282, -0.090, 193,   0, 0
    13013,      120.287, 0.297,  0.328, 193,   0, 0
    13014,      120.294, 0.301,  0.433, 193,   0, 0
    13015,      120.301, 0.284, -0.075, 193,   0, 0
    13016,      120.308, 0.307,  0.598, 193,   0, 0
    13017,      120.314, 0.307,  0.585, 193,   0, 0
    13018,      120.323, 0.275, -0.375, 193,   0, 0
    13019,      120.331, 0.304,  0.461, 193,   0, 0
    13020,      120.337, 0.288, -0.010, 193,   0, 0
    13021,      120.366, 0.304,  0.445, 193,   0, 0
    13022,      120.375, 0.291,  0.067, 193,   0, 0
    13023,      120.382, 0.307,  0.536, 193,   0, 0
    13024,      120.389, 0.320,  0.914, 193,   0, 0
    13025,      120.396, 0.275, -0.457, 193,   0, 0
    13026,      120.403, 0.291,  0.022, 193,   0, 0
    13027,      120.410, 0.305,  0.445, 193,   0, 0
    13028,      120.418, 0.289, -0.033, 193,   0, 0
    13029,      120.425, 0.306,  0.498, 193,   0, 0
    13030,      120.434, 0.307,  0.561, 193,   0, 0
    13031,      120.469, 0.306,  0.540, 193,   0, 0
    13032,      120.476, 0.275, -0.427, 193,   0, 0
    13033,      120.484, 0.289,  0.031, 193,   0, 0
    13034,      120.491, 0.290,  0.061, 193,   0, 0
    13035,      120.498, 0.288,  0.010, 193,   0, 0
    13036,      120.506, 0.286, -0.036, 193,   0, 0
    13037,      120.512, 0.302,  0.485, 193,   0, 0
    13038,      120.521, 0.303,  0.544, 193,   0, 0
    13039,      120.529, 0.304,  0.594, 193,   0, 0
    13040,      120.537, 0.289,  0.082, 193,   0, 0
    13041,      120.568, 0.275, -0.395, 193,   0, 0
    13042,      120.576, 0.290,  0.092, 193,   0, 0
    13043,      120.584, 0.304,  0.557, 193,   0, 0
    13044,      120.590, 0.273, -0.567, 193,   0, 0
    13045,      120.597, 0.304,  0.548, 193,   0, 0
    13046,      120.603, 0.288, -0.068, 193,   0, 0
    13047,      120.610, 0.304,  0.564, 193,   0, 0
    13048,      120.617, 0.304,  0.522, 193,   0, 0
    13049,      120.624, 0.303,  0.477, 193,   0, 0
    13050,      120.632, 0.275, -0.760, 193,   0, 0
    13051,      120.665, 0.273, -0.872, 193,   0, 0
    13052,      120.672, 0.302,  0.424, 193,   0, 0
    13053,      120.680, 0.274, -0.889, 193,   0, 0
    13054,      120.688, 0.304,  0.512, 193,   0, 0
    13055,      120.698, 0.304,  0.507, 193,   0, 0
    13056,      120.704, 0.304,  0.459, 193,   0, 0
    13057,      120.712, 0.303,  0.404, 193,   0, 0
    13058,      120.719, 0.304,  0.484, 193,   0, 0
    13059,      120.727, 0.275, -1.360, 193,   0, 0
    13060,      120.733, 0.273, -1.486, 193,   0, 0
    13061,      120.765, 0.303,  0.407, 193,   0, 0
    13062,      120.772, 0.288, -0.527, 193,   0, 0
    13063,      120.779, 0.303,  0.418, 193,   0, 0
    13064,      120.786, 0.306,  0.627, 193,   0, 0
    13065,      120.795, 0.273, -1.487, 193,   0, 0
    13066,      120.806, 0.290, -0.383, 193,   0, 0
    13067,      120.814, 0.273, -1.460, 193,   0, 0
    13068,      120.822, 0.304,  0.645, 193,   0, 0
    13069,      120.828, 0.288, -0.457, 193,   0, 0
    13070,      120.835, 0.304,  0.706, 193,   0, 0
    13071,      120.865, 0.278, -1.172, 193,   0, 0
    13072,      120.872, 0.304,  0.666, 193,   0, 0
    13073,      120.880, 0.308,  0.959, 193,   0, 0
    13074,      120.887, 0.290, -0.308, 193,   0, 0
    13075,      120.894, 0.285, -0.600, 193,   0, 0
    13076,      120.901, 0.306,  0.860, 193,   0, 0
    13077,      120.910, 0.305,  0.788, 193,   0, 0
    13078,      120.920, 0.283, -0.771, 193,   0, 0
    13079,      120.928, 0.299,  0.411, 193,   0, 0
    13080,      120.935, 0.295,  0.147, 193,   0, 0
    13081,      120.967, 0.339,  3.292, 193,   0, 0
    13082,      120.974, 0.297,  0.231, 193,   0, 0
    13083,      120.980, 0.336,  2.982, 193,   0, 0
    13084,      120.987, 0.330,  2.430, 193,   0, 0
    13085,      120.994, 0.336,  2.771, 193,   0, 0
    13086,      121.003, 0.346,  3.297, 193,   0, 0
    13087,      121.011, 0.346,  3.171, 193,   0, 0
    13088,      121.019, 0.347,  3.045, 193,   0, 0
    13089,      121.026, 0.344,  2.751, 193,   0, 0
    13090,      121.036, 0.335,  2.150, 193,   0, 0
    13091,      121.067, 0.324,  1.517, 193,   0, 0
    13092,      121.074, 0.312,  0.844, 193,   0, 0
    13093,      121.081, 0.297,  0.007, 193,   0, 0
    13094,      121.088, 0.326,  1.598, 193,   0, 0
    13095,      121.096, 0.323,  1.421, 193,   0, 0
    13096,      121.103, 0.344,  2.563, 193,   0, 0
    13097,      121.111, 0.349,  2.720, 193,   0, 0
    13098,      121.118, 0.324,  1.355, 193,   0, 0
    13099,      121.126, 0.320,  1.131, 193,   0, 0
    13100,      121.132, 0.312,  0.710, 193,   0, 0
    13101,      121.160, 0.351,  2.708, 193,   0, 0
    13102,      121.169, 0.377,  3.868, 193,   0, 0
    13103,      121.177, 0.330,  1.431, 193,   0, 0
    13104,      121.184, 0.376,  3.523, 193,   0, 0
    13105,      121.192, 0.310,  0.440, 193,   0, 0
    13106,      121.200, 0.324,  1.044, 193,   0, 0
    13107,      121.207, 0.326,  1.082, 193,   0, 0
    13108,      121.215, 0.336,  1.526, 193,   0, 0
    13109,      121.222, 0.320,  0.811, 193,   0, 0
    13110,      121.229, 0.322,  0.857, 193,   0, 0
    13111,      121.262, 0.322,  0.843, 193,   0, 0
    13112,      121.269, 0.306,  0.154, 193,   0, 0
    13113,      121.278, 0.320,  0.754, 193,   0, 0
    13114,      121.286, 0.307,  0.175, 193,   0, 0
    13115,      121.293, 0.300, -0.155, 193,   0, 0
    13116,      121.300, 0.287, -0.714, 193,   0, 0
    13117,      121.308, 0.299, -0.209, 193,   0, 0
    13118,      121.316, 0.299, -0.213, 193,   0, 0
    13119,      121.323, 0.282, -0.953, 193,   0, 0
    13120,      121.330, 0.265, -1.691, 193,   0, 0
    13121,      121.358, 0.284, -0.862, 193,   0, 0
    13122,      121.364, 0.289, -0.634, 193,   0, 0
    13123,      121.371, 0.299, -0.196, 193,   0, 0
    13124,      121.378, 0.314,  0.456, 193,   0, 0
    13125,      121.385, 0.305,  0.050, 193,   0, 0
    13126,      121.394, 0.298, -0.261, 193,   0, 0
    13127,      121.402, 0.300, -0.204, 193,   0, 0
    13128,      121.408, 0.284, -0.934, 193,   0, 0
    13129,      121.414, 0.282, -1.011, 193,   0, 0
    13130,      121.421, 0.269, -1.628, 193,   0, 0
    13131,      121.455, 0.307,  0.148, 193,   0, 0
    13132,      121.463, 0.244, -2.757, 194,   1, 0
    13133,      121.476, 0.315,  0.514, 194,   0, 0
    13134,      121.484, 0.299, -0.222, 194,   0, 0
    13135,      121.492, 0.274, -1.348, 194,   0, 0
    13136,      121.499, 0.281, -1.001, 194,   0, 0
    13137,      121.508, 0.262, -1.849, 194,   0, 0
    13138,      121.516, 0.276, -1.187, 194,   0, 0
    13139,      121.524, 0.242, -2.663, 195,   1, 0
    13140,      121.536, 0.271, -1.334, 195,   0, 0
    13141,      121.567, 0.254, -2.039, 196,   1, 0
    13142,      121.579, 0.290, -0.486, 196,   0, 0
    13143,      121.587, 0.242, -2.496, 197,   1, 0
    13144,      121.600, 0.265, -1.496, 197,   0, 0
    13145,      121.606, 0.291, -0.395, 197,   0, 0
    13146,      121.612, 0.242, -2.407, 198,   1, 0
    13147,      121.626, 0.213, -3.501, 198,   2, 0
    13148,      121.637, 0.136, -6.188, 198,   3, 0
    13149,      121.648, 0.167, -4.333, 198,   4, 0
    13150,      121.659, 0.194, -3.192, 198,   5, 0
    13151,      121.702, 0.142, -4.546, 198,   6, 0
    13152,      121.716, 0.199, -2.630, 198,   7, 0
    13153,      121.729, 0.198, -2.566, 198,   8, 0
    13154,      121.739, 0.221, -1.879, 198,   0, 0
    13155,      121.745, 0.236, -1.464, 198,   0, 0
    13156,      121.751, 0.250, -1.069, 198,   0, 0
    13157,      121.757, 0.254, -0.966, 198,   0, 0
    13158,      121.764, 0.248, -1.112, 198,   0, 0
    13159,      121.772, 0.240, -1.293, 198,   0, 0
    13160,      121.781, 0.206, -2.099, 199,   1, 0
    13161,      121.818, 0.256, -0.828, 199,   0, 0
    13162,      121.825, 0.247, -1.043, 199,   0, 0
    13163,      121.834, 0.271, -0.464, 199,   0, 0
    13164,      121.842, 0.252, -0.917, 199,   0, 0
    13165,      121.850, 0.262, -0.671, 199,   0, 0
    13166,      121.856, 0.248, -0.981, 199,   0, 0
    13167,      121.865, 0.254, -0.831, 199,   0, 0
    13168,      121.874, 0.256, -0.785, 199,   0, 0
    13169,      121.881, 0.293,  0.120, 199,   0, 0
    13170,      121.889, 0.261, -0.644, 199,   0, 0
    13171,      121.924, 0.256, -0.769, 199,   0, 0
    13172,      121.930, 0.256, -0.764, 199,   0, 0
    13173,      121.936, 0.275, -0.290, 199,   0, 0
    13174,      121.945, 0.245, -0.996, 199,   0, 0
    13175,      121.954, 0.252, -0.830, 199,   0, 0
    13176,      121.962, 0.256, -0.727, 199,   0, 0
    13177,      121.969, 0.270, -0.373, 199,   0, 0
    13178,      121.976, 0.270, -0.366, 199,   0, 0
    13179,      121.984, 0.305,  0.469, 199,   0, 0
    13180,      121.993, 0.351,  1.539, 199,   0, 0
    13181,      122.029, 0.351,  1.510, 199,   0, 0
    13182,      122.035, 0.342,  1.280, 199,   0, 0
    13183,      122.042, 0.362,  1.723, 199,   0, 0
    13184,      122.048, 0.352,  1.470, 199,   0, 0
    13185,      122.054, 0.342,  1.216, 199,   0, 0
    13186,      122.062, 0.351,  1.398, 199,   0, 0
    13187,      122.071, 0.322,  0.742, 199,   0, 0
    13188,      122.078, 0.334,  0.990, 199,   0, 0
    13189,      122.085, 0.313,  0.512, 199,   0, 0
    13190,      122.093, 0.296,  0.127, 199,   0, 0
    13191,      122.125, 0.295,  0.122, 199,   0, 0
    13192,      122.132, 0.319,  0.649, 199,   0, 0
    13193,      122.139, 0.316,  0.569, 199,   0, 0
    13194,      122.146, 0.328,  0.841, 199,   0, 0
    13195,      122.153, 0.296,  0.114, 199,   0, 0
    13196,      122.159, 0.296,  0.112, 199,   0, 0
    13197,      122.165, 0.321,  0.668, 199,   0, 0
    13198,      122.171, 0.296,  0.110, 199,   0, 0
    13199,      122.180, 0.314,  0.515, 199,   0, 0
    13200,      122.188, 0.297,  0.146, 199,   0, 0
    13201,      122.231, 0.313,  0.480, 199,   0, 0
    13202,      122.239, 0.314,  0.518, 199,   0, 0
    13203,      122.246, 0.299,  0.179, 199,   0, 0
    13204,      122.254, 0.314,  0.523, 199,   0, 0
    13205,      122.262, 0.313,  0.495, 199,   0, 0
    13206,      122.269, 0.305,  0.336, 199,   0, 0
    13207,      122.279, 0.313,  0.512, 199,   0, 0
    13208,      122.287, 0.296,  0.146, 199,   0, 0
    13209,      122.296, 0.308,  0.430, 199,   0, 0
    13210,      122.304, 0.296,  0.164, 199,   0, 0
    13211,      122.339, 0.261, -0.629, 199,   0, 0
    13212,      122.347, 0.267, -0.485, 199,   0, 0
    13213,      122.355, 0.260, -0.636, 199,   0, 0
    13214,      122.362, 0.274, -0.312, 199,   0, 0
    13215,      122.369, 0.275, -0.275, 199,   0, 0
    13216,      122.376, 0.277, -0.225, 199,   0, 0
    13217,      122.384, 0.271, -0.344, 199,   0, 0
    13218,      122.391, 0.277, -0.186, 199,   0, 0
    13219,      122.399, 0.246, -0.911, 199,   0, 0
    13220,      122.408, 0.262, -0.529, 199,   0, 0
    13221,      122.439, 0.256, -0.657, 199,   0, 0
    13222,      122.445, 0.287,  0.096, 199,   0, 0
    13223,      122.451, 0.254, -0.675, 199,   0, 0
    13224,      122.458, 0.269, -0.316, 199,   0, 0
    13225,      122.464, 0.260, -0.515, 199,   0, 0
    13226,      122.470, 0.285,  0.117, 199,   0, 0
    13227,      122.477, 0.269, -0.269, 199,   0, 0
    13228,      122.484, 0.278, -0.031, 199,   0, 0
    13229,      122.491, 0.278, -0.031, 199,   0, 0
    13230,      122.497, 0.270, -0.211, 199,   0, 0
    13231,      122.526, 0.293,  0.366, 199,   0, 0
    13232,      122.535, 0.299,  0.536, 199,   0, 0
    13233,      122.544, 0.282,  0.103, 199,   0, 0
    13234,      122.552, 0.316,  0.980, 199,   0, 0
    13235,      122.561, 0.315,  0.967, 199,   0, 0
    13236,      122.568, 0.317,  1.013, 199,   0, 0
    13237,      122.576, 0.316,  0.960, 199,   0, 0
    13238,      122.583, 0.316,  0.954, 199,   0, 0
    13239,      122.591, 0.291,  0.320, 199,   0, 0
    13240,      122.598, 0.320,  1.070, 199,   0, 0
    13241,      122.629, 0.305,  0.658, 199,   0, 0
    13242,      122.636, 0.275, -0.103, 199,   0, 0
    13243,      122.646, 0.287,  0.212, 199,   0, 0
    13244,      122.654, 0.277, -0.048, 199,   0, 0
    13245,      122.662, 0.305,  0.669, 199,   0, 0
    13246,      122.669, 0.317,  0.974, 199,   0, 0
    13247,      122.677, 0.307,  0.718, 199,   0, 0
    13248,      122.685, 0.324,  1.155, 199,   0, 0
    13249,      122.693, 0.323,  1.102, 199,   0, 0
    13250,      122.700, 0.329,  1.241, 199,   0, 0
    13251,      122.733, 0.309,  0.716, 199,   0, 0
    13252,      122.739, 0.313,  0.815, 199,   0, 0
    13253,      122.747, 0.343,  1.551, 199,   0, 0
    13254,      122.754, 0.327,  1.143, 199,   0, 0
    13255,      122.765, 0.332,  1.253, 199,   0, 0
    13256,      122.772, 0.344,  1.530, 199,   0, 0
    13257,      122.779, 0.319,  0.903, 199,   0, 0
    13258,      122.785, 0.330,  1.140, 199,   0, 0
    13259,      122.792, 0.329,  1.108, 199,   0, 0
    13260,      122.799, 0.322,  0.916, 199,   0, 0
    13261,      122.832, 0.320,  0.872, 199,   0, 0
    13262,      122.838, 0.305,  0.485, 199,   0, 0
    13263,      122.846, 0.324,  0.936, 199,   0, 0
    13264,      122.852, 0.334,  1.154, 199,   0, 0
    13265,      122.860, 0.334,  1.135, 199,   0, 0
    13266,      122.868, 0.335,  1.157, 199,   0, 0
    13267,      122.877, 0.327,  0.949, 199,   0, 0
    13268,      122.885, 0.322,  0.802, 199,   0, 0
    13269,      122.891, 0.340,  1.271, 199,   0, 0
    13270,      122.897, 0.376,  2.227, 199,   0, 0
    13271,      122.930, 0.350,  1.511, 199,   0, 0
    13272,      122.937, 0.348,  1.518, 199,   0, 0
    13273,      122.944, 0.364,  1.956, 199,   0, 0
    13274,      122.951, 0.377,  2.344, 199,   0, 0
    13275,      122.960, 0.362,  1.856, 199,   0, 0
    13276,      122.967, 0.365,  1.911, 199,   0, 0
    13277,      122.975, 0.377,  2.233, 199,   0, 0
    13278,      122.982, 0.377,  2.171, 199,   0, 0
    13279,      122.992, 0.356,  1.529, 199,   0, 0
    13280,      123.000, 0.336,  0.930, 199,   0, 0
    13281,      123.031, 0.372,  1.976, 199,   0, 0
    13282,      123.038, 0.351,  1.319, 199,   0, 0
    13283,      123.046, 0.369,  1.835, 199,   0, 0
    13284,      123.052, 0.380,  2.124, 199,   0, 0
    13285,      123.058, 0.382,  2.109, 199,   0, 0
    13286,      123.064, 0.364,  1.547, 199,   0, 0
    13287,      123.070, 0.364,  1.530, 199,   0, 0
    13288,      123.077, 0.367,  1.600, 199,   0, 0
    13289,      123.083, 0.379,  1.907, 199,   0, 0
    13290,      123.089, 0.380,  1.887, 199,   0, 0
    13291,      123.122, 0.379,  1.823, 199,   0, 0
    13292,      123.131, 0.365,  1.402, 199,   0, 0
    13293,      123.140, 0.394,  2.191, 199,   0, 0
    13294,      123.147, 0.380,  1.744, 199,   0, 0
    13295,      123.154, 0.380,  1.720, 199,   0, 0
    13296,      123.161, 0.367,  1.344, 199,   0, 0
    13297,      123.169, 0.355,  0.978, 199,   0, 0
    13298,      123.176, 0.383,  1.747, 199,   0, 0
    13299,      123.183, 0.315, -0.185, 199,   0, 0
    13300,      123.190, 0.316, -0.152, 199,   0, 0
    13301,      123.221, 0.339,  0.513, 199,   0, 0
    13302,      123.228, 0.334,  0.362, 199,   0, 0
    13303,      123.234, 0.337,  0.461, 199,   0, 0
    13304,      123.243, 0.328,  0.207, 199,   0, 0
    13305,      123.252, 0.342,  0.619, 199,   0, 0
    13306,      123.259, 0.334,  0.389, 199,   0, 0
    13307,      123.265, 0.330,  0.273, 199,   0, 0
    13308,      123.273, 0.333,  0.351, 199,   0, 0
    13309,      123.280, 0.330,  0.275, 199,   0, 0
    13310,      123.287, 0.355,  0.987, 199,   0, 0
    13311,      123.317, 0.357,  1.003, 199,   0, 0
    13312,      123.324, 0.353,  0.877, 199,   0, 0
    13313,      123.331, 0.310, -0.344, 199,   0, 0
    13314,      123.336, 0.351,  0.827, 199,   0, 0
    13315,      123.343, 0.367,  1.267, 199,   0, 0
    13316,      123.350, 0.345,  0.626, 199,   0, 0
    13317,      123.358, 0.355,  0.889, 199,   0, 0
    13318,      123.364, 0.340,  0.467, 199,   0, 0
    13319,      123.370, 0.323, -0.021, 199,   0, 0
    13320,      123.376, 0.324,  0.017, 199,   0, 0
    13321,      123.403, 0.299, -0.701, 199,   0, 0
    13322,      123.409, 0.282, -1.170, 199,   0, 0
    13323,      123.415, 0.294, -0.838, 199,   0, 0
    13324,      123.421, 0.288, -0.981, 199,   0, 0
    13325,      123.430, 0.295, -0.793, 199,   0, 0
    13326,      123.437, 0.309, -0.407, 199,   0, 0
    13327,      123.444, 0.295, -0.775, 199,   0, 0
    13328,      123.452, 0.293, -0.837, 199,   0, 0
    13329,      123.461, 0.281, -1.162, 199,   0, 0
    13330,      123.470, 0.293, -0.826, 199,   0, 0
    13331,      123.506, 0.280, -1.188, 199,   0, 0
    13332,      123.513, 0.286, -1.013, 199,   0, 0
    13333,      123.520, 0.251, -1.997, 199,   0, 0
    13334,      123.528, 0.244, -2.190, 200,   1, 0
    13335,      123.540, 0.259, -1.748, 200,   0, 0
    13336,      123.548, 0.281, -1.147, 200,   0, 0
    13337,      123.557, 0.294, -0.776, 200,   0, 0
    13338,      123.563, 0.296, -0.746, 200,   0, 0
    13339,      123.569, 0.294, -0.793, 200,   0, 0
    13340,      123.576, 0.244, -2.216, 201,   1, 0
    13341,      123.612, 0.252, -1.991, 201,   0, 0
    13342,      123.621, 0.244, -2.190, 202,   1, 0
    13343,      123.637, 0.253, -1.900, 202,   0, 0
    13344,      123.644, 0.291, -0.861, 202,   0, 0
    13345,      123.652, 0.254, -1.909, 202,   0, 0
    13346,      123.659, 0.271, -1.425, 202,   0, 0
    13347,      123.665, 0.274, -1.329, 202,   0, 0
    13348,      123.672, 0.292, -0.848, 202,   0, 0
    13349,      123.679, 0.281, -1.152, 202,   0, 0
    13350,      123.684, 0.299, -0.653, 202,   0, 0
    13351,      123.716, 0.295, -0.783, 202,   0, 0
    13352,      123.725, 0.290, -0.929, 202,   0, 0
    13353,      123.734, 0.291, -0.905, 202,   0, 0
    13354,      123.742, 0.292, -0.869, 202,   0, 0
    13355,      123.749, 0.297, -0.720, 202,   0, 0
    13356,      123.755, 0.298, -0.677, 202,   0, 0
    13357,      123.760, 0.313, -0.280, 202,   0, 0
    13358,      123.768, 0.297, -0.700, 202,   0, 0
    13359,      123.774, 0.320, -0.072, 202,   0, 0
    13360,      123.781, 0.306, -0.459, 202,   0, 0
    13361,      123.816, 0.336,  0.353, 202,   0, 0
    13362,      123.823, 0.319, -0.106, 202,   0, 0
    13363,      123.830, 0.320, -0.094, 202,   0, 0
    13364,      123.842, 0.319, -0.127, 202,   0, 0
    13365,      123.849, 0.307, -0.473, 202,   0, 0
    13366,      123.856, 0.320, -0.113, 202,   0, 0
    13367,      123.864, 0.336,  0.325, 202,   0, 0
    13368,      123.871, 0.319, -0.154, 202,   0, 0
    13369,      123.878, 0.322, -0.076, 202,   0, 0
    13370,      123.886, 0.317, -0.219, 202,   0, 0
    13371,      123.914, 0.317, -0.190, 202,   0, 0
    13372,      123.920, 0.334,  0.280, 202,   0, 0
    13373,      123.926, 0.324, -0.027, 202,   0, 0
    13374,      123.932, 0.307, -0.473, 202,   0, 0
    13375,      123.938, 0.299, -0.696, 202,   0, 0
    13376,      123.944, 0.307, -0.460, 202,   0, 0
    13377,      123.952, 0.325,  0.051, 202,   0, 0
    13378,      123.961, 0.306, -0.491, 202,   0, 0
    13379,      123.966, 0.306, -0.493, 202,   0, 0
    13380,      123.972, 0.310, -0.378, 202,   0, 0
    13381,      124.004, 0.306, -0.484, 202,   0, 0
    13382,      124.012, 0.335,  0.346, 202,   0, 0
    13383,      124.019, 0.337,  0.377, 202,   0, 0
    13384,      124.026, 0.304, -0.533, 202,   0, 0
    13385,      124.033, 0.298, -0.709, 202,   0, 0
    13386,      124.041, 0.295, -0.768, 202,   0, 0
    13387,      124.048, 0.303, -0.532, 202,   0, 0
    13388,      124.056, 0.303, -0.543, 202,   0, 0
    13389,      124.063, 0.303, -0.523, 202,   0, 0
    13390,      124.072, 0.297, -0.702, 202,   0, 0
    13391,      124.104, 0.306, -0.431, 202,   0, 0
    13392,      124.112, 0.281, -1.112, 202,   0, 0
    13393,      124.119, 0.306, -0.403, 202,   0, 0
    13394,      124.126, 0.327,  0.199, 202,   0, 0
    13395,      124.134, 0.324,  0.146, 202,   0, 0
    13396,      124.139, 0.340,  0.592, 202,   0, 0
    13397,      124.146, 0.355,  1.043, 202,   0, 0
    13398,      124.152, 0.339,  0.600, 202,   0, 0
    13399,      124.158, 0.356,  1.106, 202,   0, 0
    13400,      124.164, 0.331,  0.381, 202,   0, 0
    13401,      124.196, 0.355,  1.071, 202,   0, 0
    13402,      124.206, 0.343,  0.726, 202,   0, 0
    13403,      124.215, 0.345,  0.800, 202,   0, 0
    13404,      124.222, 0.302, -0.468, 202,   0, 0
    13405,      124.229, 0.279, -1.152, 202,   0, 0
    13406,      124.235, 0.279, -1.138, 202,   0, 0
    13407,      124.241, 0.279, -1.121, 202,   0, 0
    13408,      124.248, 0.242, -2.228, 203,   1, 0
    13409,      124.261, 0.235, -2.398, 203,   2, 0
    13410,      124.277, 0.258, -1.654, 203,   0, 0
    13411,      124.310, 0.265, -1.411, 203,   0, 0
    13412,      124.318, 0.282, -0.893, 203,   0, 0
    13413,      124.326, 0.236, -2.294, 204,   1, 0
    13414,      124.340, 0.242, -2.067, 204,   2, 0
    13415,      124.354, 0.242, -2.037, 204,   3, 0
    13416,      124.369, 0.259, -1.491, 204,   0, 0
    13417,      124.377, 0.290, -0.502, 204,   0, 0
    13418,      124.386, 0.257, -1.529, 204,   0, 0
    13419,      124.393, 0.250, -1.759, 204,   0, 0
    13420,      124.399, 0.257, -1.485, 204,   0, 0
    13421,      124.430, 0.288, -0.470, 204,   0, 0
    13422,      124.438, 0.294, -0.283, 204,   0, 0
    13423,      124.444, 0.288, -0.450, 204,   0, 0
    13424,      124.451, 0.297, -0.168, 204,   0, 0
    13425,      124.457, 0.251, -1.623, 204,   0, 0
    13426,      124.463, 0.297, -0.135, 204,   0, 0
    13427,      124.469, 0.297, -0.126, 204,   0, 0
    13428,      124.476, 0.282, -0.591, 204,   0, 0
    13429,      124.482, 0.279, -0.674, 204,   0, 0
    13430,      124.488, 0.280, -0.614, 204,   0, 0
    13431,      124.517, 0.296, -0.096, 204,   0, 0
    13432,      124.525, 0.293, -0.177, 204,   0, 0
    13433,      124.534, 0.297, -0.015, 204,   0, 0
    13434,      124.541, 0.297, -0.012, 204,   0, 0
    13435,      124.551, 0.294, -0.116, 204,   0, 0
    13436,      124.560, 0.279, -0.616, 204,   0, 0
    13437,      124.567, 0.276, -0.717, 204,   0, 0
    13438,      124.574, 0.291, -0.165, 204,   0, 0
    13439,      124.581, 0.303,  0.289, 204,   0, 0
    13440,      124.588, 0.335,  1.468, 204,   0, 0
    13441,      124.619, 0.350,  2.026, 204,   0, 0
    13442,      124.627, 0.337,  1.498, 204,   0, 0
    13443,      124.634, 0.337,  1.473, 204,   0, 0
    13444,      124.642, 0.342,  1.614, 204,   0, 0
    13445,      124.649, 0.340,  1.531, 204,   0, 0
    13446,      124.655, 0.349,  1.829, 204,   0, 0
    13447,      124.663, 0.340,  1.472, 204,   0, 0
    13448,      124.670, 0.340,  1.436, 204,   0, 0
    13449,      124.677, 0.350,  1.740, 204,   0, 0
    13450,      124.683, 0.351,  1.736, 204,   0, 0
    13451,      124.712, 0.338,  1.286, 204,   0, 0
    13452,      124.718, 0.340,  1.321, 204,   0, 0
    13453,      124.725, 0.350,  1.616, 204,   0, 0
    13454,      124.733, 0.362,  1.989, 204,   0, 0
    13455,      124.740, 0.329,  0.876, 204,   0, 0
    13456,      124.746, 0.337,  1.130, 204,   0, 0
    13457,      124.754, 0.350,  1.524, 204,   0, 0
    13458,      124.761, 0.376,  2.342, 204,   0, 0
    13459,      124.767, 0.306,  0.078, 204,   0, 0
    13460,      124.776, 0.336,  1.013, 204,   0, 0
    13461,      124.813, 0.371,  2.132, 204,   0, 0
    13462,      124.821, 0.345,  1.243, 204,   0, 0
    13463,      124.829, 0.351,  1.415, 204,   0, 0
    13464,      124.836, 0.371,  2.063, 204,   0, 0
    13465,      124.844, 0.341,  1.040, 204,   0, 0
    13466,      124.851, 0.369,  1.926, 204,   0, 0
    13467,      124.858, 0.351,  1.302, 204,   0, 0
    13468,      124.865, 0.322,  0.367, 204,   0, 0
    13469,      124.873, 0.314,  0.103, 204,   0, 0
    13470,      124.880, 0.328,  0.533, 204,   0, 0
    13471,      124.912, 0.340,  0.912, 204,   0, 0
    13472,      124.920, 0.364,  1.657, 204,   0, 0
    13473,      124.926, 0.350,  1.177, 204,   0, 0
    13474,      124.933, 0.365,  1.634, 204,   0, 0
    13475,      124.939, 0.337,  0.740, 204,   0, 0
    13476,      124.949, 0.339,  0.796, 204,   0, 0
    13477,      124.955, 0.338,  0.755, 204,   0, 0
    13478,      124.964, 0.353,  1.190, 204,   0, 0
    13479,      124.971, 0.346,  0.977, 204,   0, 0
    13480,      124.978, 0.333,  0.574, 204,   0, 0
    13481,      125.006, 0.363,  1.481, 204,   0, 0
    13482,      125.013, 0.356,  1.243, 204,   0, 0
    13483,      125.021, 0.366,  1.522, 204,   0, 0
    13484,      125.030, 0.363,  1.419, 204,   0, 0
    13485,      125.037, 0.338,  0.645, 204,   0, 0
    13486,      125.045, 0.348,  0.927, 204,   0, 0
    13487,      125.052, 0.324,  0.222, 204,   0, 0
    13488,      125.060, 0.351,  1.006, 204,   0, 0
    13489,      125.068, 0.352,  1.024, 204,   0, 0
    13490,      125.074, 0.341,  0.696, 204,   0, 0
    13491,      125.106, 0.349,  0.928, 204,   0, 0
    13492,      125.113, 0.349,  0.917, 204,   0, 0
    13493,      125.119, 0.365,  1.363, 204,   0, 0
    13494,      125.128, 0.363,  1.306, 204,   0, 0
    13495,      125.135, 0.366,  1.357, 204,   0, 0
    13496,      125.143, 0.341,  0.621, 204,   0, 0
    13497,      125.151, 0.341,  0.612, 204,   0, 0
    13498,      125.158, 0.351,  0.886, 204,   0, 0
    13499,      125.165, 0.341,  0.596, 204,   0, 0
    13500,      125.171, 0.354,  0.945, 204,   0, 0
    13501,      125.199, 0.348,  0.772, 204,   0, 0
    13502,      125.204, 0.363,  1.196, 204,   0, 0
    13503,      125.211, 0.341,  0.554, 204,   0, 0
    13504,      125.216, 0.366,  1.253, 204,   0, 0
    13505,      125.222, 0.340,  0.504, 204,   0, 0
    13506,      125.229, 0.356,  0.950, 204,   0, 0
    13507,      125.235, 0.366,  1.208, 204,   0, 0
    13508,      125.241, 0.366,  1.188, 204,   0, 0
    13509,      125.247, 0.333,  0.267, 204,   0, 0
    13510,      125.255, 0.335,  0.300, 204,   0, 0
    13511,      125.287, 0.349,  0.691, 204,   0, 0
    13512,      125.295, 0.365,  1.107, 204,   0, 0
    13513,      125.301, 0.353,  0.758, 204,   0, 0
    13514,      125.310, 0.355,  0.813, 204,   0, 0
    13515,      125.317, 0.351,  0.686, 204,   0, 0
    13516,      125.323, 0.350,  0.645, 204,   0, 0
    13517,      125.330, 0.355,  0.793, 204,   0, 0
    13518,      125.337, 0.340,  0.375, 204,   0, 0
    13519,      125.343, 0.352,  0.709, 204,   0, 0
    13520,      125.349, 0.352,  0.710, 204,   0, 0
    13521,      125.384, 0.348,  0.594, 204,   0, 0
    13522,      125.392, 0.368,  1.159, 204,   0, 0
    13523,      125.400, 0.349,  0.621, 204,   0, 0
    13524,      125.408, 0.349,  0.619, 204,   0, 0
    13525,      125.415, 0.349,  0.609, 204,   0, 0
    13526,      125.423, 0.339,  0.325, 204,   0, 0
    13527,      125.430, 0.338,  0.280, 204,   0, 0
    13528,      125.437, 0.350,  0.607, 204,   0, 0
    13529,      125.445, 0.349,  0.572, 204,   0, 0
    13530,      125.453, 0.336,  0.162, 204,   0, 0
    13531,      125.484, 0.350,  0.578, 204,   0, 0
    13532,      125.490, 0.365,  1.004, 204,   0, 0
    13533,      125.499, 0.349,  0.515, 204,   0, 0
    13534,      125.508, 0.349,  0.504, 204,   0, 0
    13535,      125.516, 0.365,  1.002, 204,   0, 0
    13536,      125.521, 0.380,  1.531, 204,   0, 0
    13537,      125.528, 0.355,  0.656, 204,   0, 0
    13538,      125.534, 0.349,  0.435, 204,   0, 0
    13539,      125.541, 0.349,  0.422, 204,   0, 0
    13540,      125.547, 0.341,  0.090, 204,   0, 0
    13541,      125.576, 0.349,  0.399, 204,   0, 0
    13542,      125.587, 0.349,  0.386, 204,   0, 0
    13543,      125.597, 0.349,  0.372, 204,   0, 0
    13544,      125.607, 0.349,  0.358, 204,   0, 0
    13545,      125.616, 0.348,  0.294, 204,   0, 0
    13546,      125.627, 0.349,  0.331, 204,   0, 0
    13547,      125.634, 0.333, -0.433, 204,   0, 0
    13548,      125.641, 0.335, -0.353, 204,   0, 0
    13549,      125.648, 0.335, -0.356, 204,   0, 0
    13550,      125.655, 0.352,  0.427, 204,   0, 0
    13551,      125.686, 0.325, -0.976, 204,   0, 0
    13552,      125.693, 0.319, -1.334, 204,   0, 0
    13553,      125.699, 0.349,  0.263, 204,   0, 0
    13554,      125.704, 0.335, -0.530, 204,   0, 0
    13555,      125.710, 0.365,  1.131, 204,   0, 0
    13556,      125.716, 0.353,  0.427, 204,   0, 0
    13557,      125.722, 0.355,  0.535, 204,   0, 0
    13558,      125.729, 0.339, -0.550, 204,   0, 0
    13559,      125.737, 0.339, -0.619, 204,   0, 0
    13560,      125.744, 0.338, -0.746, 204,   0, 0
    13561,      125.773, 0.340, -0.654, 204,   0, 0
    13562,      125.779, 0.324, -1.914, 204,   0, 0
    13563,      125.787, 0.324, -1.883, 204,   0, 0
    13564,      125.794, 0.349,  0.097, 204,   0, 0
    13565,      125.800, 0.363,  1.228, 204,   0, 0
    13566,      125.808, 0.365,  1.300, 204,   0, 0
    13567,      125.816, 0.363,  1.189, 204,   0, 0
    13568,      125.823, 0.337, -0.815, 204,   0, 0
    13569,      125.829, 0.363,  1.169, 204,   0, 0
    13570,      125.836, 0.349,  0.074, 204,   0, 0
    13571,      125.868, 0.365,  1.247, 204,   0, 0
    13572,      125.876, 0.363,  1.134, 204,   0, 0
    13573,      125.882, 0.363,  1.115, 204,   0, 0
    13574,      125.888, 0.363,  1.101, 204,   0, 0
    13575,      125.896, 0.363,  1.099, 204,   0, 0
    13576,      125.904, 0.365,  1.178, 204,   0, 0
    13577,      125.912, 0.339, -0.734, 204,   0, 0
    13578,      125.919, 0.339, -0.726, 204,   0, 0
    13579,      125.927, 0.363,  1.105, 204,   0, 0
    13580,      125.936, 0.349, -0.008, 204,   0, 0
    13581,      125.970, 0.339, -0.859, 204,   0, 0
    13582,      125.978, 0.351,  0.128, 204,   0, 0
    13583,      125.986, 0.348, -0.102, 204,   0, 0
    13584,      125.993, 0.334, -1.233, 204,   0, 0
    13585,      125.999, 0.355,  0.486, 204,   0, 0
    13586,      126.005, 0.366,  1.373, 204,   0, 0
    13587,      126.011, 0.356,  0.585, 204,   0, 0
    13588,      126.017, 0.367,  1.472, 204,   0, 0
    13589,      126.023, 0.367,  1.458, 204,   0, 0
    13590,      126.030, 0.352,  0.180, 204,   0, 0
    13591,      126.057, 0.335, -1.307, 204,   0, 0
    13592,      126.062, 0.350,  0.038, 204,   0, 0
    13593,      126.068, 0.349, -0.062, 204,   0, 0
    13594,      126.074, 0.363,  1.159, 204,   0, 0
    13595,      126.079, 0.349, -0.061, 204,   0, 0
    13596,      126.085, 0.334, -1.384, 204,   0, 0
    13597,      126.095, 0.349, -0.066, 204,   0, 0
    13598,      126.104, 0.349, -0.074, 204,   0, 0
    13599,      126.111, 0.348, -0.176, 204,   0, 0
    13600,      126.118, 0.333, -1.440, 204,   0, 0
    13601,      126.154, 0.349, -0.072, 204,   0, 0
    13602,      126.160, 0.348, -0.168, 204,   0, 0
    13603,      126.168, 0.324, -2.269, 205,   1, 0
    13604,      126.181, 0.348, -0.130, 205,   0, 0
    13605,      126.190, 0.338, -0.970, 205,   0, 0
    13606,      126.198, 0.322, -2.337, 206,   1, 0
    13607,      126.212, 0.350,  0.036, 206,   0, 0
    13608,      126.223, 0.325, -2.102, 207,   1, 0
    13609,      126.236, 0.335, -1.200, 207,   0, 0
    13610,      126.243, 0.335, -1.181, 207,   0, 0
    13611,      126.274, 0.335, -1.172, 207,   0, 0
    13612,      126.280, 0.350,  0.062, 207,   0, 0
    13613,      126.285, 0.350,  0.062, 207,   0, 0
    13614,      126.292, 0.335, -1.154, 207,   0, 0
    13615,      126.300, 0.334, -1.242, 207,   0, 0
    13616,      126.308, 0.335, -1.116, 207,   0, 0
    13617,      126.315, 0.335, -1.107, 207,   0, 0
    13618,      126.323, 0.335, -1.099, 207,   0, 0
    13619,      126.330, 0.350,  0.134, 207,   0, 0
    13620,      126.337, 0.350,  0.128, 207,   0, 0
    13621,      126.370, 0.335, -1.089, 207,   0, 0
    13622,      126.378, 0.350,  0.139, 207,   0, 0
    13623,      126.386, 0.350,  0.150, 207,   0, 0
    13624,      126.393, 0.350,  0.144, 207,   0, 0
    13625,      126.402, 0.350,  0.157, 207,   0, 0
    13626,      126.410, 0.350,  0.150, 207,   0, 0
    13627,      126.417, 0.338, -0.816, 207,   0, 0
    13628,      126.423, 0.341, -0.576, 207,   0, 0
    13629,      126.431, 0.349,  0.144, 207,   0, 0
    13630,      126.438, 0.339, -0.736, 207,   0, 0
    13631,      126.470, 0.338, -0.812, 207,   0, 0
    13632,      126.477, 0.350,  0.243, 207,   0, 0
    13633,      126.485, 0.335, -1.090, 207,   0, 0
    13634,      126.493, 0.348,  0.076, 207,   0, 0
    13635,      126.499, 0.350,  0.274, 207,   0, 0
    13636,      126.506, 0.353,  0.521, 207,   0, 0
    13637,      126.512, 0.349,  0.185, 207,   0, 0
    13638,      126.518, 0.349,  0.190, 207,   0, 0
    13639,      126.526, 0.339, -0.743, 207,   0, 0
    13640,      126.533, 0.350,  0.279, 207,   0, 0
    13641,      126.566, 0.349,  0.200, 207,   0, 0
    13642,      126.574, 0.349,  0.193, 207,   0, 0
    13643,      126.580, 0.349,  0.216, 207,   0, 0
    13644,      126.588, 0.350,  0.324, 207,   0, 0
    13645,      126.594, 0.351,  0.411, 207,   0, 0
    13646,      126.600, 0.349,  0.207, 207,   0, 0
    13647,      126.607, 0.349,  0.201, 207,   0, 0
    13648,      126.613, 0.348,  0.085, 207,   0, 0
    13649,      126.621, 0.353,  0.534, 207,   0, 0
    13650,      126.629, 0.352,  0.423, 207,   0, 0
    13651,      126.663, 0.336, -0.963, 207,   0, 0
    13652,      126.671, 0.348,  0.082, 207,   0, 0
    13653,      126.679, 0.328, -1.672, 207,   0, 0
    13654,      126.688, 0.354,  0.614, 207,   0, 0
    13655,      126.695, 0.335, -1.064, 207,   0, 0
    13656,      126.703, 0.348,  0.130, 207,   0, 0
    13657,      126.709, 0.335, -1.066, 207,   0, 0
    13658,      126.715, 0.349,  0.287, 207,   0, 0
    13659,      126.721, 0.336, -0.929, 207,   0, 0
    13660,      126.727, 0.367,  1.962, 207,   0, 0
    13661,      126.755, 0.339, -0.611, 207,   0, 0
    13662,      126.763, 0.354,  0.707, 207,   0, 0
    13663,      126.770, 0.344, -0.194, 207,   0, 0
    13664,      126.777, 0.337, -0.849, 207,   0, 0
    13665,      126.785, 0.325, -1.910, 207,   0, 0
    13666,      126.793, 0.309, -3.280, 208,   1, 0
    13667,      126.807, 0.324, -1.863, 208,   0, 0
    13668,      126.814, 0.348,  0.218, 208,   0, 0
    13669,      126.822, 0.337, -0.745, 208,   0, 0
    13670,      126.830, 0.349,  0.311, 208,   0, 0
    13671,      126.860, 0.366,  1.739, 208,   0, 0
    13672,      126.867, 0.348,  0.182, 208,   0, 0
    13673,      126.873, 0.323, -1.960, 208,   0, 0
    13674,      126.879, 0.338, -0.709, 208,   0, 0
    13675,      126.885, 0.338, -0.667, 208,   0, 0
    13676,      126.891, 0.365,  1.657, 208,   0, 0
    13677,      126.897, 0.356,  0.896, 208,   0, 0
    13678,      126.905, 0.344, -0.139, 208,   0, 0
    13679,      126.912, 0.359,  1.093, 208,   0, 0
    13680,      126.918, 0.368,  1.908, 208,   0, 0
    13681,      126.947, 0.360,  1.137, 208,   0, 0
    13682,      126.955, 0.368,  1.840, 208,   0, 0
    13683,      126.964, 0.359,  1.002, 208,   0, 0
    13684,      126.973, 0.371,  2.083, 208,   0, 0
    13685,      126.980, 0.360,  1.043, 208,   0, 0
    13686,      126.988, 0.360,  1.049, 208,   0, 0
    13687,      126.994, 0.343, -0.357, 208,   0, 0
    13688,      126.999, 0.343, -0.345, 208,   0, 0
    13689,      127.005, 0.343, -0.312, 208,   0, 0
    13690,      127.013, 0.344, -0.202, 208,   0, 0
    13691,      127.049, 0.354,  0.641, 208,   0, 0
    13692,      127.058, 0.344, -0.193, 208,   0, 0
    13693,      127.065, 0.320, -2.298, 209,   1, 0
    13694,      127.078, 0.349,  0.255, 209,   0, 0
    13695,      127.088, 0.355,  0.781, 209,   0, 0
    13696,      127.097, 0.354,  0.687, 209,   0, 0
    13697,      127.104, 0.368,  1.976, 209,   0, 0
    13698,      127.111, 0.354,  0.649, 209,   0, 0
    13699,      127.119, 0.316, -2.672, 210,   1, 0
    13700,      127.132, 0.345, -0.089, 210,   0, 0
    13701,      127.171, 0.368,  1.890, 210,   0, 0
    13702,      127.179, 0.349,  0.255, 210,   0, 0
    13703,      127.188, 0.363,  1.428, 210,   0, 0
    13704,      127.196, 0.370,  2.020, 210,   0, 0
    13705,      127.203, 0.356,  0.790, 210,   0, 0
    13706,      127.210, 0.355,  0.722, 210,   0, 0
    13707,      127.217, 0.341, -0.437, 210,   0, 0
    13708,      127.223, 0.370,  2.008, 210,   0, 0
    13709,      127.229, 0.356,  0.820, 210,   0, 0
    13710,      127.235, 0.357,  0.931, 210,   0, 0
    13711,      127.266, 0.371,  2.112, 210,   0, 0
    13712,      127.273, 0.370,  1.963, 210,   0, 0
    13713,      127.282, 0.360,  1.051, 210,   0, 0
    13714,      127.291, 0.380,  2.693, 210,   0, 0
    13715,      127.299, 0.370,  1.789, 210,   0, 0
    13716,      127.307, 0.370,  1.814, 210,   0, 0
    13717,      127.314, 0.365,  1.343, 210,   0, 0
    13718,      127.323, 0.364,  1.279, 210,   0, 0
    13719,      127.331, 0.353,  0.378, 210,   0, 0
    13720,      127.339, 0.350,  0.137, 210,   0, 0
    13721,      127.372, 0.365,  1.298, 210,   0, 0
    13722,      127.379, 0.354,  0.446, 210,   0, 0
    13723,      127.387, 0.363,  1.138, 210,   0, 0
    13724,      127.394, 0.335, -1.039, 210,   0, 0
    13725,      127.402, 0.335, -1.026, 210,   0, 0
    13726,      127.410, 0.335, -1.022, 210,   0, 0
    13727,      127.418, 0.345, -0.240, 210,   0, 0
    13728,      127.428, 0.340, -0.670, 210,   0, 0
    13729,      127.436, 0.339, -0.716, 210,   0, 0
    13730,      127.444, 0.350,  0.153, 210,   0, 0
    13731,      127.477, 0.351,  0.169, 210,   0, 0
    13732,      127.485, 0.333, -1.226, 210,   0, 0
    13733,      127.491, 0.349,  0.043, 210,   0, 0
    13734,      127.497, 0.349,  0.043, 210,   0, 0
    13735,      127.503, 0.348, -0.062, 210,   0, 0
    13736,      127.510, 0.335, -1.124, 210,   0, 0
    13737,      127.520, 0.335, -1.124, 210,   0, 0
    13738,      127.528, 0.336, -1.022, 210,   0, 0
    13739,      127.535, 0.335, -1.126, 210,   0, 0
    13740,      127.542, 0.335, -1.110, 210,   0, 0
    13741,      127.576, 0.353,  0.329, 210,   0, 0
    13742,      127.583, 0.333, -1.227, 210,   0, 0
    13743,      127.588, 0.319, -2.291, 211,   1, 0
    13744,      127.599, 0.335, -1.052, 211,   0, 0
    13745,      127.606, 0.319, -2.204, 212,   1, 0
    13746,      127.617, 0.310, -2.847, 212,   2, 0
    13747,      127.629, 0.320, -1.994, 212,   0, 0
    13748,      127.638, 0.325, -1.629, 212,   0, 0
    13749,      127.647, 0.325, -1.603, 212,   0, 0
    13750,      127.654, 0.320, -1.893, 212,   0, 0
    13751,      127.688, 0.309, -2.644, 213,   1, 0
    13752,      127.700, 0.310, -2.477, 213,   2, 0
    13753,      127.714, 0.333, -0.854, 213,   0, 0
    13754,      127.723, 0.335, -0.773, 213,   0, 0
    13755,      127.731, 0.353,  0.416, 213,   0, 0
    13756,      127.740, 0.333, -0.845, 213,   0, 0
    13757,      127.747, 0.335, -0.753, 213,   0, 0
    13758,      127.753, 0.335, -0.743, 213,   0, 0
    13759,      127.760, 0.335, -0.734, 213,   0, 0
    13760,      127.768, 0.320, -1.673, 213,   0, 0
    13761,      127.806, 0.335, -0.707, 213,   0, 0
    13762,      127.814, 0.349,  0.232, 213,   0, 0
    13763,      127.821, 0.365,  1.230, 213,   0, 0
    13764,      127.828, 0.335, -0.702, 213,   0, 0
    13765,      127.835, 0.335, -0.692, 213,   0, 0
    13766,      127.844, 0.326, -1.268, 213,   0, 0
    13767,      127.854, 0.323, -1.402, 213,   0, 0
    13768,      127.862, 0.343, -0.101, 213,   0, 0
    13769,      127.870, 0.351,  0.365, 213,   0, 0
    13770,      127.879, 0.335, -0.634, 213,   0, 0
    13771,      127.907, 0.340, -0.315, 213,   0, 0
    13772,      127.913, 0.340, -0.317, 213,   0, 0
    13773,      127.919, 0.312, -2.058, 214,   1, 0
    13774,      127.933, 0.326, -1.162, 214,   0, 0
    13775,      127.941, 0.320, -1.497, 214,   0, 0
    13776,      127.948, 0.326, -1.126, 214,   0, 0
    13777,      127.955, 0.335, -0.563, 214,   0, 0
    13778,      127.965, 0.335, -0.563, 214,   0, 0
    13779,      127.973, 0.335, -0.556, 214,   0, 0
    13780,      127.980, 0.333, -0.655, 214,   0, 0
    13781,      128.009, 0.338, -0.340, 214,   0, 0
    13782,      128.015, 0.333, -0.641, 214,   0, 0
    13783,      128.020, 0.349,  0.345, 214,   0, 0
    13784,      128.026, 0.350,  0.369, 214,   0, 0
    13785,      128.032, 0.326, -1.088, 214,   0, 0
    13786,      128.037, 0.312, -1.941, 214,   0, 0
    13787,      128.043, 0.324, -1.196, 214,   0, 0
    13788,      128.049, 0.322, -1.321, 214,   0, 0
    13789,      128.058, 0.336, -0.438, 214,   0, 0
    13790,      128.065, 0.322, -1.305, 214,   0, 0
    13791,      128.093, 0.323, -1.205, 214,   0, 0
    13792,      128.100, 0.336, -0.401, 214,   0, 0
    13793,      128.109, 0.335, -0.483, 214,   0, 0
    13794,      128.115, 0.334, -0.570, 214,   0, 0
    13795,      128.124, 0.319, -1.488, 214,   0, 0
    13796,      128.133, 0.335, -0.475, 214,   0, 0
    13797,      128.141, 0.335, -0.463, 214,   0, 0
    13798,      128.148, 0.312, -1.849, 214,   0, 0
    13799,      128.156, 0.320, -1.316, 214,   0, 0
    13800,      128.164, 0.335, -0.410, 214,   0, 0
    13801,      128.196, 0.320, -1.290, 214,   0, 0
    13802,      128.203, 0.326, -0.919, 214,   0, 0
    13803,      128.210, 0.326, -0.905, 214,   0, 0
    13804,      128.219, 0.320, -1.242, 214,   0, 0
    13805,      128.228, 0.320, -1.227, 214,   0, 0
    13806,      128.235, 0.311, -1.749, 214,   0, 0
    13807,      128.242, 0.312, -1.675, 214,   0, 0
    13808,      128.248, 0.357,  1.089, 214,   0, 0
    13809,      128.255, 0.338, -0.098, 214,   0, 0
    13810,      128.262, 0.351,  0.695, 214,   0, 0
    13811,      128.293, 0.340,  0.050, 214,   0, 0
    13812,      128.300, 0.348,  0.540, 214,   0, 0
    13813,      128.306, 0.341,  0.091, 214,   0, 0
    13814,      128.312, 0.341,  0.119, 214,   0, 0
    13815,      128.317, 0.313, -1.610, 214,   0, 0
    13816,      128.323, 0.323, -0.953, 214,   0, 0
    13817,      128.332, 0.324, -0.853, 214,   0, 0
    13818,      128.340, 0.308, -1.860, 214,   0, 0
    13819,      128.345, 0.336, -0.123, 214,   0, 0
    13820,      128.351, 0.322, -1.003, 214,   0, 0
    13821,      128.380, 0.337, -0.054, 214,   0, 0
    13822,      128.389, 0.320, -1.066, 214,   0, 0
    13823,      128.396, 0.306, -1.910, 214,   0, 0
    13824,      128.404, 0.353,  0.981, 214,   0, 0
    13825,      128.411, 0.319, -1.068, 214,   0, 0
    13826,      128.418, 0.355,  1.149, 214,   0, 0
    13827,      128.424, 0.336, -0.036, 214,   0, 0
    13828,      128.433, 0.338,  0.079, 214,   0, 0
    13829,      128.441, 0.319, -1.051, 214,   0, 0
    13830,      128.452, 0.319, -1.034, 214,   0, 0
    13831,      128.487, 0.324, -0.716, 214,   0, 0
    13832,      128.493, 0.310, -1.660, 214,   0, 0
    13833,      128.500, 0.304, -2.016, 215,   1, 0
    13834,      128.511, 0.349,  1.002, 215,   0, 0
    13835,      128.517, 0.325, -0.611, 215,   0, 0
    13836,      128.524, 0.333,  0.006, 215,   0, 0
    13837,      128.533, 0.325, -0.595, 215,   0, 0
    13838,      128.538, 0.315, -1.280, 215,   0, 0
    13839,      128.544, 0.319, -1.010, 215,   0, 0
    13840,      128.551, 0.338,  0.452, 215,   0, 0
    13841,      128.580, 0.333,  0.096, 215,   0, 0
    13842,      128.589, 0.320, -0.887, 215,   0, 0
    13843,      128.597, 0.327, -0.324, 215,   0, 0
    13844,      128.606, 0.326, -0.420, 215,   0, 0
    13845,      128.614, 0.327, -0.353, 215,   0, 0
    13846,      128.620, 0.350,  1.532, 215,   0, 0
    13847,      128.627, 0.327, -0.323, 215,   0, 0
    13848,      128.633, 0.335,  0.310, 215,   0, 0
    13849,      128.640, 0.335,  0.313, 215,   0, 0
    13850,      128.646, 0.326, -0.399, 215,   0, 0
    13851,      128.674, 0.335,  0.310, 215,   0, 0
    13852,      128.680, 0.312, -1.513, 215,   0, 0
    13853,      128.687, 0.341,  0.873, 215,   0, 0
    13854,      128.695, 0.320, -0.827, 215,   0, 0
    13855,      128.703, 0.320, -0.813, 215,   0, 0
    13856,      128.711, 0.335,  0.414, 215,   0, 0
    13857,      128.719, 0.349,  1.606, 215,   0, 0
    13858,      128.726, 0.326, -0.332, 215,   0, 0
    13859,      128.733, 0.335,  0.438, 215,   0, 0
    13860,      128.741, 0.320, -0.795, 215,   0, 0
    13861,      128.772, 0.320, -0.783, 215,   0, 0
    13862,      128.778, 0.335,  0.443, 215,   0, 0
    13863,      128.785, 0.320, -0.751, 215,   0, 0
    13864,      128.792, 0.324, -0.459, 215,   0, 0
    13865,      128.798, 0.320, -0.765, 215,   0, 0
    13866,      128.804, 0.329, -0.010, 215,   0, 0
    13867,      128.814, 0.320, -0.788, 215,   0, 0
    13868,      128.820, 0.320, -0.788, 215,   0, 0
    13869,      128.827, 0.320, -0.783, 215,   0, 0
    13870,      128.836, 0.325, -0.393, 215,   0, 0
    13871,      128.866, 0.325, -0.397, 215,   0, 0
    13872,      128.873, 0.320, -0.803, 215,   0, 0
    13873,      128.879, 0.320, -0.818, 215,   0, 0
    13874,      128.886, 0.320, -0.806, 215,   0, 0
    13875,      128.892, 0.320, -0.794, 215,   0, 0
    13876,      128.899, 0.336,  0.606, 215,   0, 0
    13877,      128.906, 0.345,  1.343, 215,   0, 0
    13878,      128.913, 0.310, -1.644, 215,   0, 0
    13879,      128.923, 0.340,  0.955, 215,   0, 0
    13880,      128.934, 0.320, -0.762, 215,   0, 0
    13881,      128.963, 0.327, -0.215, 215,   0, 0
    13882,      128.969, 0.341,  1.014, 215,   0, 0
    13883,      128.975, 0.320, -0.757, 215,   0, 0
    13884,      128.980, 0.356,  2.452, 215,   0, 0
    13885,      128.986, 0.327, -0.138, 215,   0, 0
    13886,      128.992, 0.327, -0.187, 215,   0, 0
    13887,      128.998, 0.297, -2.767, 216,   1, 0
    13888,      129.010, 0.358,  2.450, 216,   0, 0
    13889,      129.019, 0.352,  1.878, 216,   0, 0
    13890,      129.026, 0.343,  1.133, 216,   0, 0
    13891,      129.057, 0.366,  3.044, 216,   0, 0
    13892,      129.065, 0.356,  2.148, 216,   0, 0
    13893,      129.073, 0.336,  0.541, 216,   0, 0
    13894,      129.082, 0.350,  1.655, 216,   0, 0
    13895,      129.089, 0.335,  0.421, 216,   0, 0
    13896,      129.094, 0.349,  1.510, 216,   0, 0
    13897,      129.100, 0.336,  0.494, 216,   0, 0
    13898,      129.106, 0.351,  1.604, 216,   0, 0
    13899,      129.112, 0.327, -0.209, 216,   0, 0
    13900,      129.119, 0.353,  1.737, 216,   0, 0
    13901,      129.147, 0.349,  1.424, 216,   0, 0
    13902,      129.153, 0.338,  0.546, 216,   0, 0
    13903,      129.159, 0.352,  1.591, 216,   0, 0
    13904,      129.165, 0.350,  1.485, 216,   0, 0
    13905,      129.171, 0.338,  0.539, 216,   0, 0
    13906,      129.179, 0.356,  1.919, 216,   0, 0
    13907,      129.188, 0.366,  2.588, 216,   0, 0
    13908,      129.195, 0.323, -0.577, 216,   0, 0
    13909,      129.203, 0.338,  0.462, 216,   0, 0
    13910,      129.210, 0.320, -0.781, 216,   0, 0
    13911,      129.246, 0.340,  0.622, 216,   0, 0
    13912,      129.253, 0.320, -0.789, 216,   0, 0
    13913,      129.263, 0.352,  1.495, 216,   0, 0
    13914,      129.270, 0.336,  0.310, 216,   0, 0
    13915,      129.278, 0.338,  0.448, 216,   0, 0
    13916,      129.286, 0.322, -0.698, 216,   0, 0
    13917,      129.295, 0.338,  0.500, 216,   0, 0
    13918,      129.305, 0.349,  1.239, 216,   0, 0
    13919,      129.314, 0.322, -0.714, 216,   0, 0
    13920,      129.323, 0.338,  0.421, 216,   0, 0
    13921,      129.352, 0.338,  0.419, 216,   0, 0
    13922,      129.358, 0.371,  2.778, 216,   0, 0
    13923,      129.364, 0.336,  0.272, 216,   0, 0
    13924,      129.370, 0.323, -0.638, 216,   0, 0
    13925,      129.376, 0.349,  1.178, 216,   0, 0
    13926,      129.383, 0.322, -0.756, 216,   0, 0
    13927,      129.391, 0.312, -1.435, 216,   0, 0
    13928,      129.397, 0.320, -0.868, 216,   0, 0
    13929,      129.404, 0.335,  0.178, 216,   0, 0
    13930,      129.412, 0.335,  0.219, 216,   0, 0
    13931,      129.445, 0.329, -0.203, 216,   0, 0
    13932,      129.454, 0.341,  0.643, 216,   0, 0
    13933,      129.462, 0.322, -0.740, 216,   0, 0
    13934,      129.471, 0.327, -0.343, 216,   0, 0
    13935,      129.478, 0.345,  0.936, 216,   0, 0
    13936,      129.486, 0.329, -0.194, 216,   0, 0
    13937,      129.494, 0.320, -0.852, 216,   0, 0
    13938,      129.499, 0.333,  0.091, 216,   0, 0
    13939,      129.505, 0.319, -0.929, 216,   0, 0
    13940,      129.511, 0.320, -0.862, 216,   0, 0
    13941,      129.543, 0.322, -0.756, 216,   0, 0
    13942,      129.552, 0.329, -0.192, 216,   0, 0
    13943,      129.558, 0.320, -0.858, 216,   0, 0
    13944,      129.566, 0.326, -0.414, 216,   0, 0
    13945,      129.573, 0.243, -6.532, 217,   1, 0
    13946,      129.587, 0.220, -7.079, 217,   2, 0
    13947,      129.600, 0.275, -2.987, 217,   3, 0
    13948,      129.615, 0.311, -0.970, 217,   0, 0
    13949,      129.623, 0.324, -0.304, 217,   0, 0
    13950,      129.630, 0.336,  0.330, 217,   0, 0
    13951,      129.665, 0.326, -0.193, 217,   0, 0
    13952,      129.674, 0.326, -0.194, 217,   0, 0
    13953,      129.680, 0.321, -0.464, 217,   0, 0
    13954,      129.686, 0.323, -0.359, 217,   0, 0
    13955,      129.692, 0.341,  0.590, 217,   0, 0
    13956,      129.698, 0.350,  1.076, 217,   0, 0
    13957,      129.704, 0.338,  0.395, 217,   0, 0
    13958,      129.710, 0.322, -0.409, 217,   0, 0
    13959,      129.716, 0.336,  0.313, 217,   0, 0
    13960,      129.721, 0.319, -0.566, 217,   0, 0
    13961,      129.750, 0.322, -0.450, 217,   0, 0
    13962,      129.756, 0.327, -0.144, 217,   0, 0
    13963,      129.763, 0.352,  1.147, 217,   0, 0
    13964,      129.769, 0.320, -0.532, 217,   0, 0
    13965,      129.777, 0.336,  0.303, 217,   0, 0
    13966,      129.785, 0.327, -0.159, 217,   0, 0
    13967,      129.794, 0.338,  0.386, 217,   0, 0
    13968,      129.802, 0.352,  1.137, 217,   0, 0
    13969,      129.810, 0.352,  1.124, 217,   0, 0
    13970,      129.817, 0.336,  0.283, 217,   0, 0
    13971,      129.847, 0.350,  1.027, 217,   0, 0
    13972,      129.855, 0.352,  1.095, 217,   0, 0
    13973,      129.863, 0.352,  1.077, 217,   0, 0
    13974,      129.871, 0.350,  0.989, 217,   0, 0
    13975,      129.878, 0.335,  0.169, 217,   0, 0
    13976,      129.885, 0.367,  1.829, 217,   0, 0
    13977,      129.893, 0.351,  0.987, 217,   0, 0
    13978,      129.900, 0.351,  0.985, 217,   0, 0
    13979,      129.909, 0.338,  0.277, 217,   0, 0
    13980,      129.915, 0.349,  0.843, 217,   0, 0
    13981,      129.944, 0.350,  0.912, 217,   0, 0
    13982,      129.949, 0.349,  0.833, 217,   0, 0
    13983,      129.955, 0.334,  0.061, 217,   0, 0
    13984,      129.961, 0.339,  0.291, 217,   0, 0
    13985,      129.967, 0.350,  0.868, 217,   0, 0
    13986,      129.974, 0.336,  0.157, 217,   0, 0
    13987,      129.982, 0.319, -0.720, 217,   0, 0
    13988,      129.989, 0.320, -0.646, 217,   0, 0
    13989,      129.996, 0.336,  0.129, 217,   0, 0
    13990,      130.003, 0.336,  0.141, 217,   0, 0
    13991,      130.035, 0.337,  0.174, 217,   0, 0
    13992,      130.044, 0.336,  0.131, 217,   0, 0
    13993,      130.053, 0.328, -0.282, 217,   0, 0
    13994,      130.063, 0.339,  0.280, 217,   0, 0
    13995,      130.071, 0.323, -0.544, 217,   0, 0
    13996,      130.077, 0.338,  0.186, 217,   0, 0
    13997,      130.084, 0.322, -0.619, 217,   0, 0
    13998,      130.089, 0.322, -0.609, 217,   0, 0
    13999,      130.095, 0.352,  0.900, 217,   0, 0
    14000,      130.101, 0.313, -1.067, 217,   0, 0
    14001,      130.135, 0.298, -1.798, 217,   0, 0
    14002,      130.143, 0.313, -1.036, 217,   0, 0
    14003,      130.152, 0.322, -0.582, 217,   0, 0
    14004,      130.163, 0.322, -0.582, 217,   0, 0
    14005,      130.171, 0.321, -0.613, 217,   0, 0
    14006,      130.180, 0.321, -0.605, 217,   0, 0
    14007,      130.189, 0.336,  0.156, 217,   0, 0
    14008,      130.198, 0.320, -0.694, 217,   0, 0
    14009,      130.205, 0.336,  0.168, 217,   0, 0
    14010,      130.211, 0.334,  0.036, 217,   0, 0
    14011,      130.249, 0.305, -1.407, 217,   0, 0
    14012,      130.255, 0.336,  0.196, 217,   0, 0
    14013,      130.263, 0.313, -0.993, 217,   0, 0
    14014,      130.270, 0.322, -0.526, 217,   0, 0
    14015,      130.279, 0.312, -1.007, 217,   0, 0
    14016,      130.287, 0.297, -1.761, 217,   0, 0
    14017,      130.296, 0.336,  0.266, 217,   0, 0
    14018,      130.302, 0.307, -1.236, 217,   0, 0
    14019,      130.308, 0.313, -0.904, 217,   0, 0
    14020,      130.315, 0.329, -0.095, 217,   0, 0
    14021,      130.345, 0.313, -0.857, 217,   0, 0
    14022,      130.353, 0.296, -1.717, 217,   0, 0
    14023,      130.361, 0.328, -0.085, 217,   0, 0
    14024,      130.367, 0.316, -0.688, 217,   0, 0
    14025,      130.373, 0.303, -1.338, 217,   0, 0
    14026,      130.381, 0.322, -0.332, 217,   0, 0
    14027,      130.389, 0.322, -0.321, 217,   0, 0
    14028,      130.395, 0.336,  0.401, 217,   0, 0
    14029,      130.401, 0.327, -0.091, 217,   0, 0
    14030,      130.406, 0.322, -0.308, 217,   0, 0
    14031,      130.438, 0.338,  0.471, 217,   0, 0
    14032,      130.445, 0.350,  1.129, 217,   0, 0
    14033,      130.452, 0.352,  1.195, 217,   0, 0
    14034,      130.460, 0.338,  0.457, 217,   0, 0
    14035,      130.469, 0.338,  0.457, 217,   0, 0
    14036,      130.479, 0.324, -0.229, 217,   0, 0
    14037,      130.487, 0.322, -0.321, 217,   0, 0
    14038,      130.496, 0.350,  1.117, 217,   0, 0
    14039,      130.504, 0.353,  1.251, 217,   0, 0
    14040,      130.511, 0.323, -0.288, 217,   0, 0
    14041,      130.541, 0.336,  0.374, 217,   0, 0
    14042,      130.547, 0.353,  1.228, 217,   0, 0
    14043,      130.553, 0.338,  0.467, 217,   0, 0
    14044,      130.559, 0.338,  0.466, 217,   0, 0
    14045,      130.566, 0.335,  0.318, 217,   0, 0
    14046,      130.572, 0.350,  1.129, 217,   0, 0
    14047,      130.577, 0.317, -0.584, 217,   0, 0
    14048,      130.584, 0.349,  1.050, 217,   0, 0
    14049,      130.590, 0.335,  0.301, 217,   0, 0
    14050,      130.597, 0.336,  0.363, 217,   0, 0
    14051,      130.633, 0.321, -0.422, 217,   0, 0
    14052,      130.642, 0.334,  0.276, 217,   0, 0
    14053,      130.651, 0.334,  0.280, 217,   0, 0
    14054,      130.658, 0.333,  0.219, 217,   0, 0
    14055,      130.666, 0.309, -1.033, 217,   0, 0
    14056,      130.675, 0.320, -0.434, 217,   0, 0
    14057,      130.684, 0.318, -0.543, 217,   0, 0
    14058,      130.693, 0.323, -0.301, 217,   0, 0
    14059,      130.699, 0.318, -0.538, 217,   0, 0
    14060,      130.706, 0.321, -0.397, 217,   0, 0
    14061,      130.736, 0.323, -0.296, 217,   0, 0
    14062,      130.742, 0.319, -0.464, 217,   0, 0
    14063,      130.747, 0.334,  0.260, 217,   0, 0
    14064,      130.756, 0.336,  0.394, 217,   0, 0
    14065,      130.764, 0.320, -0.465, 217,   0, 0
    14066,      130.771, 0.319, -0.547, 217,   0, 0
    14067,      130.777, 0.335,  0.327, 217,   0, 0
    14068,      130.783, 0.336,  0.366, 217,   0, 0
    14069,      130.788, 0.351,  1.430, 217,   0, 0
    14070,      130.795, 0.343,  0.819, 217,   0, 0
    14071,      130.826, 0.325, -0.450, 217,   0, 0
    14072,      130.834, 0.328, -0.200, 217,   0, 0
    14073,      130.842, 0.309, -1.558, 217,   0, 0
    14074,      130.848, 0.337,  0.404, 217,   0, 0
    14075,      130.857, 0.326, -0.363, 217,   0, 0
    14076,      130.865, 0.296, -2.500, 218,   1, 0
    14077,      130.882, 0.313, -1.217, 218,   0, 0
    14078,      130.891, 0.338,  0.543, 218,   0, 0
    14079,      130.900, 0.341,  0.701, 218,   0, 0
    14080,      130.908, 0.313, -1.212, 218,   0, 0
    14081,      130.943, 0.325, -0.391, 218,   0, 0
    14082,      130.950, 0.324, -0.478, 218,   0, 0
    14083,      130.957, 0.324, -0.475, 218,   0, 0
    14084,      130.964, 0.310, -1.400, 218,   0, 0
    14085,      130.971, 0.309, -1.469, 218,   0, 0
    14086,      130.978, 0.309, -1.442, 218,   0, 0
    14087,      130.986, 0.339,  0.655, 218,   0, 0
    14088,      130.994, 0.310, -1.320, 218,   0, 0
    14089,      131.001, 0.294, -2.394, 219,   1, 0
    14090,      131.014, 0.296, -2.232, 219,   2, 0
    14091,      131.048, 0.296, -2.167, 219,   3, 0
    14092,      131.060, 0.296, -2.115, 219,   4, 0
    14093,      131.071, 0.296, -2.068, 219,   5, 0
    14094,      131.082, 0.296, -2.023, 219,   6, 0
    14095,      131.098, 0.298, -1.839, 219,   0, 0
    14096,      131.106, 0.296, -1.935, 219,   0, 0
    14097,      131.114, 0.335,  0.572, 219,   0, 0
    14098,      131.122, 0.296, -1.907, 219,   0, 0
    14099,      131.128, 0.320, -0.328, 219,   0, 0
    14100,      131.136, 0.350,  1.570, 219,   0, 0
    14101,      131.173, 0.335,  0.624, 219,   0, 0
    14102,      131.180, 0.323, -0.126, 219,   0, 0
    14103,      131.187, 0.293, -2.106, 220,   1, 0
    14104,      131.200, 0.336,  0.765, 220,   0, 0
    14105,      131.209, 0.338,  0.845, 220,   0, 0
    14106,      131.217, 0.338,  0.859, 220,   0, 0
    14107,      131.224, 0.323, -0.082, 220,   0, 0
    14108,      131.230, 0.338,  0.856, 220,   0, 0
    14109,      131.236, 0.338,  0.845, 220,   0, 0
    14110,      131.242, 0.336,  0.764, 220,   0, 0
    14111,      131.269, 0.322, -0.195, 220,   0, 0
    14112,      131.275, 0.323, -0.069, 220,   0, 0
    14113,      131.281, 0.335,  0.688, 220,   0, 0
    14114,      131.286, 0.330,  0.382, 220,   0, 0
    14115,      131.292, 0.350,  1.687, 220,   0, 0
    14116,      131.298, 0.339,  0.947, 220,   0, 0
    14117,      131.304, 0.330,  0.383, 220,   0, 0
    14118,      131.312, 0.344,  1.274, 220,   0, 0
    14119,      131.321, 0.344,  1.237, 220,   0, 0
    14120,      131.328, 0.325,  0.023, 220,   0, 0
    14121,      131.361, 0.339,  0.927, 220,   0, 0
    14122,      131.368, 0.326,  0.050, 220,   0, 0
    14123,      131.377, 0.339,  0.924, 220,   0, 0
    14124,      131.385, 0.326,  0.033, 220,   0, 0
    14125,      131.393, 0.326,  0.031, 220,   0, 0
    14126,      131.401, 0.326,  0.049, 220,   0, 0
    14127,      131.408, 0.325, -0.049, 220,   0, 0
    14128,      131.415, 0.321, -0.280, 220,   0, 0
    14129,      131.425, 0.310, -1.005, 220,   0, 0
    14130,      131.432, 0.321, -0.266, 220,   0, 0
    14131,      131.465, 0.320, -0.325, 220,   0, 0
    14132,      131.472, 0.309, -1.093, 220,   0, 0
    14133,      131.478, 0.321, -0.254, 220,   0, 0
    14134,      131.485, 0.325, -0.021, 220,   0, 0
    14135,      131.490, 0.294, -2.029, 221,   1, 0
    14136,      131.502, 0.335,  0.640, 221,   0, 0
    14137,      131.510, 0.329,  0.263, 221,   0, 0
    14138,      131.517, 0.306, -1.243, 221,   0, 0
    14139,      131.522, 0.350,  1.636, 221,   0, 0
    14140,      131.528, 0.327,  0.098, 221,   0, 0
    14141,      131.558, 0.350,  1.566, 221,   0, 0
    14142,      131.565, 0.352,  1.667, 221,   0, 0
    14143,      131.571, 0.350,  1.532, 221,   0, 0
    14144,      131.578, 0.355,  1.842, 221,   0, 0
    14145,      131.584, 0.365,  2.415, 221,   0, 0
    14146,      131.592, 0.338,  0.673, 221,   0, 0
    14147,      131.599, 0.339,  0.740, 221,   0, 0
    14148,      131.606, 0.327, -0.009, 221,   0, 0
    14149,      131.613, 0.326, -0.081, 221,   0, 0
    14150,      131.619, 0.349,  1.356, 221,   0, 0
    14151,      131.652, 0.326, -0.108, 221,   0, 0
    14152,      131.659, 0.364,  2.280, 221,   0, 0
    14153,      131.668, 0.364,  2.243, 221,   0, 0
    14154,      131.683, 0.353,  1.507, 221,   0, 0
    14155,      131.692, 0.351,  1.373, 221,   0, 0
    14156,      131.701, 0.351,  1.358, 221,   0, 0
    14157,      131.708, 0.350,  1.262, 221,   0, 0
    14158,      131.715, 0.340,  0.696, 221,   0, 0
    14159,      131.722, 0.348,  1.155, 221,   0, 0
    14160,      131.731, 0.325, -0.221, 221,   0, 0
    14161,      131.762, 0.341,  0.753, 221,   0, 0
    14162,      131.768, 0.338,  0.564, 221,   0, 0
    14163,      131.774, 0.336,  0.477, 221,   0, 0
    14164,      131.781, 0.370,  2.477, 221,   0, 0
    14165,      131.790, 0.355,  1.541, 221,   0, 0
    14166,      131.798, 0.343,  0.815, 221,   0, 0
    14167,      131.804, 0.341,  0.725, 221,   0, 0
    14168,      131.810, 0.342,  0.780, 221,   0, 0
    14169,      131.817, 0.371,  2.495, 221,   0, 0
    14170,      131.823, 0.370,  2.351, 221,   0, 0
    14171,      131.858, 0.345,  0.881, 221,   0, 0
    14172,      131.866, 0.326, -0.210, 221,   0, 0
    14173,      131.874, 0.355,  1.410, 221,   0, 0
    14174,      131.881, 0.355,  1.390, 221,   0, 0
    14175,      131.890, 0.356,  1.440, 221,   0, 0
    14176,      131.899, 0.355,  1.358, 221,   0, 0
    14177,      131.907, 0.356,  1.389, 221,   0, 0
    14178,      131.914, 0.313, -0.949, 221,   0, 0
    14179,      131.922, 0.303, -1.484, 221,   0, 0
    14180,      131.929, 0.312, -1.002, 221,   0, 0
    14181,      131.964, 0.316, -0.792, 221,   0, 0
    14182,      131.970, 0.338,  0.367, 221,   0, 0
    14183,      131.976, 0.293, -2.022, 222,   1, 0
    14184,      131.987, 0.326, -0.237, 222,   0, 0
    14185,      131.994, 0.330, -0.033, 222,   0, 0
    14186,      132.001, 0.328, -0.113, 222,   0, 0
    14187,      132.009, 0.350,  1.001, 222,   0, 0
    14188,      132.018, 0.350,  0.991, 222,   0, 0
    14189,      132.024, 0.330, -0.027, 222,   0, 0
    14190,      132.030, 0.336,  0.288, 222,   0, 0
    14191,      132.059, 0.335,  0.228, 222,   0, 0
    14192,      132.066, 0.351,  1.058, 222,   0, 0
    14193,      132.074, 0.350,  0.980, 222,   0, 0
    14194,      132.081, 0.335,  0.195, 222,   0, 0
    14195,      132.088, 0.336,  0.272, 222,   0, 0
    14196,      132.095, 0.339,  0.417, 222,   0, 0
    14197,      132.103, 0.322, -0.500, 222,   0, 0
    14198,      132.112, 0.360,  1.520, 222,   0, 0
    14199,      132.118, 0.350,  0.935, 222,   0, 0
    14200,      132.127, 0.325, -0.373, 222,   0, 0
    14201,      132.161, 0.339,  0.392, 222,   0, 0
    14202,      132.169, 0.337,  0.245, 222,   0, 0
    14203,      132.176, 0.325, -0.372, 222,   0, 0
    14204,      132.183, 0.307, -1.310, 222,   0, 0
    14205,      132.190, 0.312, -1.065, 222,   0, 0
    14206,      132.198, 0.327, -0.261, 222,   0, 0
    14207,      132.206, 0.316, -0.887, 222,   0, 0
    14208,      132.213, 0.322, -0.537, 222,   0, 0
    14209,      132.221, 0.337,  0.238, 222,   0, 0
    14210,      132.228, 0.307, -1.407, 222,   0, 0
    14211,      132.260, 0.307, -1.424, 222,   0, 0
    14212,      132.267, 0.321, -0.635, 222,   0, 0
    14213,      132.275, 0.310, -1.285, 222,   0, 0
    14214,      132.281, 0.324, -0.547, 222,   0, 0
    14215,      132.286, 0.310, -1.374, 222,   0, 0
    14216,      132.294, 0.365,  1.814, 222,   0, 0
    14217,      132.300, 0.323, -0.663, 222,   0, 0
    14218,      132.306, 0.341,  0.422, 222,   0, 0
    14219,      132.312, 0.355,  1.238, 222,   0, 0
    14220,      132.319, 0.341,  0.362, 222,   0, 0
    14221,      132.356, 0.351,  0.969, 222,   0, 0
    14222,      132.364, 0.351,  0.957, 222,   0, 0
    14223,      132.371, 0.326, -0.535, 222,   0, 0
    14224,      132.380, 0.313, -1.336, 222,   0, 0
    14225,      132.388, 0.316, -1.129, 222,   0, 0
    14226,      132.396, 0.341,  0.382, 222,   0, 0
    14227,      132.404, 0.335,  0.000, 222,   0, 0
    14228,      132.411, 0.350,  0.880, 222,   0, 0
    14229,      132.417, 0.350,  0.872, 222,   0, 0
    14230,      132.425, 0.340,  0.278, 222,   0, 0
    14231,      132.490, 0.322, -0.813, 222,   0, 0
    14232,      132.498, 0.329, -0.391, 222,   0, 0
    14233,      132.505, 0.345,  0.593, 222,   0, 0
    14234,      132.512, 0.365,  1.806, 222,   0, 0
    14235,      132.520, 0.339,  0.211, 222,   0, 0
    14236,      132.529, 0.320, -0.911, 222,   0, 0
    14237,      132.538, 0.307, -1.651, 222,   0, 0
    14238,      132.547, 0.357,  1.307, 222,   0, 0
    14239,      132.555, 0.302, -1.946, 222,   0, 0
    14240,      132.563, 0.272, -3.630, 223,   1, 0
    14241,      132.596, 0.272, -3.427, 223,   2, 0
    14242,      132.611, 0.305, -1.511, 223,   0, 0
    14243,      132.618, 0.302, -1.647, 223,   0, 0
    14244,      132.625, 0.303, -1.535, 223,   0, 0
    14245,      132.632, 0.302, -1.590, 223,   0, 0
    14246,      132.641, 0.294, -1.972, 223,   0, 0
    14247,      132.648, 0.285, -2.372, 224,   1, 0
    14248,      132.662, 0.285, -2.304, 224,   2, 0
    14249,      132.673, 0.285, -2.208, 224,   3, 0
    14250,      132.684, 0.285, -2.199, 224,   4, 0
    14251,      132.720, 0.308, -1.099, 224,   0, 0
    14252,      132.729, 0.299, -1.500, 224,   0, 0
    14253,      132.739, 0.295, -1.669, 224,   0, 0
    14254,      132.746, 0.294, -1.687, 224,   0, 0
    14255,      132.753, 0.285, -2.017, 225,   1, 0
    14256,      132.766, 0.313, -0.779, 225,   0, 0
    14257,      132.774, 0.365,  1.494, 225,   0, 0
    14258,      132.781, 0.336,  0.232, 225,   0, 0
    14259,      132.789, 0.312, -0.851, 225,   0, 0
    14260,      132.796, 0.332,  0.049, 225,   0, 0
    14261,      132.826, 0.335,  0.171, 225,   0, 0
    14262,      132.835, 0.341,  0.453, 225,   0, 0
    14263,      132.842, 0.326, -0.213, 225,   0, 0
    14264,      132.848, 0.305, -1.121, 225,   0, 0
    14265,      132.854, 0.305, -1.113, 225,   0, 0
    14266,      132.860, 0.305, -1.096, 225,   0, 0
    14267,      132.866, 0.320, -0.395, 225,   0, 0
    14268,      132.872, 0.305, -1.062, 225,   0, 0
    14269,      132.878, 0.312, -0.737, 225,   0, 0
    14270,      132.884, 0.320, -0.372, 225,   0, 0
    14271,      132.913, 0.320, -0.362, 225,   0, 0
    14272,      132.921, 0.305, -1.031, 225,   0, 0
    14273,      132.929, 0.306, -0.975, 225,   0, 0
    14274,      132.937, 0.296, -1.409, 225,   0, 0
    14275,      132.946, 0.294, -1.460, 225,   0, 0
    14276,      132.956, 0.305, -0.952, 225,   0, 0
    14277,      132.964, 0.306, -0.896, 225,   0, 0
    14278,      132.970, 0.290, -1.577, 225,   0, 0
    14279,      132.976, 0.281, -1.956, 225,   0, 0
    14280,      132.982, 0.292, -1.425, 225,   0, 0
    14281,      133.009, 0.296, -1.248, 225,   0, 0
    14282,      133.016, 0.309, -0.669, 225,   0, 0
    14283,      133.024, 0.306, -0.783, 225,   0, 0
    14284,      133.031, 0.305, -0.811, 225,   0, 0
    14285,      133.039, 0.290, -1.440, 225,   0, 0
    14286,      133.046, 0.284, -1.669, 225,   0, 0
    14287,      133.054, 0.299, -1.017, 225,   0, 0
    14288,      133.063, 0.309, -0.556, 225,   0, 0
    14289,      133.071, 0.292, -1.281, 225,   0, 0
    14290,      133.080, 0.308, -0.574, 225,   0, 0
    14291,      133.114, 0.308, -0.562, 225,   0, 0
    14292,      133.120, 0.308, -0.550, 225,   0, 0
    14293,      133.126, 0.293, -1.182, 225,   0, 0
    14294,      133.132, 0.323,  0.161, 225,   0, 0
    14295,      133.138, 0.310, -0.412, 225,   0, 0
    14296,      133.145, 0.290, -1.304, 225,   0, 0
    14297,      133.152, 0.277, -1.904, 225,   0, 0
    14298,      133.159, 0.290, -1.258, 225,   0, 0
    14299,      133.164, 0.278, -1.783, 225,   0, 0
    14300,      133.174, 0.320,  0.133, 225,   0, 0
    14301,      133.203, 0.278, -1.757, 225,   0, 0
    14302,      133.209, 0.278, -1.721, 225,   0, 0
    14303,      133.215, 0.277, -1.749, 225,   0, 0
    14304,      133.221, 0.275, -1.808, 225,   0, 0
    14305,      133.228, 0.275, -1.767, 225,   0, 0
    14306,      133.238, 0.293, -0.975, 225,   0, 0
    14307,      133.245, 0.275, -1.711, 225,   0, 0
    14308,      133.252, 0.278, -1.541, 225,   0, 0
    14309,      133.259, 0.278, -1.515, 225,   0, 0
    14310,      133.268, 0.294, -0.837, 225,   0, 0
    14311,      133.303, 0.289, -1.025, 225,   0, 0
    14312,      133.313, 0.289, -1.018, 225,   0, 0
    14313,      133.322, 0.290, -0.938, 225,   0, 0
    14314,      133.330, 0.245, -2.848, 226,   1, 0
    14315,      133.343, 0.243, -2.817, 226,   2, 0
    14316,      133.355, 0.290, -0.812, 226,   0, 0
    14317,      133.361, 0.275, -1.413, 226,   0, 0
    14318,      133.368, 0.245, -2.594, 227,   1, 0
    14319,      133.381, 0.274, -1.396, 227,   0, 0
    14320,      133.388, 0.251, -2.290, 228,   1, 0
    14321,      133.425, 0.290, -0.670, 228,   0, 0
    14322,      133.432, 0.273, -1.321, 228,   0, 0
    14323,      133.438, 0.258, -1.905, 228,   0, 0
    14324,      133.445, 0.290, -0.605, 228,   0, 0
    14325,      133.451, 0.245, -2.349, 229,   1, 0
    14326,      133.462, 0.273, -1.214, 229,   0, 0
    14327,      133.469, 0.260, -1.678, 229,   0, 0
    14328,      133.477, 0.276, -1.060, 229,   0, 0
    14329,      133.485, 0.273, -1.145, 229,   0, 0
    14330,      133.493, 0.304,  0.015, 229,   0, 0
    14331,      133.526, 0.275, -1.071, 229,   0, 0
    14332,      133.535, 0.289, -0.532, 229,   0, 0
    14333,      133.544, 0.260, -1.583, 229,   0, 0
    14334,      133.551, 0.278, -0.884, 229,   0, 0
    14335,      133.558, 0.278, -0.870, 229,   0, 0
    14336,      133.565, 0.277, -0.911, 229,   0, 0
    14337,      133.572, 0.247, -2.027, 230,   1, 0
    14338,      133.585, 0.294, -0.242, 230,   0, 0
    14339,      133.592, 0.307,  0.250, 230,   0, 0
    14340,      133.598, 0.292, -0.277, 230,   0, 0
    14341,      133.629, 0.245, -2.075, 231,   1, 0
    14342,      133.642, 0.268, -1.151, 231,   0, 0
    14343,      133.651, 0.269, -1.111, 231,   0, 0
    14344,      133.658, 0.278, -0.727, 231,   0, 0
    14345,      133.664, 0.292, -0.185, 231,   0, 0
    14346,      133.669, 0.297,  0.037, 231,   0, 0
    14347,      133.676, 0.294, -0.091, 231,   0, 0
    14348,      133.683, 0.289, -0.275, 231,   0, 0
    14349,      133.689, 0.293, -0.090, 231,   0, 0
    14350,      133.695, 0.282, -0.548, 231,   0, 0
    14351,      133.728, 0.295,  0.040, 231,   0, 0
    14352,      133.737, 0.294,  0.007, 231,   0, 0
    14353,      133.745, 0.306,  0.520, 231,   0, 0
    14354,      133.754, 0.293, -0.018, 231,   0, 0
    14355,      133.763, 0.295,  0.109, 231,   0, 0
    14356,      133.770, 0.298,  0.263, 231,   0, 0
    14357,      133.778, 0.287, -0.244, 231,   0, 0
    14358,      133.785, 0.295,  0.146, 231,   0, 0
    14359,      133.793, 0.294,  0.106, 231,   0, 0
    14360,      133.800, 0.294,  0.109, 231,   0, 0
    14361,      133.835, 0.287, -0.232, 231,   0, 0
    14362,      133.843, 0.282, -0.474, 231,   0, 0
    14363,      133.850, 0.287, -0.225, 231,   0, 0
    14364,      133.858, 0.257, -1.706, 231,   0, 0
    14365,      133.874, 0.288, -0.154, 231,   0, 0
    14366,      133.883, 0.279, -0.584, 231,   0, 0
    14367,      133.890, 0.303,  0.585, 231,   0, 0
    14368,      133.897, 0.294,  0.132, 231,   0, 0
    14369,      133.904, 0.273, -0.869, 231,   0, 0
    14370,      133.912, 0.286, -0.232, 231,   0, 0
    14371,      133.944, 0.289, -0.100, 231,   0, 0
    14372,      133.950, 0.258, -1.603, 231,   0, 0
    14373,      133.957, 0.257, -1.623, 231,   0, 0
    14374,      133.964, 0.278, -0.580, 231,   0, 0
    14375,      133.973, 0.274, -0.758, 231,   0, 0
    14376,      133.982, 0.293,  0.130, 231,   0, 0
    14377,      133.991, 0.326,  1.746, 231,   0, 0
    14378,      133.997, 0.293,  0.193, 231,   0, 0
    14379,      134.006, 0.335,  2.317, 231,   0, 0
    14380,      134.014, 0.349,  2.994, 231,   0, 0
    14381,      134.058, 0.352,  3.072, 231,   0, 0
    14382,      134.067, 0.305,  0.734, 231,   0, 0
    14383,      134.075, 0.351,  3.038, 231,   0, 0
    14384,      134.084, 0.347,  2.761, 231,   0, 0
    14385,      134.094, 0.333,  2.045, 231,   0, 0
    14386,      134.103, 0.351,  2.803, 231,   0, 0
    14387,      134.112, 0.319,  1.267, 231,   0, 0
    14388,      134.119, 0.336,  2.056, 231,   0, 0
    14389,      134.127, 0.349,  2.582, 231,   0, 0
    14390,      134.134, 0.349,  2.509, 231,   0, 0
    14391,      134.170, 0.350,  2.506, 231,   0, 0
    14392,      134.178, 0.349,  2.397, 231,   0, 0
    14393,      134.185, 0.350,  2.343, 231,   0, 0
    14394,      134.194, 0.351,  2.328, 231,   0, 0
    14395,      134.202, 0.310,  0.674, 231,   0, 0
    14396,      134.210, 0.305,  0.465, 231,   0, 0
    14397,      134.219, 0.294,  0.052, 231,   0, 0
    14398,      134.226, 0.296,  0.112, 231,   0, 0
    14399,      134.233, 0.296,  0.110, 231,   0, 0
    14400,      134.240, 0.295,  0.076, 231,   0, 0
    14401,      134.268, 0.296,  0.105, 231,   0, 0
    14402,      134.275, 0.296,  0.105, 231,   0, 0
    14403,      134.281, 0.289, -0.166, 231,   0, 0
    14404,      134.287, 0.296,  0.115, 231,   0, 0
    14405,      134.294, 0.296,  0.118, 231,   0, 0
    14406,      134.300, 0.295,  0.104, 231,   0, 0
    14407,      134.306, 0.280, -0.489, 231,   0, 0
    14408,      134.313, 0.295,  0.106, 231,   0, 0
    14409,      134.320, 0.297,  0.180, 231,   0, 0
    14410,      134.328, 0.296,  0.121, 231,   0, 0
    14411,      134.366, 0.316,  0.915, 231,   0, 0
    14412,      134.374, 0.303,  0.418, 231,   0, 0
    14413,      134.383, 0.352,  2.329, 231,   0, 0
    14414,      134.392, 0.322,  1.092, 231,   0, 0
    14415,      134.400, 0.322,  1.123, 231,   0, 0
    14416,      134.407, 0.320,  1.037, 231,   0, 0
    14417,      134.414, 0.323,  1.130, 231,   0, 0
    14418,      134.421, 0.320,  1.004, 231,   0, 0
    14419,      134.430, 0.307,  0.507, 231,   0, 0
    14420,      134.437, 0.322,  1.031, 231,   0, 0
    14421,      134.471, 0.325,  1.147, 231,   0, 0
    14422,      134.479, 0.335,  1.507, 231,   0, 0
    14423,      134.486, 0.335,  1.478, 231,   0, 0
    14424,      134.493, 0.349,  1.986, 231,   0, 0
    14425,      134.498, 0.320,  0.879, 231,   0, 0
    14426,      134.506, 0.310,  0.503, 231,   0, 0
    14427,      134.512, 0.320,  0.858, 231,   0, 0
    14428,      134.519, 0.320,  0.844, 231,   0, 0
    14429,      134.526, 0.320,  0.831, 231,   0, 0
    14430,      134.532, 0.322,  0.864, 231,   0, 0
    14431,      134.564, 0.349,  1.857, 231,   0, 0
    14432,      134.573, 0.349,  1.814, 231,   0, 0
    14433,      134.580, 0.320,  0.750, 231,   0, 0
    14434,      134.588, 0.306,  0.233, 231,   0, 0
    14435,      134.598, 0.319,  0.675, 231,   0, 0
    14436,      134.606, 0.295, -0.217, 231,   0, 0
    14437,      134.612, 0.310,  0.360, 231,   0, 0
    14438,      134.619, 0.277, -0.853, 231,   0, 0
    14439,      134.627, 0.271, -1.106, 231,   0, 0
    14440,      134.634, 0.273, -1.051, 231,   0, 0
    14441,      134.667, 0.295, -0.247, 231,   0, 0
    14442,      134.674, 0.281, -0.770, 231,   0, 0
    14443,      134.681, 0.293, -0.319, 231,   0, 0
    14444,      134.688, 0.299, -0.087, 231,   0, 0
    14445,      134.697, 0.309,  0.274, 231,   0, 0
    14446,      134.706, 0.263, -1.501, 231,   0, 0
    14447,      134.715, 0.280, -0.853, 231,   0, 0
    14448,      134.722, 0.279, -0.909, 231,   0, 0
    14449,      134.729, 0.287, -0.596, 231,   0, 0
    14450,      134.736, 0.302, -0.024, 231,   0, 0
    14451,      134.765, 0.274, -1.111, 231,   0, 0
    14452,      134.771, 0.309,  0.253, 231,   0, 0
    14453,      134.778, 0.320,  0.684, 231,   0, 0
    14454,      134.785, 0.303,  0.011, 231,   0, 0
    14455,      134.792, 0.289, -0.557, 231,   0, 0
    14456,      134.799, 0.290, -0.532, 231,   0, 0
    14457,      134.805, 0.290, -0.538, 231,   0, 0
    14458,      134.812, 0.289, -0.592, 231,   0, 0
    14459,      134.820, 0.291, -0.512, 231,   0, 0
    14460,      134.829, 0.291, -0.507, 231,   0, 0
    14461,      134.862, 0.291, -0.525, 231,   0, 0
    14462,      134.871, 0.289, -0.613, 231,   0, 0
    14463,      134.877, 0.287, -0.722, 231,   0, 0
    14464,      134.884, 0.290, -0.607, 231,   0, 0
    14465,      134.892, 0.306,  0.080, 231,   0, 0
    14466,      134.898, 0.288, -0.710, 231,   0, 0
    14467,      134.906, 0.289, -0.676, 231,   0, 0
    14468,      134.914, 0.289, -0.674, 231,   0, 0
    14469,      134.922, 0.260, -1.868, 231,   0, 0
    14470,      134.931, 0.289, -0.621, 231,   0, 0
    14471,      134.966, 0.259, -1.914, 231,   0, 0
    14472,      134.975, 0.260, -1.800, 231,   0, 0
    14473,      134.982, 0.260, -1.766, 231,   0, 0
    14474,      134.988, 0.261, -1.713, 231,   0, 0
    14475,      134.994, 0.261, -1.683, 231,   0, 0
    14476,      135.001, 0.261, -1.653, 231,   0, 0
    14477,      135.007, 0.245, -2.225, 232,   1, 0
    14478,      135.018, 0.262, -1.525, 232,   0, 0
    14479,      135.025, 0.260, -1.568, 232,   0, 0
    14480,      135.033, 0.277, -0.930, 232,   0, 0
    14481,      135.067, 0.276, -0.930, 232,   0, 0
    14482,      135.076, 0.262, -1.458, 232,   0, 0
    14483,      135.084, 0.262, -1.438, 232,   0, 0
    14484,      135.092, 0.260, -1.490, 232,   0, 0
    14485,      135.099, 0.260, -1.494, 232,   0, 0
    14486,      135.108, 0.273, -1.004, 232,   0, 0
    14487,      135.115, 0.259, -1.535, 232,   0, 0
    14488,      135.123, 0.259, -1.506, 232,   0, 0
    14489,      135.131, 0.260, -1.418, 232,   0, 0
    14490,      135.140, 0.273, -0.950, 232,   0, 0
    14491,      135.175, 0.273, -0.943, 232,   0, 0
    14492,      135.182, 0.273, -0.935, 232,   0, 0
    14493,      135.190, 0.288, -0.423, 232,   0, 0
    14494,      135.199, 0.275, -0.911, 232,   0, 0
    14495,      135.206, 0.289, -0.383, 232,   0, 0
    14496,      135.214, 0.275, -0.916, 232,   0, 0
    14497,      135.221, 0.275, -0.908, 232,   0, 0
    14498,      135.229, 0.264, -1.290, 232,   0, 0
    14499,      135.236, 0.288, -0.407, 232,   0, 0
    14500,      135.243, 0.288, -0.389, 232,   0, 0
    14501,      135.274, 0.259, -1.438, 232,   0, 0
    14502,      135.281, 0.245, -1.918, 232,   0, 0
    14503,      135.289, 0.259, -1.375, 232,   0, 0
    14504,      135.296, 0.246, -1.833, 232,   0, 0
    14505,      135.303, 0.296,  0.022, 232,   0, 0
    14506,      135.311, 0.296,  0.033, 232,   0, 0
    14507,      135.319, 0.287, -0.285, 232,   0, 0
    14508,      135.325, 0.288, -0.248, 232,   0, 0
    14509,      135.333, 0.288, -0.221, 232,   0, 0
    14510,      135.339, 0.280, -0.521, 232,   0, 0
    14511,      135.369, 0.264, -1.155, 232,   0, 0
    14512,      135.376, 0.288, -0.176, 232,   0, 0
    14513,      135.384, 0.257, -1.418, 232,   0, 0
    14514,      135.391, 0.266, -1.042, 232,   0, 0
    14515,      135.397, 0.287, -0.132, 232,   0, 0
    14516,      135.405, 0.286, -0.159, 232,   0, 0
    14517,      135.411, 0.302,  0.506, 232,   0, 0
    14518,      135.419, 0.291,  0.021, 232,   0, 0
    14519,      135.428, 0.259, -1.335, 232,   0, 0
    14520,      135.435, 0.288, -0.070, 232,   0, 0
    14521,      135.471, 0.272, -0.722, 232,   0, 0
    14522,      135.482, 0.276, -0.571, 232,   0, 0
    14523,      135.490, 0.290,  0.039, 232,   0, 0
    14524,      135.498, 0.304,  0.625, 232,   0, 0
    14525,      135.505, 0.290,  0.035, 232,   0, 0
    14526,      135.513, 0.290,  0.037, 232,   0, 0
    14527,      135.520, 0.278, -0.487, 232,   0, 0
    14528,      135.527, 0.308,  0.782, 232,   0, 0
    14529,      135.534, 0.291,  0.081, 232,   0, 0
    14530,      135.544, 0.322,  1.357, 232,   0, 0
    14531,      135.575, 0.322,  1.335, 232,   0, 0
    14532,      135.581, 0.318,  1.170, 232,   0, 0
    14533,      135.587, 0.320,  1.251, 232,   0, 0
    14534,      135.594, 0.319,  1.258, 232,   0, 0
    14535,      135.601, 0.320,  1.300, 232,   0, 0
    14536,      135.608, 0.320,  1.302, 232,   0, 0
    14537,      135.615, 0.322,  1.364, 232,   0, 0
    14538,      135.622, 0.322,  1.365, 232,   0, 0
    14539,      135.630, 0.320,  1.295, 232,   0, 0
    14540,      135.638, 0.313,  0.984, 232,   0, 0
    14541,      135.670, 0.322,  1.365, 232,   0, 0
    14542,      135.679, 0.302,  0.536, 232,   0, 0
    14543,      135.686, 0.351,  2.652, 232,   0, 0
    14544,      135.693, 0.350,  2.560, 232,   0, 0
    14545,      135.699, 0.304,  0.635, 232,   0, 0
    14546,      135.705, 0.303,  0.578, 232,   0, 0
    14547,      135.712, 0.274, -0.660, 232,   0, 0
    14548,      135.721, 0.251, -1.601, 232,   0, 0
    14549,      135.729, 0.199, -3.805, 233,   1, 0
    14550,      135.743, 0.167, -4.897, 233,   2, 0
    14551,      135.786, 0.177, -4.091, 233,   3, 0
    14552,      135.800, 0.226, -2.093, 233,   4, 0
    14553,      135.816, 0.260, -0.831, 233,   0, 0
    14554,      135.824, 0.297,  0.531, 233,   0, 0
    14555,      135.832, 0.314,  1.153, 233,   0, 0
    14556,      135.838, 0.319,  1.315, 233,   0, 0
    14557,      135.847, 0.340,  2.057, 233,   0, 0
    14558,      135.853, 0.325,  1.480, 233,   0, 0
    14559,      135.859, 0.335,  1.831, 233,   0, 0
    14560,      135.866, 0.332,  1.678, 233,   0, 0
    14561,      135.895, 0.330,  1.568, 233,   0, 0
    14562,      135.903, 0.336,  1.739, 233,   0, 0
    14563,      135.911, 0.323,  1.287, 233,   0, 0
    14564,      135.918, 0.362,  2.578, 233,   0, 0
    14565,      135.924, 0.365,  2.574, 233,   0, 0
    14566,      135.931, 0.303,  0.541, 233,   0, 0
    14567,      135.938, 0.303,  0.531, 233,   0, 0
    14568,      135.946, 0.333,  1.478, 233,   0, 0
    14569,      135.955, 0.330,  1.342, 233,   0, 0
    14570,      135.963, 0.333,  1.437, 233,   0, 0
    14571,      136.000, 0.342,  1.679, 233,   0, 0
    14572,      136.009, 0.315,  0.819, 233,   0, 0
    14573,      136.019, 0.296,  0.211, 233,   0, 0
    14574,      136.028, 0.299,  0.331, 233,   0, 0
    14575,      136.036, 0.314,  0.782, 233,   0, 0
    14576,      136.044, 0.306,  0.521, 233,   0, 0
    14577,      136.051, 0.296,  0.206, 233,   0, 0
    14578,      136.059, 0.304,  0.465, 233,   0, 0
    14579,      136.067, 0.332,  1.327, 233,   0, 0
    14580,      136.075, 0.333,  1.353, 233,   0, 0
    14581,      136.106, 0.316,  0.810, 233,   0, 0
    14582,      136.112, 0.317,  0.809, 233,   0, 0
    14583,      136.119, 0.320,  0.903, 233,   0, 0
    14584,      136.127, 0.299,  0.260, 233,   0, 0
    14585,      136.136, 0.311,  0.607, 233,   0, 0
    14586,      136.142, 0.309,  0.569, 233,   0, 0
    14587,      136.154, 0.296,  0.144, 233,   0, 0
    14588,      136.164, 0.287, -0.100, 233,   0, 0
    14589,      136.174, 0.289, -0.054, 233,   0, 0
    14590,      136.183, 0.304,  0.383, 233,   0, 0
    14591,      136.214, 0.294,  0.080, 233,   0, 0
    14592,      136.223, 0.319,  0.830, 233,   0, 0
    14593,      136.233, 0.289, -0.097, 233,   0, 0
    14594,      136.242, 0.296,  0.103, 233,   0, 0
    14595,      136.252, 0.302,  0.298, 233,   0, 0
    14596,      136.261, 0.302,  0.288, 233,   0, 0
    14597,      136.268, 0.316,  0.705, 233,   0, 0
    14598,      136.275, 0.317,  0.723, 233,   0, 0
    14599,      136.281, 0.301,  0.207, 233,   0, 0
    14600,      136.288, 0.300,  0.160, 233,   0, 0
    14601,      136.319, 0.319,  0.753, 233,   0, 0
    14602,      136.325, 0.300,  0.143, 233,   0, 0
    14603,      136.332, 0.317,  0.687, 233,   0, 0
    14604,      136.339, 0.318,  0.685, 233,   0, 0
    14605,      136.345, 0.318,  0.673, 233,   0, 0
    14606,      136.352, 0.317,  0.649, 233,   0, 0
    14607,      136.361, 0.332,  1.110, 233,   0, 0
    14608,      136.370, 0.317,  0.619, 233,   0, 0
    14609,      136.380, 0.317,  0.607, 233,   0, 0
    14610,      136.388, 0.318,  0.605, 233,   0, 0
    14611,      136.423, 0.319,  0.627, 233,   0, 0
    14612,      136.430, 0.333,  1.088, 233,   0, 0
    14613,      136.439, 0.320,  0.648, 233,   0, 0
    14614,      136.447, 0.316,  0.505, 233,   0, 0
    14615,      136.454, 0.319,  0.588, 233,   0, 0
    14616,      136.462, 0.319,  0.579, 233,   0, 0
    14617,      136.471, 0.296, -0.170, 233,   0, 0
    14618,      136.480, 0.285, -0.529, 233,   0, 0
    14619,      136.490, 0.332,  0.987, 233,   0, 0
    14620,      136.496, 0.334,  1.022, 233,   0, 0
    14621,      136.527, 0.317,  0.481, 233,   0, 0
    14622,      136.535, 0.319,  0.522, 233,   0, 0
    14623,      136.542, 0.305,  0.050, 233,   0, 0
    14624,      136.548, 0.290, -0.464, 233,   0, 0
    14625,      136.555, 0.320,  0.539, 233,   0, 0
    14626,      136.563, 0.302, -0.084, 233,   0, 0
    14627,      136.570, 0.303, -0.062, 233,   0, 0
    14628,      136.578, 0.288, -0.560, 233,   0, 0
    14629,      136.585, 0.303, -0.037, 233,   0, 0
    14630,      136.595, 0.293, -0.403, 233,   0, 0
    14631,      136.628, 0.277, -0.943, 233,   0, 0
    14632,      136.635, 0.291, -0.459, 233,   0, 0
    14633,      136.641, 0.306,  0.049, 233,   0, 0
    14634,      136.649, 0.275, -1.036, 233,   0, 0
    14635,      136.655, 0.307,  0.043, 233,   0, 0
    14636,      136.661, 0.275, -1.052, 233,   0, 0
    14637,      136.668, 0.306,  0.030, 233,   0, 0
    14638,      136.676, 0.290, -0.526, 233,   0, 0
    14639,      136.684, 0.306,  0.029, 233,   0, 0
    14640,      136.691, 0.305, -0.035, 233,   0, 0
    14641,      136.724, 0.289, -0.592, 233,   0, 0
    14642,      136.734, 0.293, -0.462, 233,   0, 0
    14643,      136.742, 0.293, -0.469, 233,   0, 0
    14644,      136.751, 0.308,  0.062, 233,   0, 0
    14645,      136.759, 0.298, -0.301, 233,   0, 0
    14646,      136.766, 0.293, -0.474, 233,   0, 0
    14647,      136.772, 0.292, -0.508, 233,   0, 0
    14648,      136.780, 0.306, -0.008, 233,   0, 0
    14649,      136.787, 0.275, -1.102, 233,   0, 0
    14650,      136.794, 0.323,  0.595, 233,   0, 0
    14651,      136.827, 0.322,  0.549, 233,   0, 0
    14652,      136.835, 0.319,  0.447, 233,   0, 0
    14653,      136.843, 0.314,  0.262, 233,   0, 0
    14654,      136.852, 0.320,  0.493, 233,   0, 0
    14655,      136.860, 0.321,  0.525, 233,   0, 0
    14656,      136.867, 0.332,  0.895, 233,   0, 0
    14657,      136.886, 0.305, -0.047, 233,   0, 0
    14658,      136.894, 0.305, -0.042, 233,   0, 0
    14659,      136.902, 0.304, -0.080, 233,   0, 0
    14660,      136.910, 0.320,  0.504, 233,   0, 0
    14661,      136.944, 0.333,  0.950, 233,   0, 0
    14662,      136.952, 0.303, -0.100, 233,   0, 0
    14663,      136.961, 0.335,  1.012, 233,   0, 0
    14664,      136.969, 0.302, -0.150, 233,   0, 0
    14665,      136.977, 0.320,  0.523, 233,   0, 0
    14666,      136.984, 0.320,  0.517, 233,   0, 0
    14667,      136.992, 0.335,  1.024, 233,   0, 0
    14668,      137.014, 0.319,  0.426, 233,   0, 0
    14669,      137.020, 0.333,  0.933, 233,   0, 0
    14670,      137.028, 0.338,  1.130, 233,   0, 0
    14671,      137.057, 0.320,  0.477, 233,   0, 0
    14672,      137.063, 0.320,  0.502, 233,   0, 0
    14673,      137.070, 0.305, -0.370, 233,   0, 0
    14674,      137.077, 0.307, -0.319, 233,   0, 0
    14675,      137.085, 0.335,  1.350, 233,   0, 0
    14676,      137.092, 0.320,  0.484, 233,   0, 0
    14677,      137.104, 0.322,  0.569, 233,   0, 0
    14678,      137.111, 0.320,  0.486, 233,   0, 0
    14679,      137.118, 0.322,  0.576, 233,   0, 0
    14680,      137.124, 0.322,  0.586, 233,   0, 0
    14681,      137.154, 0.336,  1.452, 233,   0, 0
    14682,      137.163, 0.338,  1.543, 233,   0, 0
    14683,      137.171, 0.335,  1.396, 233,   0, 0
    14684,      137.178, 0.322,  0.588, 233,   0, 0
    14685,      137.186, 0.320,  0.541, 233,   0, 0
    14686,      137.195, 0.323,  0.763, 233,   0, 0
    14687,      137.202, 0.320,  0.579, 233,   0, 0
    14688,      137.210, 0.319,  0.454, 233,   0, 0
    14689,      137.218, 0.322,  0.677, 233,   0, 0
    14690,      137.225, 0.320,  0.589, 233,   0, 0
    14691,      137.257, 0.322,  0.697, 233,   0, 0
    14692,      137.264, 0.335,  1.590, 233,   0, 0
    14693,      137.271, 0.320,  0.604, 233,   0, 0
    14694,      137.279, 0.323,  0.786, 233,   0, 0
    14695,      137.286, 0.323,  0.773, 233,   0, 0
    14696,      137.292, 0.323,  0.766, 233,   0, 0
    14697,      137.299, 0.323,  0.755, 233,   0, 0
    14698,      137.307, 0.323,  0.741, 233,   0, 0
    14699,      137.316, 0.305, -0.480, 233,   0, 0
    14700,      137.322, 0.323,  0.749, 233,   0, 0
    14701,      137.353, 0.290, -1.486, 233,   0, 0
    14702,      137.360, 0.323,  0.768, 233,   0, 0
    14703,      137.367, 0.320,  0.568, 233,   0, 0
    14704,      137.374, 0.290, -1.459, 233,   0, 0
    14705,      137.381, 0.290, -1.446, 233,   0, 0
    14706,      137.389, 0.290, -1.422, 233,   0, 0
    14707,      137.396, 0.289, -1.470, 233,   0, 0
    14708,      137.405, 0.290, -1.390, 233,   0, 0
    14709,      137.413, 0.290, -1.395, 233,   0, 0
    14710,      137.422, 0.304, -0.508, 233,   0, 0
    14711,      137.457, 0.305, -0.411, 233,   0, 0
    14712,      137.464, 0.302, -0.617, 233,   0, 0
    14713,      137.472, 0.302, -0.607, 233,   0, 0
    14714,      137.479, 0.302, -0.636, 233,   0, 0
    14715,      137.485, 0.301, -0.725, 233,   0, 0
    14716,      137.492, 0.288, -1.550, 233,   0, 0
    14717,      137.498, 0.314,  0.189, 233,   0, 0
    14718,      137.505, 0.311, -0.008, 233,   0, 0
    14719,      137.512, 0.319,  0.479, 233,   0, 0
    14720,      137.519, 0.319,  0.469, 233,   0, 0
    14721,      137.554, 0.320,  0.543, 233,   0, 0
    14722,      137.563, 0.315,  0.216, 233,   0, 0
    14723,      137.572, 0.307, -0.348, 233,   0, 0
    14724,      137.580, 0.301, -0.730, 233,   0, 0
    14725,      137.590, 0.305, -0.428, 233,   0, 0
    14726,      137.597, 0.321,  0.652, 233,   0, 0
    14727,      137.603, 0.335,  1.518, 233,   0, 0
    14728,      137.610, 0.322,  0.663, 233,   0, 0
    14729,      137.617, 0.305, -0.429, 233,   0, 0
    14730,      137.625, 0.306, -0.340, 233,   0, 0
    14731,      137.663, 0.322,  0.711, 233,   0, 0
    14732,      137.672, 0.291, -1.306, 233,   0, 0
    14733,      137.686, 0.308, -0.198, 233,   0, 0
    14734,      137.694, 0.305, -0.386, 233,   0, 0
    14735,      137.703, 0.296, -0.964, 233,   0, 0
    14736,      137.711, 0.305, -0.370, 233,   0, 0
    14737,      137.720, 0.293, -1.173, 233,   0, 0
    14738,      137.729, 0.305, -0.356, 233,   0, 0
    14739,      137.736, 0.307, -0.275, 233,   0, 0
    14740,      137.744, 0.291, -1.269, 233,   0, 0
    14741,      137.777, 0.307, -0.241, 233,   0, 0
    14742,      137.786, 0.307, -0.235, 233,   0, 0
    14743,      137.795, 0.307, -0.229, 233,   0, 0
    14744,      137.804, 0.307, -0.230, 233,   0, 0
    14745,      137.812, 0.322,  0.780, 233,   0, 0
    14746,      137.819, 0.322,  0.778, 233,   0, 0
    14747,      137.827, 0.308, -0.151, 233,   0, 0
    14748,      137.835, 0.321,  0.747, 233,   0, 0
    14749,      137.844, 0.302, -0.595, 233,   0, 0
    14750,      137.853, 0.319,  0.585, 233,   0, 0
    14751,      137.905, 0.293, -1.241, 233,   0, 0
    14752,      137.917, 0.305, -0.422, 233,   0, 0
    14753,      137.926, 0.321,  0.676, 233,   0, 0
    14754,      137.934, 0.306, -0.342, 233,   0, 0
    14755,      137.944, 0.303, -0.584, 233,   0, 0
    14756,      137.952, 0.305, -0.458, 233,   0, 0
    14757,      137.962, 0.306, -0.397, 233,   0, 0
    14758,      137.970, 0.321,  0.717, 233,   0, 0
    14759,      137.979, 0.306, -0.420, 233,   0, 0
    14760,      137.987, 0.306, -0.420, 233,   0, 0
    14761,      138.024, 0.307, -0.402, 233,   0, 0
    14762,      138.032, 0.308, -0.324, 233,   0, 0
    14763,      138.041, 0.306, -0.447, 233,   0, 0
    14764,      138.048, 0.305, -0.559, 233,   0, 0
    14765,      138.054, 0.303, -0.682, 233,   0, 0
    14766,      138.063, 0.293, -1.511, 233,   0, 0
    14767,      138.071, 0.291, -1.614, 233,   0, 0
    14768,      138.080, 0.308, -0.349, 233,   0, 0
    14769,      138.089, 0.307, -0.445, 233,   0, 0
    14770,      138.097, 0.293, -1.563, 233,   0, 0
    14771,      138.132, 0.305, -0.598, 233,   0, 0
    14772,      138.141, 0.305, -0.567, 233,   0, 0
    14773,      138.150, 0.306, -0.458, 233,   0, 0
    14774,      138.157, 0.320,  0.638, 233,   0, 0
    14775,      138.165, 0.322,  0.758, 233,   0, 0
    14776,      138.173, 0.305, -0.553, 233,   0, 0
    14777,      138.181, 0.306, -0.439, 233,   0, 0
    14778,      138.189, 0.308, -0.321, 233,   0, 0
    14779,      138.197, 0.306, -0.443, 233,   0, 0
    14780,      138.203, 0.319,  0.543, 233,   0, 0
    14781,      138.240, 0.322,  0.782, 233,   0, 0
    14782,      138.248, 0.319,  0.563, 233,   0, 0
    14783,      138.256, 0.322,  0.787, 233,   0, 0
    14784,      138.264, 0.307, -0.426, 233,   0, 0
    14785,      138.270, 0.307, -0.430, 233,   0, 0
    14786,      138.277, 0.304, -0.665, 233,   0, 0
    14787,      138.284, 0.307, -0.410, 233,   0, 0
    14788,      138.291, 0.319,  0.596, 233,   0, 0
    14789,      138.297, 0.336,  2.060, 233,   0, 0
    14790,      138.304, 0.322,  0.862, 233,   0, 0
    14791,      138.335, 0.322,  0.887, 233,   0, 0
    14792,      138.343, 0.320,  0.748, 233,   0, 0
    14793,      138.350, 0.334,  1.946, 233,   0, 0
    14794,      138.359, 0.320,  0.718, 233,   0, 0
    14795,      138.368, 0.322,  0.833, 233,   0, 0
    14796,      138.376, 0.338,  2.179, 233,   0, 0
    14797,      138.382, 0.322,  0.827, 233,   0, 0
    14798,      138.388, 0.317,  0.462, 233,   0, 0
    14799,      138.394, 0.336,  2.015, 233,   0, 0
    14800,      138.401, 0.336,  1.971, 233,   0, 0
    14801,      138.435, 0.334,  1.810, 233,   0, 0
    14802,      138.443, 0.318,  0.531, 233,   0, 0
    14803,      138.450, 0.320,  0.693, 233,   0, 0
    14804,      138.458, 0.333,  1.803, 233,   0, 0
    14805,      138.465, 0.318,  0.525, 233,   0, 0
    14806,      138.474, 0.320,  0.700, 233,   0, 0
    14807,      138.482, 0.317,  0.464, 233,   0, 0
    14808,      138.491, 0.317,  0.467, 233,   0, 0
    14809,      138.498, 0.302, -0.777, 233,   0, 0
    14810,      138.506, 0.302, -0.764, 233,   0, 0
    14811,      138.542, 0.302, -0.752, 233,   0, 0
    14812,      138.550, 0.317,  0.487, 233,   0, 0
    14813,      138.558, 0.303, -0.632, 233,   0, 0
    14814,      138.565, 0.302, -0.748, 233,   0, 0
    14815,      138.573, 0.302, -0.735, 233,   0, 0
    14816,      138.580, 0.302, -0.700, 233,   0, 0
    14817,      138.589, 0.302, -0.709, 233,   0, 0
    14818,      138.598, 0.303, -0.567, 233,   0, 0
    14819,      138.605, 0.302, -0.663, 233,   0, 0
    14820,      138.612, 0.302, -0.687, 233,   0, 0
    14821,      138.645, 0.302, -0.647, 233,   0, 0
    14822,      138.654, 0.305, -0.424, 233,   0, 0
    14823,      138.662, 0.316,  0.525, 233,   0, 0
    14824,      138.670, 0.302, -0.651, 233,   0, 0
    14825,      138.677, 0.300, -0.822, 233,   0, 0
    14826,      138.686, 0.316,  0.547, 233,   0, 0
    14827,      138.692, 0.301, -0.844, 233,   0, 0
    14828,      138.701, 0.300, -0.887, 233,   0, 0
    14829,      138.710, 0.288, -2.052, 234,   1, 0
    14830,      138.724, 0.300, -0.900, 234,   0, 0
    14831,      138.757, 0.302, -0.756, 234,   0, 0
    14832,      138.765, 0.302, -0.753, 234,   0, 0
    14833,      138.772, 0.303, -0.614, 234,   0, 0
    14834,      138.779, 0.300, -0.893, 234,   0, 0
    14835,      138.786, 0.305, -0.477, 234,   0, 0
    14836,      138.793, 0.305, -0.481, 234,   0, 0
    14837,      138.801, 0.288, -2.085, 235,   1, 0
    14838,      138.813, 0.335,  2.237, 235,   0, 0
    14839,      138.822, 0.308, -0.221, 235,   0, 0
    14840,      138.830, 0.320,  0.842, 235,   0, 0
    14841,      138.859, 0.305, -0.475, 235,   0, 0
    14842,      138.867, 0.320,  0.847, 235,   0, 0
    14843,      138.876, 0.303, -0.604, 235,   0, 0
    14844,      138.883, 0.302, -0.734, 235,   0, 0
    14845,      138.890, 0.305, -0.465, 235,   0, 0
    14846,      138.897, 0.291, -1.690, 235,   0, 0
    14847,      138.904, 0.318,  0.730, 235,   0, 0
    14848,      138.913, 0.291, -1.674, 235,   0, 0
    14849,      138.920, 0.303, -0.547, 235,   0, 0
    14850,      138.929, 0.303, -0.553, 235,   0, 0
    14851,      138.967, 0.290, -1.765, 235,   0, 0
    14852,      138.975, 0.305, -0.378, 235,   0, 0
    14853,      138.982, 0.305, -0.392, 235,   0, 0
    14854,      138.989, 0.302, -0.661, 235,   0, 0
    14855,      138.996, 0.306, -0.256, 235,   0, 0
    14856,      139.003, 0.302, -0.646, 235,   0, 0
    14857,      139.011, 0.318,  0.830, 235,   0, 0
    14858,      139.018, 0.317,  0.684, 235,   0, 0
    14859,      139.026, 0.305, -0.428, 235,   0, 0
    14860,      139.033, 0.322,  1.101, 235,   0, 0
    14861,      139.063, 0.319,  0.829, 235,   0, 0
    14862,      139.070, 0.336,  2.384, 235,   0, 0
    14863,      139.078, 0.335,  2.187, 235,   0, 0
    14864,      139.086, 0.302, -0.722, 235,   0, 0
    14865,      139.092, 0.320,  0.862, 235,   0, 0
    14866,      139.098, 0.319,  0.746, 235,   0, 0
    14867,      139.104, 0.333,  2.013, 235,   0, 0
    14868,      139.110, 0.319,  0.697, 235,   0, 0
    14869,      139.116, 0.319,  0.722, 235,   0, 0
    14870,      139.122, 0.302, -0.735, 235,   0, 0
    14871,      139.151, 0.319,  0.723, 235,   0, 0
    14872,      139.158, 0.317,  0.568, 235,   0, 0
    14873,      139.165, 0.333,  1.970, 235,   0, 0
    14874,      139.174, 0.320,  0.792, 235,   0, 0
    14875,      139.182, 0.303, -0.658, 235,   0, 0
    14876,      139.192, 0.320,  0.781, 235,   0, 0
    14877,      139.201, 0.317,  0.520, 235,   0, 0
    14878,      139.209, 0.319,  0.651, 235,   0, 0
    14879,      139.215, 0.319,  0.654, 235,   0, 0
    14880,      139.224, 0.334,  1.903, 235,   0, 0
    14881,      139.259, 0.333,  1.834, 235,   0, 0
    14882,      139.266, 0.319,  0.569, 235,   0, 0
    14883,      139.273, 0.333,  1.783, 235,   0, 0
    14884,      139.280, 0.333,  1.743, 235,   0, 0
    14885,      139.287, 0.319,  0.510, 235,   0, 0
    14886,      139.295, 0.333,  1.697, 235,   0, 0
    14887,      139.301, 0.318,  0.389, 235,   0, 0
    14888,      139.309, 0.319,  0.482, 235,   0, 0
    14889,      139.317, 0.319,  0.474, 235,   0, 0
    14890,      139.326, 0.320,  0.571, 235,   0, 0
    14891,      139.354, 0.317,  0.316, 235,   0, 0
    14892,      139.360, 0.302, -0.953, 235,   0, 0
    14893,      139.366, 0.317,  0.309, 235,   0, 0
    14894,      139.372, 0.319,  0.438, 235,   0, 0
    14895,      139.379, 0.319,  0.439, 235,   0, 0
    14896,      139.385, 0.317,  0.284, 235,   0, 0
    14897,      139.391, 0.302, -0.988, 235,   0, 0
    14898,      139.397, 0.305, -0.709, 235,   0, 0
    14899,      139.404, 0.316,  0.174, 235,   0, 0
    14900,      139.413, 0.319,  0.410, 235,   0, 0
    14901,      139.446, 0.316,  0.168, 235,   0, 0
    14902,      139.454, 0.317,  0.279, 235,   0, 0
    14903,      139.462, 0.302, -0.963, 235,   0, 0
    14904,      139.469, 0.317,  0.314, 235,   0, 0
    14905,      139.477, 0.303, -0.853, 235,   0, 0
    14906,      139.484, 0.317,  0.252, 235,   0, 0
    14907,      139.491, 0.334,  1.666, 235,   0, 0
    14908,      139.496, 0.305, -0.748, 235,   0, 0
    14909,      139.502, 0.302, -0.983, 235,   0, 0
    14910,      139.509, 0.302, -0.970, 235,   0, 0
    14911,      139.539, 0.302, -0.954, 235,   0, 0
    14912,      139.545, 0.302, -0.939, 235,   0, 0
    14913,      139.551, 0.303, -0.801, 235,   0, 0
    14914,      139.557, 0.317,  0.379, 235,   0, 0
    14915,      139.567, 0.302, -0.890, 235,   0, 0
    14916,      139.576, 0.304, -0.748, 235,   0, 0
    14917,      139.583, 0.305, -0.630, 235,   0, 0
    14918,      139.590, 0.302, -0.881, 235,   0, 0
    14919,      139.595, 0.317,  0.448, 235,   0, 0
    14920,      139.601, 0.300, -0.997, 235,   0, 0
    14921,      139.631, 0.302, -0.856, 235,   0, 0
    14922,      139.637, 0.317,  0.473, 235,   0, 0
    14923,      139.643, 0.302, -0.839, 235,   0, 0
    14924,      139.649, 0.316,  0.413, 235,   0, 0
    14925,      139.655, 0.317,  0.549, 235,   0, 0
    14926,      139.661, 0.288, -2.101, 236,   1, 0
    14927,      139.673, 0.288, -2.046, 236,   2, 0
    14928,      139.689, 0.303, -0.621, 236,   0, 0
    14929,      139.698, 0.300, -0.879, 236,   0, 0
    14930,      139.707, 0.317,  0.612, 236,   0, 0
    14931,      139.736, 0.317,  0.601, 236,   0, 0
    14932,      139.742, 0.316,  0.456, 236,   0, 0
    14933,      139.748, 0.317,  0.569, 236,   0, 0
    14934,      139.755, 0.302, -0.776, 236,   0, 0
    14935,      139.761, 0.303, -0.641, 236,   0, 0
    14936,      139.767, 0.317,  0.581, 236,   0, 0
    14937,      139.772, 0.319,  0.705, 236,   0, 0
    14938,      139.778, 0.317,  0.559, 236,   0, 0
    14939,      139.784, 0.319,  0.693, 236,   0, 0
    14940,      139.791, 0.319,  0.681, 236,   0, 0
    14941,      139.822, 0.304, -0.682, 236,   0, 0
    14942,      139.830, 0.319,  0.659, 236,   0, 0
    14943,      139.835, 0.317,  0.491, 236,   0, 0
    14944,      139.841, 0.335,  2.075, 236,   0, 0
    14945,      139.848, 0.335,  2.021, 236,   0, 0
    14946,      139.853, 0.319,  0.569, 236,   0, 0
    14947,      139.860, 0.319,  0.567, 236,   0, 0
    14948,      139.867, 0.333,  1.827, 236,   0, 0
    14949,      139.876, 0.335,  1.919, 236,   0, 0
    14950,      139.883, 0.333,  1.760, 236,   0, 0
    14951,      139.911, 0.333,  1.723, 236,   0, 0
    14952,      139.917, 0.335,  1.817, 236,   0, 0
    14953,      139.923, 0.333,  1.648, 236,   0, 0
    14954,      139.929, 0.318,  0.343, 236,   0, 0
    14955,      139.937, 0.318,  0.332, 236,   0, 0
    14956,      139.946, 0.319,  0.372, 236,   0, 0
    14957,      139.952, 0.318,  0.276, 236,   0, 0
    14958,      139.958, 0.319,  0.371, 236,   0, 0
    14959,      139.964, 0.317,  0.223, 236,   0, 0
    14960,      139.969, 0.318,  0.269, 236,   0, 0
    14961,      139.999, 0.303, -0.967, 236,   0, 0
    14962,      140.007, 0.289, -2.242, 237,   1, 0
    14963,      140.022, 0.273, -3.499, 237,   2, 0
    14964,      140.038, 0.289, -2.041, 237,   3, 0
    14965,      140.054, 0.319,  0.404, 237,   0, 0
    14966,      140.061, 0.302, -0.974, 237,   0, 0
    14967,      140.068, 0.317,  0.260, 237,   0, 0
    14968,      140.075, 0.302, -0.970, 237,   0, 0
    14969,      140.081, 0.307, -0.626, 237,   0, 0
    14970,      140.087, 0.258, -4.606, 238,   1, 0
    14971,      140.124, 0.236, -5.927, 238,   2, 0
    14972,      140.137, 0.230, -5.678, 238,   3, 0
    14973,      140.150, 0.236, -4.625, 238,   4, 0
    14974,      140.166, 0.236, -4.234, 238,   5, 0
    14975,      140.178, 0.232, -4.162, 238,   6, 0
    14976,      140.190, 0.229, -3.992, 238,   7, 0
    14977,      140.202, 0.229, -3.727, 238,   8, 0
    14978,      140.215, 0.244, -2.830, 238,   9, 0
    14979,      140.227, 0.227, -3.445, 238,  10, 0
    14980,      140.239, 0.260, -1.957, 238,   0, 0
    14981,      140.269, 0.229, -3.120, 239,   1, 0
    14982,      140.282, 0.229, -2.982, 239,   2, 0
    14983,      140.296, 0.244, -2.310, 239,   3, 0
    14984,      140.307, 0.267, -1.399, 239,   0, 0
    14985,      140.313, 0.260, -1.628, 239,   0, 0
    14986,      140.320, 0.275, -1.057, 239,   0, 0
    14987,      140.326, 0.285, -0.697, 239,   0, 0
    14988,      140.332, 0.297, -0.248, 239,   0, 0
    14989,      140.338, 0.297, -0.241, 239,   0, 0
    14990,      140.344, 0.285, -0.651, 239,   0, 0
    14991,      140.376, 0.304,  0.020, 239,   0, 0
    14992,      140.383, 0.303,  0.005, 239,   0, 0
    14993,      140.391, 0.281, -0.775, 239,   0, 0
    14994,      140.400, 0.317,  0.524, 239,   0, 0
    14995,      140.409, 0.319,  0.571, 239,   0, 0
    14996,      140.417, 0.319,  0.566, 239,   0, 0
    14997,      140.425, 0.304,  0.041, 239,   0, 0
    14998,      140.433, 0.304,  0.045, 239,   0, 0
    14999,      140.439, 0.317,  0.530, 239,   0, 0
    15000,      140.444, 0.288, -0.526, 239,   0, 0
    15001,      140.473, 0.286, -0.570, 239,   0, 0
    15002,      140.479, 0.285, -0.606, 239,   0, 0
    15003,      140.485, 0.277, -0.882, 239,   0, 0
    15004,      140.494, 0.288, -0.477, 239,   0, 0
    15005,      140.503, 0.319,  0.655, 239,   0, 0
    15006,      140.510, 0.322,  0.761, 239,   0, 0
    15007,      140.516, 0.322,  0.767, 239,   0, 0
    15008,      140.523, 0.280, -0.761, 239,   0, 0
    15009,      140.530, 0.305,  0.178, 239,   0, 0
    15010,      140.537, 0.305,  0.171, 239,   0, 0
    15011,      140.566, 0.272, -1.030, 239,   0, 0
    15012,      140.572, 0.302,  0.095, 239,   0, 0
    15013,      140.581, 0.305,  0.193, 239,   0, 0
    15014,      140.587, 0.306,  0.247, 239,   0, 0
    15015,      140.593, 0.291, -0.297, 239,   0, 0
    15016,      140.599, 0.305,  0.216, 239,   0, 0
    15017,      140.606, 0.290, -0.342, 239,   0, 0
    15018,      140.615, 0.290, -0.339, 239,   0, 0
    15019,      140.623, 0.294, -0.188, 239,   0, 0
    15020,      140.629, 0.303,  0.174, 239,   0, 0
    15021,      140.657, 0.291, -0.267, 239,   0, 0
    15022,      140.663, 0.307,  0.304, 239,   0, 0
    15023,      140.668, 0.297, -0.033, 239,   0, 0
    15024,      140.674, 0.275, -0.859, 239,   0, 0
    15025,      140.680, 0.297, -0.032, 239,   0, 0
    15026,      140.686, 0.286, -0.425, 239,   0, 0
    15027,      140.692, 0.272, -0.960, 239,   0, 0
    15028,      140.698, 0.288, -0.328, 239,   0, 0
    15029,      140.705, 0.311,  0.526, 239,   0, 0
    15030,      140.713, 0.288, -0.339, 239,   0, 0
    15031,      140.741, 0.273, -0.882, 239,   0, 0
    15032,      140.749, 0.313,  0.588, 239,   0, 0
    15033,      140.758, 0.287, -0.377, 239,   0, 0
    15034,      140.766, 0.313,  0.592, 239,   0, 0
    15035,      140.772, 0.297,  0.017, 239,   0, 0
    15036,      140.779, 0.288, -0.319, 239,   0, 0
    15037,      140.786, 0.288, -0.314, 239,   0, 0
    15038,      140.793, 0.275, -0.799, 239,   0, 0
    15039,      140.799, 0.273, -0.842, 239,   0, 0
    15040,      140.806, 0.303,  0.255, 239,   0, 0
    15041,      140.834, 0.288, -0.287, 239,   0, 0
    15042,      140.840, 0.280, -0.583, 239,   0, 0
    15043,      140.847, 0.292, -0.121, 239,   0, 0
    15044,      140.855, 0.287, -0.295, 239,   0, 0
    15045,      140.863, 0.289, -0.233, 239,   0, 0
    15046,      140.872, 0.312,  0.648, 239,   0, 0
    15047,      140.879, 0.278, -0.618, 239,   0, 0
    15048,      140.886, 0.283, -0.443, 239,   0, 0
    15049,      140.892, 0.290, -0.182, 239,   0, 0
    15050,      140.899, 0.291, -0.139, 239,   0, 0
    15051,      140.929, 0.295,  0.029, 239,   0, 0
    15052,      140.935, 0.319,  0.918, 239,   0, 0
    15053,      140.942, 0.289, -0.195, 239,   0, 0
    15054,      140.948, 0.312,  0.679, 239,   0, 0
    15055,      140.955, 0.305,  0.403, 239,   0, 0
    15056,      140.961, 0.273, -0.775, 239,   0, 0
    15057,      140.967, 0.289, -0.161, 239,   0, 0
    15058,      140.977, 0.297,  0.135, 239,   0, 0
    15059,      140.985, 0.286, -0.259, 239,   0, 0
    15060,      140.992, 0.311,  0.660, 239,   0, 0
    15061,      141.024, 0.306,  0.505, 239,   0, 0
    15062,      141.030, 0.303,  0.395, 239,   0, 0
    15063,      141.035, 0.297,  0.151, 239,   0, 0
    15064,      141.041, 0.280, -0.467, 239,   0, 0
    15065,      141.047, 0.278, -0.535, 239,   0, 0
    15066,      141.053, 0.288, -0.134, 239,   0, 0
    15067,      141.060, 0.288, -0.124, 239,   0, 0
    15068,      141.067, 0.272, -0.764, 239,   0, 0
    15069,      141.074, 0.318,  1.069, 239,   0, 0
    15070,      141.079, 0.302,  0.450, 239,   0, 0
    15071,      141.111, 0.303,  0.528, 239,   0, 0
    15072,      141.119, 0.272, -0.748, 239,   0, 0
    15073,      141.125, 0.303,  0.572, 239,   0, 0
    15074,      141.132, 0.266, -0.975, 239,   0, 0
    15075,      141.138, 0.273, -0.653, 239,   0, 0
    15076,      141.145, 0.328,  1.667, 239,   0, 0
    15077,      141.153, 0.286, -0.091, 239,   0, 0
    15078,      141.159, 0.288, -0.016, 239,   0, 0
    15079,      141.165, 0.318,  1.274, 239,   0, 0
    15080,      141.171, 0.278, -0.415, 239,   0, 0
    15081,      141.200, 0.288,  0.009, 239,   0, 0
    15082,      141.207, 0.294,  0.275, 239,   0, 0
    15083,      141.213, 0.288,  0.012, 239,   0, 0
    15084,      141.220, 0.297,  0.398, 239,   0, 0
    15085,      141.228, 0.288,  0.004, 239,   0, 0
    15086,      141.235, 0.288,  0.015, 239,   0, 0
    15087,      141.242, 0.288,  0.020, 239,   0, 0
    15088,      141.249, 0.302,  0.650, 239,   0, 0
    15089,      141.255, 0.311,  1.049, 239,   0, 0
    15090,      141.261, 0.286, -0.037, 239,   0, 0
    15091,      141.290, 0.286, -0.048, 239,   0, 0
    15092,      141.296, 0.273, -0.653, 239,   0, 0
    15093,      141.302, 0.286, -0.086, 239,   0, 0
    15094,      141.308, 0.285, -0.170, 239,   0, 0
    15095,      141.314, 0.305,  0.772, 239,   0, 0
    15096,      141.320, 0.302,  0.621, 239,   0, 0
    15097,      141.326, 0.305,  0.764, 239,   0, 0
    15098,      141.332, 0.291,  0.014, 239,   0, 0
    15099,      141.338, 0.300,  0.505, 239,   0, 0
    15100,      141.349, 0.308,  0.945, 239,   0, 0
    15101,      141.388, 0.315,  1.342, 239,   0, 0
    15102,      141.395, 0.315,  1.373, 239,   0, 0
    15103,      141.401, 0.307,  0.855, 239,   0, 0
    15104,      141.407, 0.306,  0.838, 239,   0, 0
    15105,      141.413, 0.297,  0.184, 239,   0, 0
    15106,      141.418, 0.305,  0.725, 239,   0, 0
    15107,      141.425, 0.289, -0.431, 239,   0, 0
    15108,      141.431, 0.307,  0.832, 239,   0, 0
    15109,      141.437, 0.312,  1.226, 239,   0, 0
    15110,      141.443, 0.301,  0.378, 239,   0, 0
    15111,      141.476, 0.280, -1.118, 239,   0, 0
    15112,      141.483, 0.318,  1.643, 239,   0, 0
    15113,      141.492, 0.317,  1.508, 239,   0, 0
    15114,      141.499, 0.302,  0.434, 239,   0, 0
    15115,      141.505, 0.288, -0.530, 239,   0, 0
    15116,      141.513, 0.303,  0.582, 239,   0, 0
    15117,      141.519, 0.274, -1.574, 239,   0, 0
    15118,      141.526, 0.235, -4.345, 240,   1, 0
    15119,      141.537, 0.198, -6.525, 240,   2, 0
    15120,      141.555, 0.193, -5.883, 240,   3, 0
    15121,      141.592, 0.191, -5.288, 240,   4, 0
    15122,      141.605, 0.205, -4.042, 240,   5, 0
    15123,      141.616, 0.242, -2.174, 240,   6, 0
    15124,      141.629, 0.244, -2.040, 240,   7, 0
    15125,      141.640, 0.241, -2.080, 240,   8, 0
    15126,      141.651, 0.241, -2.029, 240,   9, 0
    15127,      141.662, 0.241, -1.983, 240,   0, 0
    15128,      141.668, 0.244, -1.852, 240,   0, 0
    15129,      141.674, 0.229, -2.412, 241,   1, 0
    15130,      141.685, 0.229, -2.336, 241,   2, 0
    15131,      141.721, 0.244, -1.663, 241,   0, 0
    15132,      141.727, 0.244, -1.666, 241,   0, 0
    15133,      141.732, 0.266, -0.777, 241,   0, 0
    15134,      141.739, 0.268, -0.686, 241,   0, 0
    15135,      141.745, 0.244, -1.607, 241,   0, 0
    15136,      141.752, 0.252, -1.270, 241,   0, 0
    15137,      141.759, 0.254, -1.172, 241,   0, 0
    15138,      141.768, 0.244, -1.532, 241,   0, 0
    15139,      141.776, 0.274, -0.365, 241,   0, 0
    15140,      141.783, 0.269, -0.555, 241,   0, 0
    15141,      141.812, 0.268, -0.582, 241,   0, 0
    15142,      141.818, 0.272, -0.421, 241,   0, 0
    15143,      141.825, 0.243, -1.480, 241,   0, 0
    15144,      141.835, 0.243, -1.452, 241,   0, 0
    15145,      141.841, 0.275, -0.260, 241,   0, 0
    15146,      141.847, 0.268, -0.524, 241,   0, 0
    15147,      141.854, 0.252, -1.108, 241,   0, 0
    15148,      141.860, 0.243, -1.405, 241,   0, 0
    15149,      141.868, 0.253, -1.038, 241,   0, 0
    15150,      141.874, 0.252, -1.065, 241,   0, 0
    15151,      141.903, 0.273, -0.265, 241,   0, 0
    15152,      141.909, 0.266, -0.537, 241,   0, 0
    15153,      141.916, 0.256, -0.877, 241,   0, 0
    15154,      141.923, 0.243, -1.326, 241,   0, 0
    15155,      141.930, 0.265, -0.508, 241,   0, 0
    15156,      141.938, 0.272, -0.267, 241,   0, 0
    15157,      141.946, 0.289,  0.352, 241,   0, 0
    15158,      141.952, 0.283,  0.126, 241,   0, 0
    15159,      141.960, 0.251, -1.026, 241,   0, 0
    15160,      141.965, 0.243, -1.280, 241,   0, 0
    15161,      141.993, 0.244, -1.223, 241,   0, 0
    15162,      141.999, 0.265, -0.453, 241,   0, 0
    15163,      142.007, 0.273, -0.173, 241,   0, 0
    15164,      142.012, 0.283,  0.169, 241,   0, 0
    15165,      142.018, 0.273, -0.166, 241,   0, 0
    15166,      142.024, 0.272, -0.217, 241,   0, 0
    15167,      142.031, 0.249, -1.023, 241,   0, 0
    15168,      142.040, 0.243, -1.205, 241,   0, 0
    15169,      142.046, 0.258, -0.666, 241,   0, 0
    15170,      142.052, 0.265, -0.409, 241,   0, 0
    15171,      142.086, 0.273, -0.128, 241,   0, 0
    15172,      142.094, 0.272, -0.160, 241,   0, 0
    15173,      142.100, 0.288,  0.447, 241,   0, 0
    15174,      142.106, 0.243, -1.161, 241,   0, 0
    15175,      142.112, 0.258, -0.615, 241,   0, 0
    15176,      142.117, 0.256, -0.672, 241,   0, 0
    15177,      142.124, 0.243, -1.125, 241,   0, 0
    15178,      142.129, 0.243, -1.111, 241,   0, 0
    15179,      142.135, 0.256, -0.632, 241,   0, 0
    15180,      142.141, 0.260, -0.490, 241,   0, 0
    15181,      142.170, 0.274,  0.015, 241,   0, 0
    15182,      142.176, 0.258, -0.536, 241,   0, 0
    15183,      142.182, 0.262, -0.390, 241,   0, 0
    15184,      142.188, 0.288,  0.570, 241,   0, 0
    15185,      142.196, 0.274,  0.047, 241,   0, 0
    15186,      142.204, 0.275,  0.104, 241,   0, 0
    15187,      142.212, 0.273,  0.039, 241,   0, 0
    15188,      142.219, 0.273,  0.027, 241,   0, 0
    15189,      142.225, 0.274,  0.057, 241,   0, 0
    15190,      142.231, 0.275,  0.138, 241,   0, 0
    15191,      142.260, 0.266, -0.208, 241,   0, 0
    15192,      142.266, 0.251, -0.762, 241,   0, 0
    15193,      142.273, 0.257, -0.512, 241,   0, 0
    15194,      142.278, 0.273,  0.099, 241,   0, 0
    15195,      142.284, 0.250, -0.759, 241,   0, 0
    15196,      142.290, 0.275,  0.155, 241,   0, 0
    15197,      142.297, 0.273,  0.131, 241,   0, 0
    15198,      142.303, 0.267, -0.119, 241,   0, 0
    15199,      142.309, 0.243, -1.003, 241,   0, 0
    15200,      142.316, 0.236, -1.274, 241,   0, 0
    15201,      142.350, 0.259, -0.370, 241,   0, 0
    15202,      142.359, 0.288,  0.745, 241,   0, 0
    15203,      142.365, 0.265, -0.132, 241,   0, 0
    15204,      142.371, 0.265, -0.125, 241,   0, 0
    15205,      142.379, 0.289,  0.813, 241,   0, 0
    15206,      142.387, 0.259, -0.353, 241,   0, 0
    15207,      142.396, 0.302,  1.327, 241,   0, 0
    15208,      142.402, 0.316,  1.851, 241,   0, 0
    15209,      142.409, 0.317,  1.896, 241,   0, 0
    15210,      142.415, 0.319,  1.937, 241,   0, 0
    15211,      142.445, 0.317,  1.853, 241,   0, 0
    15212,      142.450, 0.316,  1.760, 241,   0, 0
    15213,      142.458, 0.316,  1.725, 241,   0, 0
    15214,      142.469, 0.317,  1.745, 241,   0, 0
    15215,      142.477, 0.300,  1.116, 241,   0, 0
    15216,      142.484, 0.301,  1.129, 241,   0, 0
    15217,      142.491, 0.287,  0.620, 241,   0, 0
    15218,      142.497, 0.293,  0.876, 241,   0, 0
    15219,      142.502, 0.302,  1.186, 241,   0, 0
    15220,      142.508, 0.319,  1.793, 241,   0, 0
    15221,      142.537, 0.299,  1.083, 241,   0, 0
    15222,      142.544, 0.309,  1.455, 241,   0, 0
    15223,      142.551, 0.300,  1.138, 241,   0, 0
    15224,      142.558, 0.308,  1.415, 241,   0, 0
    15225,      142.563, 0.303,  1.248, 241,   0, 0
    15226,      142.569, 0.296,  0.960, 241,   0, 0
    15227,      142.576, 0.319,  1.807, 241,   0, 0
    15228,      142.587, 0.320,  1.817, 241,   0, 0
    15229,      142.594, 0.320,  1.823, 241,   0, 0
    15230,      142.600, 0.319,  1.758, 241,   0, 0
    15231,      142.630, 0.305,  1.272, 241,   0, 0
    15232,      142.637, 0.308,  1.340, 241,   0, 0
    15233,      142.643, 0.287,  0.626, 241,   0, 0
    15234,      142.651, 0.305,  1.264, 241,   0, 0
    15235,      142.658, 0.290,  0.720, 241,   0, 0
    15236,      142.664, 0.288,  0.668, 241,   0, 0
    15237,      142.669, 0.288,  0.675, 241,   0, 0
    15238,      142.676, 0.289,  0.686, 241,   0, 0
    15239,      142.681, 0.274,  0.128, 241,   0, 0
    15240,      142.687, 0.290,  0.712, 241,   0, 0
    15241,      142.719, 0.292,  0.785, 241,   0, 0
    15242,      142.727, 0.291,  0.755, 241,   0, 0
    15243,      142.733, 0.274,  0.023, 241,   0, 0
    15244,      142.739, 0.277,  0.136, 241,   0, 0
    15245,      142.745, 0.282,  0.343, 241,   0, 0
    15246,      142.751, 0.275,  0.061, 241,   0, 0
    15247,      142.757, 0.275,  0.049, 241,   0, 0
    15248,      142.764, 0.260, -0.615, 241,   0, 0
    15249,      142.770, 0.258, -0.706, 241,   0, 0
    15250,      142.778, 0.247, -1.194, 241,   0, 0
    15251,      142.810, 0.275,  0.016, 241,   0, 0
    15252,      142.816, 0.247, -1.243, 241,   0, 0
    15253,      142.823, 0.275, -0.011, 241,   0, 0
    15254,      142.828, 0.273, -0.095, 241,   0, 0
    15255,      142.834, 0.259, -0.738, 241,   0, 0
    15256,      142.841, 0.273, -0.093, 241,   0, 0
    15257,      142.850, 0.287,  0.488, 241,   0, 0
    15258,      142.858, 0.297,  0.959, 241,   0, 0
    15259,      142.864, 0.272, -0.204, 241,   0, 0
    15260,      142.871, 0.270, -0.299, 241,   0, 0
    15261,      142.899, 0.273, -0.135, 241,   0, 0
    15262,      142.907, 0.290,  0.633, 241,   0, 0
    15263,      142.913, 0.289,  0.556, 241,   0, 0
    15264,      142.919, 0.292,  0.680, 241,   0, 0
    15265,      142.925, 0.278,  0.008, 241,   0, 0
    15266,      142.930, 0.277, -0.021, 241,   0, 0
    15267,      142.938, 0.261, -0.773, 241,   0, 0
    15268,      142.944, 0.261, -0.784, 241,   0, 0
    15269,      142.950, 0.266, -0.562, 241,   0, 0
    15270,      142.959, 0.282,  0.176, 241,   0, 0
    15271,      142.998, 0.266, -0.588, 241,   0, 0
    15272,      143.005, 0.278, -0.016, 241,   0, 0
    15273,      143.013, 0.282,  0.178, 241,   0, 0
    15274,      143.022, 0.273, -0.262, 241,   0, 0
    15275,      143.030, 0.290,  0.569, 241,   0, 0
    15276,      143.037, 0.275, -0.167, 241,   0, 0
    15277,      143.045, 0.292,  0.640, 241,   0, 0
    15278,      143.052, 0.263, -0.767, 241,   0, 0
    15279,      143.059, 0.270, -0.402, 241,   0, 0
    15280,      143.066, 0.276, -0.113, 241,   0, 0
    15281,      143.107, 0.256, -1.105, 241,   0, 0
    15282,      143.113, 0.243, -1.786, 241,   0, 0
    15283,      143.119, 0.260, -0.927, 241,   0, 0
    15284,      143.125, 0.229, -2.403, 242,   1, 0
    15285,      143.136, 0.198, -3.787, 242,   2, 0
    15286,      143.149, 0.213, -2.861, 242,   3, 0
    15287,      143.162, 0.213, -2.753, 242,   4, 0
    15288,      143.176, 0.214, -2.644, 242,   5, 0
    15289,      143.189, 0.229, -1.976, 242,   0, 0
    15290,      143.195, 0.213, -2.567, 243,   1, 0
    15291,      143.233, 0.230, -1.837, 243,   0, 0
    15292,      143.242, 0.228, -1.872, 243,   0, 0
    15293,      143.249, 0.230, -1.758, 243,   0, 0
    15294,      143.256, 0.181, -3.556, 244,   1, 0
    15295,      143.266, 0.196, -2.848, 244,   2, 0
    15296,      143.279, 0.213, -2.129, 244,   3, 0
    15297,      143.290, 0.198, -2.603, 244,   4, 0
    15298,      143.301, 0.213, -2.021, 244,   5, 0
    15299,      143.312, 0.198, -2.491, 244,   6, 0
    15300,      143.323, 0.230, -1.395, 244,   0, 0
    15301,      143.352, 0.197, -2.420, 245,   1, 0
    15302,      143.365, 0.228, -1.385, 245,   0, 0
    15303,      143.371, 0.230, -1.307, 245,   0, 0
    15304,      143.377, 0.215, -1.749, 245,   0, 0
    15305,      143.383, 0.244, -0.803, 245,   0, 0
    15306,      143.389, 0.205, -2.009, 246,   1, 0
    15307,      143.399, 0.220, -1.505, 246,   0, 0
    15308,      143.407, 0.231, -1.130, 246,   0, 0
    15309,      143.415, 0.231, -1.114, 246,   0, 0
    15310,      143.421, 0.230, -1.151, 246,   0, 0
    15311,      143.458, 0.215, -1.568, 246,   0, 0
    15312,      143.464, 0.213, -1.596, 246,   0, 0
    15313,      143.473, 0.213, -1.572, 246,   0, 0
    15314,      143.481, 0.228, -1.125, 246,   0, 0
    15315,      143.487, 0.200, -1.901, 246,   0, 0
    15316,      143.493, 0.198, -1.903, 246,   0, 0
    15317,      143.501, 0.198, -1.858, 246,   0, 0
    15318,      143.507, 0.215, -1.374, 246,   0, 0
    15319,      143.513, 0.230, -0.945, 246,   0, 0
    15320,      143.519, 0.217, -1.280, 246,   0, 0
    15321,      143.548, 0.215, -1.335, 246,   0, 0
    15322,      143.555, 0.230, -0.914, 246,   0, 0
    15323,      143.561, 0.215, -1.300, 246,   0, 0
    15324,      143.567, 0.184, -2.084, 247,   1, 0
    15325,      143.578, 0.199, -1.647, 247,   0, 0
    15326,      143.585, 0.199, -1.613, 247,   0, 0
    15327,      143.597, 0.215, -1.184, 247,   0, 0
    15328,      143.603, 0.215, -1.157, 247,   0, 0
    15329,      143.610, 0.232, -0.701, 247,   0, 0
    15330,      143.616, 0.213, -1.179, 247,   0, 0
    15331,      143.644, 0.237, -0.548, 247,   0, 0
    15332,      143.650, 0.221, -0.943, 247,   0, 0
    15333,      143.657, 0.205, -1.339, 247,   0, 0
    15334,      143.664, 0.221, -0.906, 247,   0, 0
    15335,      143.670, 0.219, -0.960, 247,   0, 0
    15336,      143.676, 0.231, -0.625, 247,   0, 0
    15337,      143.683, 0.258,  0.133, 247,   0, 0
    15338,      143.691, 0.274,  0.557, 247,   0, 0
    15339,      143.698, 0.274,  0.557, 247,   0, 0
    15340,      143.709, 0.258,  0.146, 247,   0, 0
    15341,      143.739, 0.289,  1.022, 247,   0, 0
    15342,      143.746, 0.276,  0.662, 247,   0, 0
    15343,      143.753, 0.275,  0.631, 247,   0, 0
    15344,      143.759, 0.261,  0.260, 247,   0, 0
    15345,      143.766, 0.274,  0.639, 247,   0, 0
    15346,      143.772, 0.274,  0.662, 247,   0, 0
    15347,      143.778, 0.287,  1.048, 247,   0, 0
    15348,      143.785, 0.274,  0.686, 247,   0, 0
    15349,      143.792, 0.259,  0.251, 247,   0, 0
    15350,      143.798, 0.289,  1.176, 247,   0, 0
    15351,      143.829, 0.320,  2.152, 247,   0, 0
    15352,      143.838, 0.283,  1.017, 247,   0, 0
    15353,      143.847, 0.303,  1.619, 247,   0, 0
    15354,      143.853, 0.308,  1.761, 247,   0, 0
    15355,      143.860, 0.296,  1.409, 247,   0, 0
    15356,      143.867, 0.319,  2.089, 247,   0, 0
    15357,      143.874, 0.330,  2.396, 247,   0, 0
    15358,      143.880, 0.306,  1.639, 247,   0, 0
    15359,      143.887, 0.303,  1.538, 247,   0, 0
    15360,      143.894, 0.319,  1.965, 247,   0, 0
    15361,      143.924, 0.295,  1.253, 247,   0, 0
    15362,      143.930, 0.322,  2.017, 247,   0, 0
    15363,      143.937, 0.309,  1.637, 247,   0, 0
    15364,      143.944, 0.292,  1.130, 247,   0, 0
    15365,      143.952, 0.322,  1.961, 247,   0, 0
    15366,      143.960, 0.317,  1.800, 247,   0, 0
    15367,      143.969, 0.304,  1.393, 247,   0, 0
    15368,      143.976, 0.319,  1.791, 247,   0, 0
    15369,      143.983, 0.320,  1.789, 247,   0, 0
    15370,      143.990, 0.302,  1.271, 247,   0, 0
    15371,      144.026, 0.305,  1.330, 247,   0, 0
    15372,      144.033, 0.309,  1.430, 247,   0, 0
    15373,      144.040, 0.321,  1.696, 247,   0, 0
    15374,      144.047, 0.305,  1.268, 247,   0, 0
    15375,      144.055, 0.293,  0.951, 247,   0, 0
    15376,      144.068, 0.303,  1.184, 247,   0, 0
    15377,      144.077, 0.335,  1.974, 247,   0, 0
    15378,      144.085, 0.322,  1.623, 247,   0, 0
    15379,      144.092, 0.308,  1.261, 247,   0, 0
    15380,      144.099, 0.323,  1.628, 247,   0, 0
    15381,      144.128, 0.306,  1.188, 247,   0, 0
    15382,      144.135, 0.305,  1.138, 247,   0, 0
    15383,      144.142, 0.291,  0.806, 247,   0, 0
    15384,      144.149, 0.306,  1.170, 247,   0, 0
    15385,      144.156, 0.320,  1.480, 247,   0, 0
    15386,      144.162, 0.311,  1.248, 247,   0, 0
    15387,      144.170, 0.293,  0.811, 247,   0, 0
    15388,      144.178, 0.293,  0.802, 247,   0, 0
    15389,      144.184, 0.307,  1.133, 247,   0, 0
    15390,      144.192, 0.305,  1.074, 247,   0, 0
    15391,      144.224, 0.274,  0.330, 247,   0, 0
    15392,      144.230, 0.305,  1.057, 247,   0, 0
    15393,      144.237, 0.273,  0.313, 247,   0, 0
    15394,      144.245, 0.305,  1.050, 247,   0, 0
    15395,      144.252, 0.275,  0.351, 247,   0, 0
    15396,      144.259, 0.290,  0.694, 247,   0, 0
    15397,      144.266, 0.293,  0.757, 247,   0, 0
    15398,      144.273, 0.275,  0.351, 247,   0, 0
    15399,      144.279, 0.278,  0.424, 247,   0, 0
    15400,      144.289, 0.275,  0.347, 247,   0, 0
    15401,      144.319, 0.273,  0.303, 247,   0, 0
    15402,      144.326, 0.290,  0.682, 247,   0, 0
    15403,      144.332, 0.273,  0.290, 247,   0, 0
    15404,      144.340, 0.302,  0.947, 247,   0, 0
    15405,      144.347, 0.273,  0.273, 247,   0, 0
    15406,      144.354, 0.246, -0.371, 247,   0, 0
    15407,      144.361, 0.228, -0.785, 247,   0, 0
    15408,      144.367, 0.243, -0.442, 247,   0, 0
    15409,      144.374, 0.244, -0.436, 247,   0, 0
    15410,      144.381, 0.231, -0.735, 247,   0, 0
    15411,      144.410, 0.230, -0.784, 247,   0, 0
    15412,      144.418, 0.230, -0.784, 247,   0, 0
    15413,      144.426, 0.244, -0.442, 247,   0, 0
    15414,      144.433, 0.226, -0.870, 247,   0, 0
    15415,      144.440, 0.229, -0.830, 247,   0, 0
    15416,      144.446, 0.244, -0.471, 247,   0, 0
    15417,      144.453, 0.238, -0.627, 247,   0, 0
    15418,      144.460, 0.215, -1.214, 247,   0, 0
    15419,      144.467, 0.231, -0.808, 247,   0, 0
    15420,      144.475, 0.211, -1.329, 247,   0, 0
    15421,      144.506, 0.229, -0.876, 247,   0, 0
    15422,      144.513, 0.211, -1.317, 247,   0, 0
    15423,      144.521, 0.275,  0.266, 247,   0, 0
    15424,      144.530, 0.210, -1.347, 247,   0, 0
    15425,      144.538, 0.229, -0.875, 247,   0, 0
    15426,      144.545, 0.244, -0.508, 247,   0, 0
    15427,      144.552, 0.230, -0.881, 247,   0, 0
    15428,      144.559, 0.210, -1.362, 247,   0, 0
    15429,      144.566, 0.214, -1.264, 247,   0, 0
    15430,      144.573, 0.229, -0.892, 247,   0, 0
    15431,      144.606, 0.221, -1.075, 247,   0, 0
    15432,      144.612, 0.226, -0.957, 247,   0, 0
    15433,      144.619, 0.228, -0.905, 247,   0, 0
    15434,      144.626, 0.213, -1.292, 247,   0, 0
    15435,      144.633, 0.213, -1.290, 247,   0, 0
    15436,      144.640, 0.211, -1.336, 247,   0, 0
    15437,      144.649, 0.229, -0.908, 247,   0, 0
    15438,      144.657, 0.229, -0.922, 247,   0, 0
    15439,      144.664, 0.229, -0.928, 247,   0, 0
    15440,      144.671, 0.236, -0.740, 247,   0, 0
    15441,      144.702, 0.236, -0.748, 247,   0, 0
    15442,      144.708, 0.229, -0.947, 247,   0, 0
    15443,      144.715, 0.235, -0.785, 247,   0, 0
    15444,      144.722, 0.243, -0.581, 247,   0, 0
    15445,      144.730, 0.226, -1.059, 247,   0, 0
    15446,      144.737, 0.244, -0.610, 247,   0, 0
    15447,      144.744, 0.242, -0.678, 247,   0, 0
    15448,      144.750, 0.237, -0.816, 247,   0, 0
    15449,      144.759, 0.228, -1.063, 247,   0, 0
    15450,      144.767, 0.198, -1.859, 247,   0, 0
    15451,      144.799, 0.230, -1.011, 247,   0, 0
    15452,      144.807, 0.213, -1.453, 247,   0, 0
    15453,      144.813, 0.203, -1.722, 247,   0, 0
    15454,      144.819, 0.208, -1.588, 247,   0, 0
    15455,      144.827, 0.196, -1.889, 247,   0, 0
    15456,      144.833, 0.198, -1.807, 247,   0, 0
    15457,      144.840, 0.199, -1.764, 247,   0, 0
    15458,      144.846, 0.243, -0.587, 247,   0, 0
    15459,      144.853, 0.273,  0.176, 247,   0, 0
    15460,      144.859, 0.292,  0.669, 247,   0, 0
    15461,      144.891, 0.292,  0.661, 247,   0, 0
    15462,      144.899, 0.289,  0.583, 247,   0, 0
    15463,      144.907, 0.290,  0.619, 247,   0, 0
    15464,      144.913, 0.280,  0.356, 247,   0, 0
    15465,      144.919, 0.309,  1.087, 247,   0, 0
    15466,      144.926, 0.289,  0.565, 247,   0, 0
    15467,      144.932, 0.313,  1.158, 247,   0, 0
    15468,      144.938, 0.313,  1.155, 247,   0, 0
    15469,      144.944, 0.303,  0.903, 247,   0, 0
    15470,      144.951, 0.289,  0.528, 247,   0, 0
    15471,      144.982, 0.317,  1.233, 247,   0, 0
    15472,      144.988, 0.294,  0.650, 247,   0, 0
    15473,      144.994, 0.294,  0.661, 247,   0, 0
    15474,      145.001, 0.295,  0.693, 247,   0, 0
    15475,      145.013, 0.289,  0.532, 247,   0, 0
    15476,      145.022, 0.289,  0.534, 247,   0, 0
    15477,      145.028, 0.272,  0.127, 247,   0, 0
    15478,      145.035, 0.272,  0.140, 247,   0, 0
    15479,      145.042, 0.314,  1.208, 247,   0, 0
    15480,      145.048, 0.289,  0.562, 247,   0, 0
    15481,      145.078, 0.274,  0.198, 247,   0, 0
    15482,      145.085, 0.289,  0.584, 247,   0, 0
    15483,      145.093, 0.289,  0.595, 247,   0, 0
    15484,      145.099, 0.272,  0.155, 247,   0, 0
    15485,      145.105, 0.265, -0.014, 247,   0, 0
    15486,      145.111, 0.265, -0.002, 247,   0, 0
    15487,      145.118, 0.265,  0.010, 247,   0, 0
    15488,      145.126, 0.286,  0.584, 247,   0, 0
    15489,      145.132, 0.259, -0.146, 247,   0, 0
    15490,      145.140, 0.253, -0.299, 247,   0, 0
    15491,      145.170, 0.259, -0.111, 247,   0, 0
    15492,      145.176, 0.250, -0.349, 247,   0, 0
    15493,      145.183, 0.259, -0.088, 247,   0, 0
    15494,      145.190, 0.269,  0.189, 247,   0, 0
    15495,      145.196, 0.215, -1.319, 247,   0, 0
    15496,      145.203, 0.229, -0.888, 247,   0, 0
    15497,      145.209, 0.230, -0.868, 247,   0, 0
    15498,      145.217, 0.215, -1.277, 247,   0, 0
    15499,      145.223, 0.217, -1.192, 247,   0, 0
    15500,      145.230, 0.229, -0.822, 247,   0, 0
    15501,      145.260, 0.230, -0.805, 247,   0, 0
    15502,      145.268, 0.199, -1.690, 247,   0, 0
    15503,      145.277, 0.199, -1.659, 247,   0, 0
    15504,      145.283, 0.207, -1.387, 247,   0, 0
    15505,      145.290, 0.232, -0.642, 247,   0, 0
    15506,      145.297, 0.213, -1.192, 247,   0, 0
    15507,      145.303, 0.230, -0.667, 247,   0, 0
    15508,      145.309, 0.228, -0.726, 247,   0, 0
    15509,      145.316, 0.187, -1.925, 247,   0, 0
    15510,      145.323, 0.184, -1.978, 247,   0, 0
    15511,      145.350, 0.187, -1.868, 247,   0, 0
    15512,      145.357, 0.187, -1.824, 247,   0, 0
    15513,      145.363, 0.184, -1.862, 247,   0, 0
    15514,      145.370, 0.200, -1.366, 247,   0, 0
    15515,      145.377, 0.197, -1.420, 247,   0, 0
    15516,      145.385, 0.215, -0.894, 247,   0, 0
    15517,      145.394, 0.199, -1.333, 247,   0, 0
    15518,      145.402, 0.184, -1.756, 247,   0, 0
    15519,      145.409, 0.197, -1.351, 247,   0, 0
    15520,      145.415, 0.184, -1.677, 247,   0, 0
    15521,      145.447, 0.182, -1.715, 247,   0, 0
    15522,      145.453, 0.208, -0.937, 247,   0, 0
    15523,      145.461, 0.184, -1.599, 247,   0, 0
    15524,      145.468, 0.190, -1.407, 247,   0, 0
    15525,      145.475, 0.203, -1.016, 247,   0, 0
    15526,      145.481, 0.212, -0.739, 247,   0, 0
    15527,      145.488, 0.219, -0.547, 247,   0, 0
    15528,      145.496, 0.213, -0.701, 247,   0, 0
    15529,      145.503, 0.221, -0.465, 247,   0, 0
    15530,      145.509, 0.187, -1.412, 247,   0, 0
    15531,      145.539, 0.187, -1.390, 247,   0, 0
    15532,      145.547, 0.187, -1.370, 247,   0, 0
    15533,      145.553, 0.190, -1.280, 247,   0, 0
    15534,      145.560, 0.219, -0.474, 247,   0, 0
    15535,      145.566, 0.203, -0.899, 247,   0, 0
    15536,      145.573, 0.187, -1.316, 247,   0, 0
    15537,      145.580, 0.220, -0.395, 247,   0, 0
    15538,      145.587, 0.228, -0.195, 247,   0, 0
    15539,      145.594, 0.193, -1.145, 247,   0, 0
    15540,      145.600, 0.193, -1.114, 247,   0, 0
    15541,      145.633, 0.187, -1.272, 247,   0, 0
    15542,      145.641, 0.184, -1.347, 247,   0, 0
    15543,      145.649, 0.197, -0.995, 247,   0, 0
    15544,      145.657, 0.187, -1.223, 247,   0, 0
    15545,      145.664, 0.193, -1.051, 247,   0, 0
    15546,      145.671, 0.184, -1.292, 247,   0, 0
    15547,      145.677, 0.182, -1.322, 247,   0, 0
    15548,      145.683, 0.182, -1.302, 247,   0, 0
    15549,      145.690, 0.178, -1.381, 247,   0, 0
    15550,      145.696, 0.184, -1.207, 247,   0, 0
    15551,      145.730, 0.184, -1.190, 247,   0, 0
    15552,      145.737, 0.179, -1.319, 247,   0, 0
    15553,      145.743, 0.184, -1.172, 247,   0, 0
    15554,      145.750, 0.197, -0.815, 247,   0, 0
    15555,      145.758, 0.198, -0.783, 247,   0, 0
    15556,      145.767, 0.201, -0.705, 247,   0, 0
    15557,      145.773, 0.184, -1.128, 247,   0, 0
    15558,      145.781, 0.184, -1.113, 247,   0, 0
    15559,      145.787, 0.184, -1.112, 247,   0, 0
    15560,      145.793, 0.182, -1.149, 247,   0, 0
    15561,      145.822, 0.199, -0.707, 247,   0, 0
    15562,      145.828, 0.184, -1.057, 247,   0, 0
    15563,      145.834, 0.199, -0.686, 247,   0, 0
    15564,      145.841, 0.191, -0.879, 247,   0, 0
    15565,      145.847, 0.212, -0.350, 247,   0, 0
    15566,      145.853, 0.184, -1.017, 247,   0, 0
    15567,      145.859, 0.184, -1.002, 247,   0, 0
    15568,      145.865, 0.181, -1.065, 247,   0, 0
    15569,      145.875, 0.199, -0.621, 247,   0, 0
    15570,      145.881, 0.184, -0.964, 247,   0, 0
    15571,      145.912, 0.184, -0.959, 247,   0, 0
    15572,      145.920, 0.179, -1.080, 247,   0, 0
    15573,      145.927, 0.199, -0.589, 247,   0, 0
    15574,      145.935, 0.214, -0.235, 247,   0, 0
    15575,      145.943, 0.199, -0.590, 247,   0, 0
    15576,      145.950, 0.182, -0.997, 247,   0, 0
    15577,      145.957, 0.212, -0.278, 247,   0, 0
    15578,      145.965, 0.184, -0.935, 247,   0, 0
    15579,      145.970, 0.208, -0.377, 247,   0, 0
    15580,      145.978, 0.214, -0.212, 247,   0, 0
    15581,      146.008, 0.193, -0.705, 247,   0, 0
    15582,      146.017, 0.187, -0.839, 247,   0, 0
    15583,      146.025, 0.193, -0.677, 247,   0, 0
    15584,      146.033, 0.179, -1.011, 247,   0, 0
    15585,      146.044, 0.179, -0.995, 247,   0, 0
    15586,      146.052, 0.198, -0.488, 247,   0, 0
    15587,      146.062, 0.193, -0.605, 247,   0, 0
    15588,      146.068, 0.193, -0.593, 247,   0, 0
    15589,      146.077, 0.214, -0.031, 247,   0, 0
    15590,      146.087, 0.199, -0.422, 247,   0, 0
    15591,      146.118, 0.184, -0.818, 247,   0, 0
    15592,      146.127, 0.214,  0.041, 247,   0, 0
    15593,      146.134, 0.199, -0.380, 247,   0, 0
    15594,      146.140, 0.199, -0.365, 247,   0, 0
    15595,      146.146, 0.197, -0.429, 247,   0, 0
    15596,      146.152, 0.196, -0.438, 247,   0, 0
    15597,      146.158, 0.197, -0.401, 247,   0, 0
    15598,      146.164, 0.193, -0.491, 247,   0, 0
    15599,      146.170, 0.199, -0.287, 247,   0, 0
    15600,      146.176, 0.184, -0.798, 247,   0, 0
    15601,      146.205, 0.195, -0.385, 247,   0, 0
    15602,      146.212, 0.191, -0.553, 247,   0, 0
    15603,      146.218, 0.223,  0.765, 247,   0, 0
    15604,      146.224, 0.209,  0.221, 247,   0, 0
    15605,      146.230, 0.212,  0.390, 247,   0, 0
    15606,      146.244, 0.205,  0.123, 247,   0, 0
    15607,      146.250, 0.214,  0.559, 247,   0, 0
    15608,      146.257, 0.184, -0.837, 247,   0, 0
    15609,      146.262, 0.184, -0.863, 247,   0, 0
    15610,      146.268, 0.223,  1.225, 247,   0, 0
    15611,      146.297, 0.222,  1.211, 247,   0, 0
    15612,      146.303, 0.223,  1.343, 247,   0, 0
    15613,      146.310, 0.200,  0.026, 247,   0, 0
    15614,      146.315, 0.215,  0.991, 247,   0, 0
    15615,      146.323, 0.184, -0.960, 247,   0, 0
    15616,      146.328, 0.192, -0.412, 247,   0, 0
    15617,      146.335, 0.184, -0.940, 247,   0, 0
    15618,      146.341, 0.200,  0.162, 247,   0, 0
    15619,      146.350, 0.212,  1.030, 247,   0, 0
    15620,      146.359, 0.212,  1.037, 247,   0, 0
    15621,      146.391, 0.198,  0.085, 247,   0, 0
    15622,      146.398, 0.198,  0.094, 247,   0, 0
    15623,      146.404, 0.200,  0.213, 247,   0, 0
    15624,      146.410, 0.230,  2.399, 247,   0, 0
    15625,      146.415, 0.200,  0.184, 247,   0, 0
    15626,      146.422, 0.215,  1.330, 247,   0, 0
    15627,      146.429, 0.192, -0.353, 247,   0, 0
    15628,      146.435, 0.212,  1.172, 247,   0, 0
    15629,      146.442, 0.187, -0.711, 247,   0, 0
    15630,      146.448, 0.200,  0.263, 247,   0, 0
    15631,      146.480, 0.184, -0.955, 247,   0, 0
    15632,      146.488, 0.200,  0.231, 247,   0, 0
    15633,      146.495, 0.215,  1.409, 247,   0, 0
    15634,      146.503, 0.212,  1.166, 247,   0, 0
    15635,      146.509, 0.213,  1.221, 247,   0, 0
    15636,      146.515, 0.200,  0.206, 247,   0, 0
    15637,      146.523, 0.212,  1.153, 247,   0, 0
    15638,      146.531, 0.185, -0.971, 247,   0, 0
    15639,      146.539, 0.197, -0.055, 247,   0, 0
    15640,      146.545, 0.182, -1.180, 247,   0, 0
    15641,      146.575, 0.205,  0.632, 247,   0, 0
    15642,      146.581, 0.221,  1.816, 247,   0, 0
    15643,      146.587, 0.205,  0.602, 247,   0, 0
    15644,      146.594, 0.212,  1.097, 247,   0, 0
    15645,      146.601, 0.182, -1.218, 247,   0, 0
    15646,      146.609, 0.184, -1.019, 247,   0, 0
    15647,      146.616, 0.205,  0.605, 247,   0, 0
    15648,      146.623, 0.205,  0.619, 247,   0, 0
    15649,      146.629, 0.190, -0.569, 247,   0, 0
    15650,      146.636, 0.215,  1.364, 247,   0, 0
    15651,      146.664, 0.200,  0.206, 247,   0, 0
    15652,      146.670, 0.184, -1.050, 247,   0, 0
    15653,      146.677, 0.199,  0.132, 247,   0, 0
    15654,      146.684, 0.184, -1.010, 247,   0, 0
    15655,      146.692, 0.215,  1.361, 247,   0, 0
    15656,      146.699, 0.184, -0.995, 247,   0, 0
    15657,      146.705, 0.184, -0.992, 247,   0, 0
    15658,      146.713, 0.184, -1.021, 247,   0, 0
    15659,      146.723, 0.215,  1.438, 247,   0, 0
